 1 1800        2     8125 7684 7260 6972 6824 6855 7037 7090 7454 7874 8292 8600
 1 1800        2     8557 8296 7991 7969 8899 9936 9950 9886 9665 9281 8539 7763
 1 2800        3     7302 7094 6988 6960 7071 7656 94381142112177124441257912488
 1 2800        3    1214812073118361171512616133411287012414119271121210292 9131
 1 3800        4     8379 7964 7831 7757 7867 8403100061181012424126191264212497
 1 3800        4    1216112125118601180312757136641333612969125611183810813 9757
 1 4800        5     9005 8639 8468 8423 8526 9044107041251113116132531318112927
 1 4800        5    1250812426121981212812909135231311412584121241144110617 9694
 1 5800        6     8860 8333 8060 7937 7893 8051 8521 934510314112041162311673
 1 5800        6    11449111581084410740114271225611949114861102110462 9863 9371
 1 6800        7     8516 8061 7811 7685 7677 7843 8174 8530 9151 9701 998410192
 1 6800        7    10120 9756 9402 9322101671119211233110211075210326 9726 9055
 1 7800        1     8417 8128 7980 7924 7975 8516102021228713030131301334213244
 1 7800        1    1300112976127801278313446136261309012581120391125610236 9127
 1 8800        2     8329 7913 7728 7649 7735 8235 98991170012375124971252512401
 1 8800        2    1203811980117771170812538134671306512660122241153510497 9423
 1 9800        3     8676 8355 8180 8090 8177 8726103631226412936132191326713205
 1 9800        3    1286812952126971253113152138131349313035125321184310797 9714
 110800        4     8961 8592 8414 8321 8440 9010106871255813131131931315312891
 110800        4    1248212386121091204112836137551346613055126331187610720 9583
 111800        5     8829 8441 8249 8108 8130 8604101991204212696128741294012759
 111800        5    12390122871201911854124081269812226116181105110256 9380 8471
 112800        6     7648 7089 6774 6562 6528 6672 7219 8055 9147100331052810684
 112800        6    1043110179 9960 9943107201186811681111571075110221 9562 8880
 113800        7     8342 7879 7595 7460 7425 7495 7781 8042 8716 9311 9658 9845
 113800        7     9830 9505 9183 9142 980410777107441055810250 9898 9221 8392
 114800        1     7888 7614 7441 7342 7447 8031 96551169612478127591286412847
 114800        1    12487124261212911995126481316912650120701152510762 9711 8654
 115800        2     7876 7471 7249 7106 7127 7604 89301073611491119151222212213
 115800        2    11966119631178111712123791290412554120381158810937 9953 8972
 116800        3     8154 7797 7632 7518 7604 8189 99301174812394125501256212365
 116800        3    1196311989117411167012316132401291212441119761132410217 9192
 117800        4     8464 8093 7902 7808 7873 8404101191197912625128501293512827
 117800        4    1246412558124481222812697134011313712629121061132310208 8568
 118800        5     8321 7910 7661 7542 7579 8047 96741153412206124471251812337
 118800        5    11950119371168111499119571270512222116901119010519 9657 8739
 119800        6     7948 7437 7172 6981 6942 7110 7532 8385 9356102061056410629
 119800        6    10317 9979 9611 948510053109991079410323 9820 9361 8807 8138
 120800        7     7549 7131 6818 6675 6614 6644 6908 7246 7973 8591 9088 9376
 120800        7     9437 9194 8841 8760 931110444105051029710079 9726 9193 8412
 121800        1     7858 7631 7510 7484 7646 8290100851197812803129921314813060
 121800        1    1274612638123161217412785137601343012996124701171310743 9618
 122800        2     8871 8504 8358 8287 8366 8901105531230413033131991315213030
 122800        2    1279212844126561262413290137691326212770121891139310247 9109
 123800        3     8337 7967 7705 7622 7722 8251 99021176012464126461275512638
 123800        3    1235812352120841205412633133431303812594121461150410518 9512
 124800        4     8807 8474 8334 8309 8463 9017108351265313328135581361913531
 124800        4    132031319912958127861334014246140671368213245124841143110334
 125800        5     9570 9201 9007 8920 8977 9511111311286613388134641344313208
 125800        5    1282412726125241237412738134971325312764122821159210749 9824
 126800        6     9080 8653 8414 8290 8284 8458 8963 967710591112111147811401
 126800        6    10995105871018110039105471171611714112241078610262 9655 9033
 127800        7     8441 7992 7739 7592 7520 7609 7827 8074 8732 9268 9546 9721
 127800        7     9602 9212 8796 8687 922710356106661049410262 9820 9187 8450
 128800        1     7962 7769 7639 7625 7739 8309101751209812798130211302912893
 128800        1    1256912516122761211512620135721330012881123891167910591 9490
 129800        2     8775 8417 8292 8207 8290 8849105401238512923129771293712799
 129800        2    1246412533123641228812818136991344513042125971190110947 9868
 130800        3     9150 8860 8744 8709 8822 9468112781300813611137721373213626
 130800        3    131931310412775126141310814105139551360213176125221143710347
 131800        4     9639 9296 9141 9078 9209 9615114271328813884140921416214004
 131800        4    135591346313188129791343414305141931383013383127861166110010
 2 1800        5     9932 9589 9440 9335 9430 9970115791331013901139821390613657
 2 1800        5    132051311212749125341281713716137421332512861121741131310528
 2 2800        6     9739 9298 9065 8900 8894 9060 94851025811185118421210212000
 2 2800        6    1153011129107721053611117122311247711900115221100410397 9685
 2 3800        7     9126 8742 8474 8349 8303 8342 8537 8818 9486100331031210476
 2 3800        7    10388 9959 9545 9385 98601098411289111991091910553 9844 9120
 2 4800        1     8621 8425 8367 8352 8494 9152109091275513486136641362713432
 2 4800        1    1299012869124931229512734136471356013210127551208511105 9919
 2 5800        2     9219 8951 8765 8704 8823 9419110921294613481135321347513232
 2 5800        2    128401279312482123081270113647136461331112881121901118710093
 2 6800        3     9352 9072 8927 8875 9001 9598113141296413513135261342213118
 2 6800        3    1269312569123431224012755135691339913023125221182510773 9683
 2 7800        4     8898 8544 8422 8295 8402 8885106131254613323134931363413553
 2 7800        4    1331213298130161284813187138281363213192127251197910877 9762
 2 8800        5     9046 8720 8595 8494 8541 9105107891248813095131421304012797
 2 8800        5    1235412278118581154811766126701277212323119331128210494 9629
 2 9800        6     8784 8447 8180 8091 8110 8316 8796 954210479110581125711042
 2 9800        6    1056810142 9821 9690100631112911369109461052210032 9436 8834
 210800        7     8277 7902 7640 7509 7522 7589 7854 8137 8809 9328 9584 9793
 210800        7     9696 9295 8894 8753 91281025710799105701042310028 9341 8662
 211800        1     8129 7975 7888 7913 8034 8749104731234713075131971321213011
 211800        1    1256812433121351194212279131331316912798122761153510571 9411
 212800        2     8683 8316 8165 8035 8155 8748102791195312581127531280812607
 212800        2    1221512220120061190012289131161314312798123691158710652 9591
 213800        3     8846 8495 8322 8245 8438 8996106411234012869128991288212655
 213800        3    1225712188119121176912089129311309612756124161170010719 9710
 214800        4     8961 8577 8385 8301 8317 8866104281218012818128621277312505
 214800        4    1211612090118911180412056127241287912517121401138710495 9386
 215800        5     8623 8222 8051 7978 8072 8625101861193412636128101276812540
 215800        5    1208912000117071151611565123241258712185116901107610293 9364
 216800        6     8575 8106 7867 7687 7693 7847 8324 906110136109771141911546
 216800        6    11315110881076910569107291144311709112581083910279 9635 8992
 217800        7     8442 8065 7896 7774 7709 7858 8011 8340 8907 9380 9648 9836
 217800        7     9765 9443 9145 9008 93491028810967107551044910190 9667 8978
 218800        1     8457 8204 8074 8027 8137 8485 92131032111181116861186711757
 218800        1    1135210987106721046210883117521219011841114291091410110 9177
 219800        2     8565 8264 8171 8120 8198 8771100841176012491127401269012543
 219800        2    1204411928116261139311683123801262312218117231109710208 9121
 220800        3     8365 8052 7916 7844 7954 8472 97911133912069122611224312036
 220800        3    1160111471112161099011260119691230511909115351094410082 9100
 221800        4     8222 7841 7642 7528 7588 8109 93841105912007123881252212304
 221800        4    1181711684113991117311370119951231811964115511094810053 9080
 222800        5     8319 8051 7820 7823 7915 8407 96891138212436129181315013202
 222800        5    1295612917126811247412653129641298412468119141115510292 9338
 223800        6     8525 8048 7793 7591 7558 7672 8028 8704 9568102021047210478
 223800        6    10136 9780 9466 9252 9449102631077010417 9985 9528 8934 8363
 224800        7     7723 7279 6986 6829 6776 6845 6997 7356 8135 8805 9187 9530
 224800        7     9467 9035 8928 8745 8949 95411018510003 9726 9410 8751 8119
 225800        1     7536 7228 7136 7102 7236 7855 95321148112336124781247812308
 225800        1    1189711825115471132411545121821253312235118341116410168 9125
 226800        2     8377 8033 7869 7806 7926 8496100141200112770129561289212858
 226800        2    124271251912275121501250713184137481347113023123541136510199
 227800        3     9583 9215 9078 9014 9094 9629112061285813439136891366313476
 227800        3    1317713151129531269112995134271355313175127111201210949 9829
 228800        4     9145 8770 8600 8495 8613 9159108281234613013131421316213000
 228800        4    126321266012386122511252413047135321320912830121501101310014
 229800        5     9395 9076 8970 8926 9070 9680111511294213618138581389513698
 229800        5    133971327912959127021284513312139591362513163125461177010860
 3 1800        6    10121 9707 9467 9372 9370 9535 98901066011587121991242912194
 3 1800        6    1166911253107951062410941117471213111761113611092010269 9681
 3 2800        7     9025 8651 8401 8346 8341 8421 8568 9004 9671102261050910633
 3 2800        7    1054110035 9609 9327 94831026411173111391101610638 9962 9240
 3 3800        1     8773 8655 8552 8564 8679 9317109721282713492136241359613322
 3 3800        1    1286112727122591198512175126241316512924124391176210755 9683
 3 4800        2     8978 8691 8610 8549 8611 9176106011233412772127001263812456
 3 4800        2    1193911801114631126411522119541257512270118961134310213 9195
 3 5800        3     8418 8090 7905 7833 7889 8334 99551182412604127311278512764
 3 5800        3    12411124791228412186124131259412735123621182711068 9975 8875
 3 6800        4     8082 7702 7455 7381 7487 8101 95791136112082122251225112096
 3 6800        4    1172811709114051116411288117271249812330119881131810261 9187
 3 7800        5     8463 8104 7922 7785 7834 8317 98491172512463125921255112338
 3 7800        5    11811116801128110957110721157411953115681110310443 9732 8726
 3 8800        6     7902 7502 7259 7086 7067 7215 7578 8432 9542103951079710885
 3 8800        6    1057410364101221002910282107061080510333 9842 9310 8647 8067
 3 9800        7     7457 6999 6712 6506 6483 6566 6604 7041 7808 8473 8925 9100
 3 9800        7     9010 8564 8141 7956 8127 8692 9809 9803 9704 9313 8657 7952
 310800        1     7516 7293 7226 7216 7348 7998 95671143012077122401223512038
 310800        1    11656115991132511170114801177412270119381148410786 9756 8663
 311800        2     7947 7577 7342 7225 7274 7780 92701113412045123891247012438
 311800        2    1215112226120081181112135124771302612773123181163410605 9578
 312800        3     8867 8654 8473 8403 8557 9124105321230412883130471312312998
 312800        3    1267912644123761209112310125911327613057126931198110958 9897
 313800        4     9161 8840 8649 8595 8709 9284106821230812938129291288512633
 313800        4    1227812314121331204712371127621315212782123611164510568 9509
 314800        5     8798 8464 8219 8083 8085 8588 97031130812171126591295312968
 314800        5    1266412490121971192912025121621250212165117191107010244 9371
 315800        6     8654 8234 7911 7776 7752 7886 8153 9003 9977106521088610861
 315800        6    1045910081 9767 9603 97681032311206110421070510277 9678 9023
 316800        7     8495 8141 7858 7752 7730 7756 7770 8141 8762 9209 9396 9514
 316800        7     9345 8916 8461 8217 8344 8843 991510035 9870 9496 8799 8106
 317800        1     7643 7386 7280 7216 7345 7896 95021131512097122251221112051
 317800        1    11683116641147011385117051206212174117981129510525 9472 8383
 318800        2     7711 7354 7113 6986 7000 7499 89871079511678119941220012170
 318800        2    1185111751114401119411405116261226212148117221104210008 8892
 319800        3     8295 7920 7744 7671 7739 8263 96951139412007121451213611941
 319800        3    11529114451112410841108971112911812117311135110721 9776 8741
 320800        4     8071 7668 7482 7403 7481 8034 93791109011659117611168911472
 320800        4    11037110631079310563106871093811610115291106710388 9404 8343
 321800        5     7631 7225 7023 6933 7001 7505 89701096111857122261237812324
 321800        5    12073120791191311749119881207412117116721113310430 9689 8674
 322800        6     7949 7500 7223 7087 7057 7239 7617 8613 9687105201088810922
 322800        6    1056810222 9813 9463 9384 96521042510290 9853 9316 8757 7992
 323800        7     7513 7065 6789 6600 6540 6549 6523 6971 7590 8136 8357 8489
 323800        7     8345 7932 7562 7373 7539 7926 9013 9090 9073 8699 8092 7419
 324800        1     6949 6759 6676 6682 6808 7309 88491073211465116701163711426
 324800        1    11038110301080310587108431112511603114271103510344 9355 8260
 325800        2     7575 7232 7079 7015 7095 7635 91361111311925122071224112229
 325800        2    11932119551171911545117991190412187119381148110725 9694 8622
 326800        3     7841 7484 7291 7207 7276 7771 91821103911710118251186611776
 326800        3    11496114601136611203115001170912042117791138110681 9620 8544
 327800        4     7829 7472 7272 7195 7268 7714 91581104211839119781194011758
 327800        4    11359113531109110862109321102811604115781129110642 9581 8601
 328800        5     7866 7556 7353 7272 7324 7762 91491089711522115691150611227
 328800        5    108841093710576102931034910572111441099210615 9933 9173 8238
 329800        6     7518 7080 6788 6644 6591 6707 6970 7998 9009 9640 9885 9811
 329800        6     9435 9115 8886 8843 9113 9534 9966 9760 9317 8842 8200 7559
 330800        7     7008 6595 6297 6107 6074 6043 6112 6700 7519 8179 8521 8790
 330800        7     8821 8568 8296 8176 8355 8639 9307 9411 9264 8815 8096 7460
 331800        1     7067 6832 6706 6680 6815 7382 91131120312027122611232312295
 331800        1    11938119441166911445116731187712155120011161210742 9719 8740
 4 1800        2     7960 7579 7383 7316 7409 7829 91971095011552116251157911380
 4 1800        2    11009109801065710379104701060111195113711103310381 9389 8356
 4 2800        3     7644 7294 7129 7072 7130 7588 90591097011754119971202911883
 4 2800        3    11641116861150911431116171160511849118011137710675 9628 8506
 4 3800        4     7778 7455 7224 7115 7176 7526 89901066511335114521136811135
 4 3800        4    107241069910402100831003510149107291091010596 9972 8995 8028
 4 4800        5     7234 6827 6577 6457 6457 6734 7641 907710270108521108811118
 4 4800        5    1085810620103011002810178103601063810387 9976 9358 8614 7733
 4 5800        6     7085 6660 6446 6308 6253 6273 6590 7480 8535 9248 9470 9460
 4 5800        6     9140 8817 8522 8359 8498 8746 9350 9574 9288 8902 8264 7602
 4 6800        7     6946 6496 6227 6108 6016 5947 6106 6687 7334 7579 7675 7689
 4 6800        7     7497 7040 6670 6438 6426 6579 7486 8190 8260 7967 7394 6823
 4 7800        1     6393 6204 6168 6137 6284 6701 82721022411079113721139411287
 4 7800        1    10935109191062110356104661055411032112801085210165 9050 8038
 4 8800        2     7348 6989 6806 6722 6738 7179 87011067911455116621180411679
 4 8800        2    11384114121108110868109951100811317113921101410181 9120 8098
 4 9800        3     7204 6778 6552 6635 6705 7332 85471051911326115481157511517
 4 9800        3    11229112791126011233113961141511539114101095710177 9111 7929
 410800        4     7375 6944 6687 6607 6620 7043 84711039311285116051177511702
 410800        4    11397114571126411040111981123011379113251090510124 9131 8161
 411800        5     7241 6849 6646 6535 6566 6917 83201015410893111401116410996
 411800        5    10702106561040410060 9918 9844102691050510190 9534 8743 7888
 412800        6     7181 6735 6461 6242 6236 6229 6622 7586 8539 9125 9319 9215
 412800        6     8815 8461 8136 8028 8319 8766 9214 9185 8827 8285 7669 7060
 413800        7     6445 6030 5749 5554 5538 5345 5564 6061 6854 7435 7679 7823
 413800        7     7747 7370 7025 6905 7095 7424 8152 8715 8574 8141 7495 6774
 414800        1     6326 6055 5946 5888 5985 6366 80241014311157114611166311642
 414800        1    11423114561127211174114911157611633114751099810230 9237 8176
 415800        2     7437 6924 6694 6533 6524 6936 82821021411042113351135611230
 415800        2    109101084310615103631043610426106561089210532 9809 8859 7854
 416800        3     7093 6698 6529 6402 6495 6774 83191028411137114061148111402
 416800        3    11077111831096010812110471116311359115371117710559 9608 8511
 417800        4     7848 7483 7300 7237 7289 7656 89931079211539117121175411499
 417800        4    10983110131065810369103481028710629111701082610163 9181 8206
 418800        5     7562 7215 7049 6976 7008 7302 87271052711313114191140711140
 418800        5    107991079710489101771012110123103841061110240 9659 8813 7945
 419800        6     7243 6849 6625 6546 6429 6370 6747 7566 8384 8890 8957 8741
 419800        6     8347 8017 7727 7560 7701 7948 8423 8908 8701 8176 7577 6985
 420800        7     6414 6110 5868 5742 5613 5470 5668 6114 6783 7238 7398 7479
 420800        7     7384 7067 6832 6761 7021 7396 7954 8350 8174 7731 7166 6523
 421800        1     6053 5817 5652 5622 5654 5851 6967 8625 9624101361025610199
 421800        1     9884 9805 9594 9393 9523 9515 965710175 9897 9237 8380 7474
 422800        2     6800 6497 6344 6260 6332 6697 7966 976810682109661111211098
 422800        2    10839109111067110440106011057710678110551075710084 9051 8132
 423800        3     7397 7043 6845 6717 6737 7006 82951014511071113621150111431
 423800        3    110561101810787105441060510509105201085210510 9853 8862 7911
 424800        4     7022 6657 6585 6484 6518 6743 8030 980910740110291116411039
 424800        4    106591066310410101081009110006101831065110388 9704 8748 7784
 425800        5     7063 6700 6477 6343 6369 6630 7878 965310574109151099710884
 425800        5    105661052710453100701006910033101831035910011 9375 8558 7653
 426800        6     6933 6482 6218 6034 5968 5912 6321 7251 8234 8906 9131 9066
 426800        6     8730 8417 8114 7925 8169 8444 8644 8949 8685 8187 7579 6927
 427800        7     6382 5958 5862 5750 5602 5526 5417 5747 6332 6988 7450 7734
 427800        7     7856 7715 7453 7332 7496 7783 8001 8211 8597 8265 7639 6852
 428800        1     6333 6070 5910 5859 5932 6395 78681016311067116121191811954
 428800        1    11753117611160411449116491155711157109871095710409 9391 8245
 429800        2     7489 7083 6871 6704 6753 7180 85421054911525118101195611880
 429800        2    11605116211137511107112641120010853107651089510365 9307 8250
 430800        3     7412 7005 6792 6656 6658 7025 83631040411253114661151111356
 430800        3    109891097710683104131038510188 9875 990010382 9915 8992 7880
 5 1800        4     7091 6680 6414 6276 6336 6739 80501004010969112571136911304
 5 1800        4    110861101710793105541057410483102411020410542 9997 8992 7889
 5 2800        5     7110 6710 6479 6352 6354 6735 8023 991410786110161105010963
 5 2800        5    105701056610330 9966 9754 9543 9271 9227 9777 9408 8585 7654
 5 3800        6     6900 6467 6208 6019 6001 5998 6258 7172 8043 8607 8777 8640
 5 3800        6     8272 7946 7689 7571 7711 7868 7862 7912 8382 8087 7505 6794
 5 4800        7     6175 5775 5481 5309 5219 5110 5159 5688 6463 7044 7364 7487
 5 4800        7     7396 7143 6851 6736 6915 6995 7100 7315 8160 8014 7362 6540
 5 5800        1     6037 5836 5678 5609 5647 6130 7581 971310655109541105610974
 5 5800        1    107231080410602103371032910147 9698 956410134 9727 8722 7572
 5 6800        2     6786 6445 6182 6089 6099 6463 7774 974910572107621083410807
 5 6800        2    105811073210565103261038410241 9911 983510257 9717 8684 7582
 5 7800        3     6840 6459 6251 6101 6121 6526 79901005010957112261139911346
 5 7800        3    110211103210838106251069310547101871011710439 9910 8895 7815
 5 8800        4     7042 6681 6405 6302 6335 6745 81411019411121114341156811555
 5 8800        4    112891135811088108221085110683103051014710368 9988 9022 7857
 5 9800        5     7103 6708 6458 6362 6373 6741 8110 997310766109881103810945
 5 9800        5    10591105801029310036 9839 9615 9290 9150 9642 9362 8627 7670
 510800        6     6900 6468 6217 6062 6017 6018 6310 7177 8143 8668 8832 8687
 510800        6     8375 7997 7679 7521 7575 7742 7652 7665 8206 8076 7524 6822
 511800        7     6261 5863 5572 5419 5307 5196 5291 5788 6569 7155 7422 7534
 511800        7     7537 7329 7142 7044 7114 7176 7262 7513 8076 7975 7314 6536
 512800        1     6036 5801 5645 5559 5626 6012 7497 961410646110591127411192
 512800        1    109551095610788105121047610220 9778 971210163 9776 8772 7607
 513800        2     6810 6459 6186 6069 6049 6390 7636 981610771111921143611442
 513800        2    111771127511037108461082310510 9974 98721029610001 8927 7742
 514800        3     6926 6534 6278 6129 6123 6433 7744 975710717110861121711223
 514800        3    109851099910816105651052210213 9787 955110103 9807 8820 7671
 515800        4     6915 6545 6282 6150 6187 6457 7843 974810599108701101810941
 515800        4    106941076010592103381029410099 9770 963510110 9769 8798 7755
 516800        5     6901 6497 6313 6178 6187 6433 7919 969010537108321094810833
 516800        5    10559106061046510123 9989 9690 9370 9050 9492 9330 8497 7487
 517800        6     6783 6328 5978 5807 5750 5674 6023 6913 7925 8530 8638 8581
 517800        6     8223 7949 7738 7607 7766 7891 7799 7701 8195 8022 7427 6726
 518800        7     6141 5746 5481 5302 5221 5090 5130 5623 6430 7104 7489 7772
 518800        7     7864 7699 7510 7434 7598 7764 7827 7893 8194 7980 7294 6561
 519800        1     6042 5776 5597 5538 5591 5956 7375 957210646110691131311285
 519800        1    111231118010982107251070010372 9888 964210145 9938 8949 7712
 520800        2     6896 6506 6248 6096 6110 6348 7722 971710637109741115311086
 520800        2    109011101310838106161057310259 9770 947510015 9815 8762 7642
 521800        3     6828 6458 6229 6100 6092 6434 7805 982010760110981130211290
 521800        3    11084111411096010778108511063410166 990110184 9784 8823 7694
 522800        4     6908 6542 6285 6155 6180 6470 7818 977410649110331120211200
 522800        4    11069111851116110952108211054410154 98811043810279 9273 8027
 523800        5     7162 6671 6426 6222 6166 6394 7695 967510775112661154411542
 523800        5    113311141311242109151069910340 9870 959510016 9688 8848 7808
 524800        6     6950 6439 6082 5805 5724 5582 5767 6557 7575 8240 8468 8469
 524800        6     8270 8063 7896 7825 7960 8055 7926 7703 8131 8040 7434 6715
 525800        7     6136 5677 5477 5246 5145 4958 5032 5614 6409 7015 7278 7340
 525800        7     7259 7004 6813 6672 6727 6864 6866 6877 7355 7582 7041 6352
 526800        1     5663 5354 5044 5033 5000 4858 5149 5848 6630 7200 7410 7444
 526800        1     7330 7027 6780 6745 6951 7122 7074 7163 7742 7839 7136 6323
 527800        2     5827 5524 5436 5356 5402 5665 7208 930610336107461098210996
 527800        2    107911085310712104921046310134 9660 9350 9755 9690 8654 7493
 528800        3     6758 6409 6157 6087 6067 6278 7667 967610511108531100810971
 528800        3    108041087410712105641047410230 9711 9409 9820 9778 8751 7678
 529800        4     6824 6414 6242 6124 6101 6301 7711 968010585109111104311029
 529800        4    108771100510848106671057210318 9812 9514 9935 9871 8838 7643
 530800        5     6853 6428 6220 6096 6063 6246 7498 933410302107971092110914
 530800        5    1077510840106861037610254 9947 9520 9252 9551 9364 8509 7564
 531800        6     6811 6302 6005 5764 5721 5648 5933 6835 7810 8607 8961 8987
 531800        6     8776 8564 8336 8198 8261 8388 8238 8065 8398 8423 7810 7066
 6 1800        7     6451 5995 5688 5494 5377 5154 5304 5833 6688 7329 7684 7821
 6 1800        7     7784 7559 7340 7284 7466 7587 7591 7683 8308 8468 7783 6900
 6 2800        1     6353 6022 5865 5771 5781 6121 7489 963310835115381195112019
 6 2800        1    11879119941181211566115841125810789104571059410192 9105 7871
 6 3800        2     7131 6759 6461 6317 6312 6561 7978 997311011115441185111872
 6 3800        2    11686118101166111535115981124110772104401052010042 9050 7837
 6 4800        3     7092 6689 6403 6211 6212 6464 7843 982210825112571147711454
 6 4800        3    11235113571116710942108831057210018 971710024 9935 8896 7773
 6 5800        4     6946 6566 6304 6174 6173 6353 7780 969210671110271124911268
 6 5800        4    110071111910994107551069810359 9893 9534 9873 9859 8911 7756
 6 6800        5     6992 6524 6280 6128 6101 6301 7625 955610525109901116211148
 6 6800        5    109611109410931106561047910071 9667 9287 9573 9473 8682 7724
 6 7800        6     6901 6434 6086 5880 5801 5772 6079 6894 7896 8733 9165 9260
 6 7800        6     9031 8744 8435 8280 8375 8510 8366 8150 8321 8148 7560 6852
 6 8800        7     6185 5843 5529 5347 5255 5084 5172 5611 6427 7216 7713 7939
 6 8800        7     8174 7883 7667 7487 7423 7457 7398 7394 7781 7999 7346 6567
 6 9800        1     6010 5785 5567 5537 5592 5918 7464 953810592109881112911079
 6 9800        1    10854109331074410563106781043710080 982410095 9755 8754 7592
 610800        2     6906 6511 6299 6141 6151 6443 7737 970510599109701107711057
 610800        2    108431090710687104581051510360 9945 9730 9985 9770 8761 7637
 611800        3     6923 6514 6324 6209 6242 6479 7901 975810603109571109111063
 611800        3    107961085710707105221057110398 9938 9625 9894 9786 8812 7671
 612800        4     7000 6584 6340 6230 6247 6484 7843 974410675109781112011059
 612800        4    108141086810729105521045910190 9739 9412 9766 9842 8916 7759
 613800        5     6995 6551 6304 6146 6146 6325 7600 950210581109861116611151
 613800        5    109751104310974106731054410228 9766 9375 9556 9514 8777 7701
 614800        6     6950 6401 6077 5865 5792 5647 5994 6830 7878 8609 8840 8755
 614800        6     8513 8290 8082 7992 8135 8271 8162 7971 8171 8297 7656 6905
 615800        7     6290 5838 5553 5386 5267 5040 5152 5669 6444 7167 7537 7735
 615800        7     7701 7495 7282 7247 7429 7514 7542 7633 8267 8460 7848 7047
 616800        1     6449 6118 5925 5801 5798 6018 7300 937010568111861145711534
 616800        1    11288113661125211023109681056010000 9593 988310001 8955 7761
 617800        2     6966 6519 6263 6148 6082 6295 7505 942510570110501134611371
 617800        2    111801130611185109491102410593 9981 9583 9811 9891 8955 7729
 618800        3     7022 6579 6354 6189 6198 6327 7519 948210584111191142911493
 618800        3    11327114451130311082110161061610087 9675 9892 9908 8964 7813
 619800        4     7009 6601 6382 6198 6184 6340 7604 943310530111241142611539
 619800        4    11374115491149011165110631065210127 9722 9973 9884 9035 7862
 620800        5     7082 6668 6393 6228 6218 6376 7423 928210421109681134311472
 620800        5    113151132411102107761072010395 9934 9542 9572 9378 8648 7611
 621800        6     6859 6357 6081 5878 5814 5660 5984 6856 7825 8594 8937 8946
 621800        6     8660 8391 8124 8048 8115 8170 8017 7767 8085 8166 7676 6926
 622800        7     6347 5886 5591 5399 5278 5035 5187 5673 6461 7169 7508 7687
 622800        7     7625 7392 7209 7194 7347 7480 7444 7420 7901 8349 7787 6959
 623800        1     6364 6030 5834 5722 5716 5951 7123 919510603114541194412148
 623800        1    11988121301203411862118351137910804103501061210707 9682 8482
 624800        2     7586 7115 6785 6620 6589 6713 7804 968611140119461249412704
 624800        2    1289512909128421270612658122301171611260115061160010658 9243
 625800        3     8303 7692 7401 7148 7071 7176 83361040311972128221339113539
 625800        3    1342613659136231344713394128911235011907120211201711027 9555
 626800        4     8551 7926 7559 7311 7251 7322 84001043311815126611311613305
 626800        4    1318313316131791291912787122981169011156112281125310278 9083
 627800        5     8061 7549 7188 6943 6933 6981 8080 999111463124071295213214
 627800        5    13112132721313512915126801216711589109951093210754 9811 8623
 628800        6     7634 6992 6528 6323 6152 5948 6163 6961 7958 8659 8952 8970
 628800        6     8771 8544 8376 8279 8408 8506 8430 8337 8444 8361 7745 6988
 629800        7     6418 5963 5694 5521 5442 5258 5292 5727 6459 7121 7519 7777
 629800        7     7863 7698 7503 7404 7513 7626 7659 7711 8087 7961 7464 6739
 630800        1     6137 5850 5672 5606 5600 5838 6816 8511 9754104841091811070
 630800        1    109081086110689105231060510345 9840 9480 9523 9393 8512 7420
 7 1800        2     6668 6275 5980 5836 5851 5953 6943 8666 9800104321074610835
 7 1800        2    106911071710673104851054210208 9695 9367 9614 9565 8720 7568
 7 2800        3     6809 6400 6144 6009 6010 6122 7077 8740 9932106801112711323
 7 2800        3    11222112321105210849107731051710041 9612 9809 9779 8919 7715
 7 3800        4     6989 6529 6229 6104 6069 6152 7099 883510087107881119011238
 7 3800        4    111641123711107108291064810365 9997 9707 9743 9578 8788 7737
 7 4800        5     6788 6325 5985 5765 5613 5385 5513 6074 6973 7637 7898 7928
 7 4800        5     7811 7583 7458 7459 7622 7783 7733 7610 7811 7992 7771 7178
 7 5800        6     6494 5984 5637 5442 5365 5169 5329 6075 7099 8094 8543 8813
 7 5800        6     8846 8826 8615 8622 8722 8856 8698 8467 8713 8586 7899 7267
 7 6800        7     6681 6207 5884 5643 5545 5318 5399 5805 6454 7043 7348 7487
 7 6800        7     7438 7178 6979 6892 7022 7165 7152 7093 7450 7768 7337 6583
 7 7800        1     5957 5668 5461 5357 5400 5495 6476 8217 9499102081066010800
 7 7800        1    106941081310739105171064610345 9877 9458 9697 9797 8932 7769
 7 8800        2     6919 6467 6201 6053 6006 6106 7009 8706 9951105561097911137
 7 8800        2    11029110871094510747108001057810002 9562 9651 9570 8763 7690
 7 9800        3     6840 6349 6095 5997 5951 6062 7010 877110057107541108211329
 7 9800        3    11197112551124511154111581085310357 99621023610210 9368 8171
 710800        4     7354 6885 6558 6389 6352 6438 7348 905110269109741145311545
 710800        4    11532117061164411555114381117710736103081045610444 9539 8358
 711800        5     7525 6988 6698 6501 6456 6621 7467 918510522113091181012037
 711800        5    12009121631214511935117701133410864104261041410034 9290 8288
 712800        6     7552 6996 6614 6358 6252 6076 6256 7064 8080 8830 9115 9102
 712800        6     8899 8624 8388 8295 8398 8521 8361 8154 8382 8439 7825 7096
 713800        7     6482 6047 5686 5548 5398 5174 5275 5793 6564 7223 7583 7784
 713800        7     7767 7603 7434 7391 7550 7702 7723 7618 8187 8546 7972 7083
 714800        1     6547 6209 5978 5861 5898 6030 7123 905810536114311202912230
 714800        1    12102123121229812181121491180711264108051098510999 9970 8781
 715800        2     7818 7281 6945 6764 6744 6895 7884 989611236120881265512872
 715800        2    1292013123130751289712799124351178011319114681136710353 9099
 716800        3     8106 7651 7385 7212 7205 7400 83361027911794128031346813765
 716800        3    138561414114071138651384213460128601250012659124151145310275
 717800        4     9232 8613 8199 7927 7871 7933 88911096512331132561360713747
 717800        4    1355513765138221368113580131611259312161122021214611145 9924
 718800        5     8769 8116 7716 7492 7352 7451 84111031311726125471292313076
 718800        5    1287612976128071271512534121001161611109111371108810142 8990
 719800        6     8048 7418 7023 6746 6616 6444 6690 7470 8587 95611014010341
 719800        6    102171006810025 9803 9926 9923 9667 9391 9611 9694 9105 8357
 720800        7     7580 7096 6715 6560 6403 6170 6204 6754 7664 8557 9280 9801
 720800        7     9941 9844 9724 9763 99601002210023 9956103491068510053 9126
 721800        1     8344 7959 7659 7517 7554 7917 89391095112488136801440114677
 721800        1    146981490814871146401453214112137241332013549133891222210785
 722800        2     9690 9111 8612 8352 8259 8295 92231105112553134481400214274
 722800        2    1423214476144251413214135137251312212639127911252311328 9987
 723800        3     8887 8290 8006 7819 7745 7955 88511063611831125721292013070
 723800        3    1291013048129881277812671122361164011217112981104310109 8887
 724800        4     8029 7492 7143 6985 6885 7004 7912 980411039116921205712153
 724800        4    12054122441209711970118351153011076106331075910786 9935 8646
 725800        5     7759 7248 6891 6706 6652 6675 7669 954610880117511221312356
 725800        5    12279123531235012165119711161211185107131081310667 9853 8762
 726800        6     7835 7221 6835 6551 6416 6310 6516 7370 8468 9447 999410201
 726800        6    1012110017 9962 9941100851012110003 97561002910065 9388 8583
 727800        7     7777 7210 6846 6587 6426 6226 6246 6669 7457 8288 8823 9277
 727800        7     9448 9328 9288 9250 9357 9458 9358 9256 9663 9786 9107 8162
 728800        1     7405 7030 6766 6609 6612 6840 7855 989911434123691292613099
 728800        1    13044130921303712766125301210511421108861113510914 9907 8822
 729800        2     7910 7403 7124 6991 6959 7249 8201 999011342120791252312620
 729800        2    12450124341221511902118371157311078107401074010287 9358 8304
 730800        3     7558 7096 6869 6683 6700 6928 7822 978411185120581256212775
 730800        3    1269912896128861274612658122351160811122113761113010187 8956
 731800        4     8002 7495 7167 6930 6888 7067 7913 984211172120361244412573
 731800        4    1247112674126081238912431120951160011145114591125610220 8990
 8 1800        5     8110 7516 7207 7014 6927 7135 8061 986111407122601280613089
 8 1800        5    1311613287132371293112662121611173811363115331117610393 9333
 8 2800        6     8459 7885 7471 7236 7049 7020 7177 7972 9137101841072410870
 8 2800        6    10889107821064510633107161072110326 993210144 9896 9231 8357
 8 3800        7     7618 7039 6635 6370 6271 6232 6203 6543 7327 8123 8684 9167
 8 3800        7     9357 9336 9215 9207 9450 9612 9630 95531022210448 9754 8737
 8 4800        1     7999 7618 7335 7179 7119 7373 83461048312139132091376213969
 8 4800        1    140041422214179139381390813558130391258212807126131142710025
 8 5800        2     9098 8416 8064 7777 7743 7894 87371067712196131341371514022
 8 5800        2    140921436814341141641408113733130891260912870124371148610236
 8 6800        3     9207 8624 8360 8141 8081 8285 92021111412573135361404314328
 8 6800        3    144711464814475141701398013590130501265012936125151147510075
 8 7800        4     9219 8585 8174 7935 7801 7989 88151071512174130671360313809
 8 7800        4    137181394713887137851366213336128811243312801124281136410079
 8 8800        5     9067 8424 8048 7859 7750 7964 88491074712272132151388714199
 8 8800        5    142571446214358141371395013526130731272312992125021167110470
 8 9800        6     9526 8892 8478 8204 7992 7896 8014 8863 9972109061130311436
 8 9800        6    11245110091089910792108741085110553101221036010086 9374 8467
 810800        7     7647 7062 6679 6385 6216 6042 5942 6409 7088 7695 8042 8269
 810800        7     8295 8142 7973 7950 8129 8315 8307 8356 8992 8979 8449 7676
 811800        1     7131 6820 6600 6558 6546 6939 7908 981811020118181227712443
 811800        1    12250122641210311907119111164811180108551108310643 9652 8616
 812800        2     7772 7297 6958 6785 6784 7116 8119 995511245120311258512902
 812800        2    12911131081310012915127551230911674111801145411004 9947 8679
 813800        3     7865 7429 7005 6801 6770 7043 7975 978111092118881237812514
 813800        3    12442125791247412295121671184611273108771136410869 9873 8582
 814800        4     7898 7339 7042 6829 6764 7048 7918 972611001116671213512289
 814800        4    12218123221216411749116891136510854106291104110545 9661 8647
 815800        5     7827 7336 7041 6913 6932 7205 82271000511350121391253412653
 815800        5    12511126031252312243119591156211028106171092110369 9469 8385
 816800        6     7497 6957 6574 6348 6216 6184 6249 7100 8180 8950 9229 9232
 816800        6     8933 8703 8432 8275 8383 8486 8346 8249 8605 8336 7672 6988
 817800        7     6364 5963 5657 5476 5348 5328 5196 5614 6457 7138 7545 7745
 817800        7     7718 7506 7333 7257 7456 7627 7601 7691 8452 8277 7670 6914
 818800        1     6359 5999 5862 5768 5820 6164 7146 903810326111311165411832
 818800        1    11757119421189911693115721122810593104181081110244 9258 8163
 819800        2     7334 6886 6656 6532 6546 6894 7945 976010975116441211612248
 819800        2    12049121651199711726117401147910983107021099110325 9462 8317
 820800        3     7493 7042 6778 6649 6603 6946 7909 972010862115211190511924
 820800        3    116751171711525112621126111004104681035310551 9912 9054 7949
 821800        4     7211 6829 6518 6367 6412 6751 7716 950310668112481165911699
 821800        4    114741149811368111041103510786103561019310528 9898 8982 8041
 822800        5     7214 6737 6463 6343 6284 6733 7583 934910586112111161411647
 822800        5    11483115921130511045108211052210091 996410308 9750 9024 7952
 823800        6     7137 6637 6310 6069 5985 6043 6222 7028 8081 8926 9337 9348
 823800        6     9160 8934 8716 8624 8751 8817 8719 8722 9145 8750 8119 7348
 824800        7     6789 6242 5911 5753 5625 5487 5513 5932 6720 7472 7922 8225
 824800        7     8279 8159 8041 8027 8243 8417 8455 8655 9343 9188 8563 7762
 825800        1     7119 6717 6463 6333 6313 6663 7619 958811081120121266612828
 825800        1    12797129911287212639124871209611545113781170211014 9910 8795
 826800        2     7836 7327 7012 6843 6795 7107 8000 983511258121401285313071
 826800        2    1303413306133121316013030126971213412025122941162110509 9338
 827800        3     8544 7875 7592 7375 7321 7617 86001044311865127861331813567
 827800        3    1348413633136211347813483130781255712466127981213610995 9678
 828800        4     8713 8122 7764 7538 7478 7752 86691051211873127321313813187
 828800        4    12890129601271912358121721170811224111291128110591 9558 8466
 829800        5     7646 7134 6895 6720 6716 7090 7894 972111063117821216012174
 829800        5    119421192711727113641108010764104001040610571 9914 9041 8123
 830800        6     7277 6723 6439 6199 6125 6189 6300 6939 7889 8765 9125 9293
 830800        6     9209 9092 8986 8931 9063 9221 9114 9307 9450 9063 8412 7728
 831800        7     7078 6579 6316 6102 5975 5996 5895 6218 7070 7801 8301 8694
 831800        7     8799 8690 8592 8512 8587 8656 8681 8917 9220 8996 8467 7757
 9 1800        1     7091 6621 6338 6173 6034 6053 6016 6500 7364 8324 9073 9461
 9 1800        1     9659 9489 9360 9408 9617 9740 9687100521042010152 9301 8435
 9 2800        2     7744 7353 7120 6926 6926 7351 84971068212469135111422114576
 9 2800        2    1465614858148791464414528141301357613633135861252810988 9788
 9 3800        3     8821 8311 7886 7655 7550 7833 88961073311799124051269812732
 9 3800        3    12669128581282812650125371211111544116011176210962 9706 8509
 9 4800        4     7698 7172 6949 6802 6707 7093 83681020311324118011220312273
 9 4800        4    12183124151236912184120721171111198113261145710710 9550 8417
 9 5800        5     7563 7123 6870 6784 6738 7192 85331045211575121091247912489
 9 5800        5    12334123191216311837115581122710785108971085610164 9307 8314
 9 6800        6     7503 7025 6701 6565 6423 6499 6728 7519 8632 9498 9864 9965
 9 6800        6     9717 9547 9389 9257 9365 9368 9172 9397 9574 9076 8350 7639
 9 7800        7     7008 6456 6094 5889 5787 5665 5677 6083 6861 7530 7863 8129
 9 7800        7     8168 7951 7752 7677 7805 7936 7978 8482 8843 8402 7653 6873
 9 8800        1     6306 5997 5888 5766 5836 6275 7832 968810728112921157811607
 9 8800        1    114521158411463112651126610990104861069710718 9981 8798 7623
 9 9800        2     6908 6509 6294 6165 6194 6601 7997 984110651110641127411257
 9 9800        2    11164113421127211099111711087010489108251084110061 8953 7892
 910800        3     7144 6809 6592 6467 6464 6880 83291013010970114161162411600
 910800        3    113781153211386111921119310907104091072710706 9950 8840 7675
 911800        4     6923 6567 6354 6200 6235 6632 7966 974510644110451124511275
 911800        4    11137113811121911067110061079310456108721088610106 9053 7910
 912800        5     7083 6677 6407 6292 6272 6679 8028 975110761111591139611470
 912800        5    112571145511268110011080310487101011044510364 9626 8701 7815
 913800        6     7009 6528 6251 6072 5994 6074 6373 7135 8193 8968 9278 9288
 913800        6     9006 8748 8496 8372 8482 8583 8620 9008 8906 8420 7747 7077
 914800        7     6532 6079 5802 5620 5547 5577 5635 6089 6828 7588 8039 8363
 914800        7     8444 8330 8140 8052 8169 8323 8509 9059 9091 8545 7864 7109
 915800        1     6536 6256 6099 5979 6021 6455 80251001511009114151171311608
 915800        1    113771141611180109881103010885105391082310557 9762 8768 7670
 916800        2     6878 6486 6282 6110 6169 6569 8087 990610683110151117411193
 916800        2    109851107110839107771070010542102391075510519 9689 8755 7604
 917800        3     6868 6501 6271 6167 6192 6596 8129 989810822111941136811420
 917800        3    11229114611133811168112441112110948112201088010158 9147 8064
 918800        4     7216 6836 6580 6431 6418 6858 83621024611250115891182511773
 918800        4    115331162411470112411114210862106131101910828 9927 8869 7733
 919800        5     6977 6547 6278 6168 6168 6619 8063 988310750110161117211064
 919800        5    108331096410825105721042610184100131045910173 9424 8578 7638
 920800        6     6812 6347 6066 5912 5792 5911 6212 7010 8287 8760 8932 9059
 920800        6     8829 8576 8311 8197 8318 8512 8635 9021 8782 8260 7618 6963
 921800        7     6360 5941 5680 5447 5396 5444 5506 5847 6728 7447 7848 8153
 921800        7     8265 8167 8046 8068 8235 8415 8686 9491 9460 8929 8161 7366
 922800        1     6747 6423 6259 6163 6187 6736 83071042211739125561306213249
 922800        1    1314713410132951315713024126331231812800123991152710337 9078
 923800        2     8190 7712 7477 7235 7178 7630 91001096312139126941309113071
 923800        2    12832128781265412334121261162411152114601104310137 9003 7910
 924800        3     7072 6609 6406 6297 6251 6682 8117 998110769110481119411109
 924800        3    108811097410821106751071010482103881084110504 9774 8737 7621
 925800        4     6855 6471 6293 6142 6248 6699 82521012010871111111117511098
 925800        4    108891094210755105561060310591107221094710592 9806 8772 7672
 926800        5     6930 6534 6321 6103 6246 6660 8172 998610807111401130411215
 926800        5    110181106210846105151034810100100951039610044 9374 8519 7558
 927800        6     6804 6337 6087 5922 5849 6004 6409 7239 8316 8989 9154 9045
 927800        6     8681 8307 8041 7862 8000 8232 8536 8985 8729 8224 7650 6919
 928800        7     6314 5927 5687 5519 5471 5538 5626 6032 6854 7437 7670 7760
 928800        7     7759 7472 7199 7090 7238 7438 7898 8637 8478 7989 7299 6504
 929800        1     6066 5821 5679 5650 5719 6283 79971001410868111951129811138
 929800        1    108801090610712104531053510513105791098810524 9835 8724 7645
 930800        2     6874 6495 6295 6191 6222 6714 83321018110863110501115411168
 930800        2    108511102010893106911070010515106281098910556 9728 8767 7596
10 1800        3     6781 6454 6198 6071 6093 6591 8218 994110774110351119911111
10 1800        3    109291109110927107281072010601106441099410634 9838 8721 7675
10 2800        4     6881 6521 6315 6196 6204 6677 82291004410903112311140711397
10 2800        4    111841129111171109551090210825109461113910711 9924 8856 7772
10 3800        5     6973 6565 6280 6145 6203 6626 81791001110894112251136211314
10 3800        5    111001114210921106651059410561107711068710236 9525 8606 7670
10 4800        6     6905 6445 6116 5907 5865 5982 6352 7147 8155 8901 9172 9129
10 4800        6     8815 8450 8165 8002 8101 8351 8791 9073 8654 8151 7501 6886
10 5800        7     6211 5835 5557 5400 5345 5361 5512 5864 6699 7354 7688 7849
10 5800        7     7816 7560 7267 7153 7343 7601 8249 8742 8523 8005 7400 6617
10 6800        1     6099 5862 5695 5678 5696 6288 79991003511031113631156511395
10 6800        1    110471112611005107121077610728109821108910702 9941 8891 7879
10 7800        2     6999 6607 6410 6300 6336 6837 84731046211311114901154011378
10 7800        2    11135111051095610787108751090011118112061080910020 8992 7817
10 8800        3     7115 6734 6558 6458 6490 7061 92141052511173113021129111169
10 8800        3    109381098210779105731063610599109521104410719 9903 8941 7795
10 9800        4     7015 6642 6350 6268 6280 6774 83711017410793111051118411117
10 9800        4    10829108861069010492104841048010884110811082210031 9042 7982
1010800        5     7113 6777 6566 6502 6566 7083 87241064511378115061148011235
1010800        5    109131082710576102481016010124106461081210416 9741 8858 7988
1011800        6     7188 6630 6365 6169 6110 6234 6603 7328 8431 9223 9632 9648
1011800        6     9413 9112 8841 8773 8972 9232 9441 9267 8874 8394 7752 7062
1012800        7     6437 6015 5695 5568 5491 5518 5697 6014 6857 7446 7762 7858
1012800        7     7800 7507 7282 7162 7340 7673 8420 8573 8331 8029 7504 7014
1013800        1     6401 6043 5861 5811 5815 6155 7007 8191 9162 97731012110199
1013800        1    10023 9871 9667 9537 984510129105931064510268 9738 8814 7869
1014800        2     7112 6793 6656 6591 6648 7150 89501087711629117881182211690
1014800        2    11332113091109610742108631102911539115511119410527 9430 8235
1015800        3     7521 7146 6911 6867 6915 7458 91641111211776118181174811537
1015800        3    11221112121099410776109471110911571115611112110294 9463 8210
1016800        4     7360 6933 6700 6615 6636 7174 88201071711501116061163211481
1016800        4    11156111991099610782108801115311536112911084710087 9032 7918
1017800        5     7092 6712 6496 6371 6386 6826 83811029211078113001140311261
1017800        5    110531109610882105571040810377109491076910303 9639 8806 7874
1018800        6     7033 6528 6250 6041 5976 6062 6482 7275 8344 9223 9608 9648
1018800        6     9366 9063 8792 8681 8933 9367 9709 9285 8874 8318 7692 6973
1019800        7     6382 5973 5668 5469 5378 5413 5599 5951 6729 7399 7802 8006
1019800        7     7982 7670 7391 7252 7448 7856 8651 8827 8623 8107 7409 6679
1020800        1     6170 5924 5762 5675 5767 6372 81831014310994112721133711255
1020800        1    10999110131084310655107741094811437112571078310067 9059 7923
1021800        2     7157 6756 6572 6478 6540 7095 88161082911593117471184511719
1021800        2    11384113301110310918111251120811634114211100410299 9278 8228
1022800        3     7386 6970 6771 6632 6698 7229 89871082711443115921156711386
1022800        3    11104111251086910646109081111611633114701103110325 9290 8209
1023800        4     7452 7114 6902 6878 6958 7567 93581120811823119141188511673
1023800        4    11361113171110810806108911117211881117271132510630 9570 8414
1024800        5     7709 7330 7138 7069 7103 7714 94061133711884119341186411582
1024800        5    111611106810807104221034610527113441106410593 9957 9194 8171
1025800        6     7482 7070 6801 6652 6599 6745 7202 8070 9099 98681014310190
1025800        6    10015 9747 9539 9401 9606 995910044 9542 9015 8398 7791 7150
1026800        7     6598 6303 5799 5685 5768 5907 6117 6897 7721 8201 8396 8535
1026800        7     8477 8201 7992 8022 8567 9568 9594 9307 9002 8482 7824 7105
1027800        1     6739 6472 6405 6382 6490 7198 89461083611472117911172911531
1027800        1    11243112061088010648111311218711899114841095310227 9132 8048
1028800        2     7415 7055 6856 6737 6819 7432 91621109911853120751216912175
1028800        2    12005119781165811511120531261012184117031118410397 9472 8486
1029800        3     7711 7337 7145 7043 7142 7814 94261122911798117941179611668
1029800        3    11304112491095210784113041240812141117341122910529 9497 8474
1030800        4     7812 7483 7415 7252 7357 7952 95881140211858119461193211804
1030800        4    11445114101103610883113921234312196117641137910647 9691 8653
1031800        5     7989 7595 7406 7301 7351 7924 95071124711706117831166711380
1031800        5    110081095310598103651075011642112901079910373 9712 8954 8096
11 1800        6     7332 6933 6673 6538 6517 6712 7105 7944 8931 9454 9646 9623
11 1800        6     9352 9118 8904 8876 95741063310410 9924 9496 8995 8393 7702
11 2800        7     7135 6680 6418 6292 6271 6368 6480 6981 7702 8249 8517 8672
11 2800        7     8601 8308 7996 7980 8724 9932 9944 9733 9473 9075 8390 7664
11 3800        1     7102 6946 6854 6859 7016 7708 94401137712106122511217211913
11 3800        1    11555114761127311136118481289912471119751150210664 9479 8448
11 4800        2     7667 7215 6997 6903 6912 7481 89971076511397115071147611422
11 4800        2    11225113321118511225119861236611934114011092310117 9120 8081
11 5800        3     7293 6816 6617 6471 6561 7163 87491048211176113401139711358
11 5800        3    11101111961097810924116181251412232117341126510689 9566 8507
11 6800        4     7503 7283 7100 7165 7295 8331 96191123011909119981192611743
11 6800        4    11387114161120911139118121274612429119851150710782 9696 8521
11 7800        5     7714 7269 7022 6899 6955 7493 90901091611661117781165711492
11 7800        5    110921102010773105561102911737115591119010499 9815 8977 8095
11 8800        6     7215 6745 6433 6280 6215 6393 6749 7583 8708 9456 9735 9645
11 8800        6     9274 8907 8581 8512 93191052010377 9892 9487 8995 8462 7863
11 9800        7     7230 6895 6613 6482 6459 6567 6681 7169 7946 8584 8922 8686
11 9800        7     9128 8942 8752 8953 97191017110001 9679 9373 8843 8192 7417
1110800        1     6822 6561 6435 6378 6499 7051 87121065811535118501198211935
1110800        1    1166311736117191168712493131751267012167116131100010068 9057
1111800        2     8179 7710 7511 7366 7387 7788 8604 976410680111041134211359
1111800        2    11189110461083310931120371279012394119731151610783 9860 8784
1112800        3     8048 7703 7526 7429 7504 8111 97941162112301124151234912162
1112800        3    1185311823116601159012445133061296712502120161121610136 9048
1113800        4     8180 7778 7610 7478 7537 8120 97621154712231123681228012055
1113800        4    11694117161147311331121131284112478120131154110727 9676 8532
1114800        5     7717 7308 7061 6919 7048 7582 92271102711747119641195011773
1114800        5    11445114381121411097117401227111869113361088910222 9362 8420
1115800        6     7616 7180 6889 6773 6748 6996 7418 8243 9265 987910031 9919
1115800        6     9555 9149 8934 8957 9984110311071710260 9829 9295 8726 8059
1116800        7     7419 6980 6688 6561 6563 6695 6844 7267 8001 8580 8861 9045
1116800        7     9004 8770 8470 8526 951810546105481031410057 9600 8927 8147
1117800        1     7611 7340 7237 7221 7333 8047 99841174312529126921264112374
1117800        1    1198512033119131200312981134561293612449119301124510151 9054
1118800        2     8221 7788 7594 7534 7593 8225 97421132212282127151300713001
1118800        2    1279412730125721246113301137691327912854123291152010392 9287
1119800        3     8512 8169 7969 7896 7984 8548106001186612497125131251412337
1119800        3    1196111962118031173712721127201322412776123001159310455 9335
1120800        4     8581 8165 7981 7923 7975 8627102971205612626126101244512195
1120800        4    1172911717115231142712311131961287512501120861139610312 9292
1121800        5     8492 8091 7906 7814 7868 8481101231192312477124601235212121
1121800        5    11723116881150011379121271272712349118591134710689 9885 8972
1122800        6     8132 7661 7414 7224 7251 7389 7842 8694 9701102351049810325
1122800        6     9896 9566 9269 92711023111187109191042410040 9513 8939 8278
1123800        7     7633 7207 6963 6833 6805 6924 7154 7530 8335 8898 9088 9321
1123800        7     9262 8888 8701 8746 9732104961033610023 9844 9293 8599 7853
1124800        1     7237 6944 6796 6747 6823 7401 92501123412085124241251912416
1124800        1    12138121811199212019128931310812569120811149810764 9650 8473
1125800        2     7638 7140 6947 6774 6861 7373 90721085411611119161197311862
1125800        2    11622117151160511658124921292412570121151174011031 9983 8904
1126800        3     8018 7649 7403 7337 7478 8084 97371159112248124531246012260
1126800        3    1185911805115731130312115127411240712047116581104910023 8872
1127800        4     7915 7376 7069 6963 6928 7079 7453 8051 9082 9667 9844 9829
1127800        4     9385 8624 7987 7842 8230 8574 8625 8636 8587 8390 8019 7403
1128800        5     6862 6520 6361 6274 6296 6575 7186 8248 9427102391064610853
1128800        5    1074110579103911034610989111871076510236 9743 9038 8332 7624
1129800        6     6963 6555 6292 6193 6221 6392 6769 7387 8352 9071 9333 9371
1129800        6     9223 9081 8924 9005 99331063010403 9973 9596 9190 8594 7966
1130800        7     7319 6895 6618 6463 6412 6499 6704 7063 7869 8460 8790 8996
1130800        7     9015 8723 8454 8485 94601025210135 9950 9667 9185 8527 7679
12 1800        1     7099 6800 6639 6549 6627 7263 90701105811827119981195111666
12 1800        1    11310113181107411013120121257612254118511137710748 9662 8578
12 2800        2     7722 7303 7097 7042 7079 7693 94221130512037121061206811888
12 2800        2    11518115561136611363122621279312379118851136910619 9603 8453
12 3800        3     7554 7159 6940 6883 6976 7571 93641138712203124531259312533
12 3800        3    1233412482124271249813572141791375713311128921218511113 9831
12 4800        4     9032 8689 8503 8446 8579 9162109211272113335134261337913196
12 4800        4    128161281012612125101369714311140761356113149124661139510219
12 5800        5     9220 8916 8658 8495 8544 9345109461269513374134241334613028
12 5800        5    1260312523122361214113030136481328212773123361172010910 9844
12 6800        6     9065 8563 8262 8119 8141 8300 8858 965610536110381109410850
12 6800        6    10338 9937 9593 9581106821159911390108511050110115 9428 8733
12 7800        7     8043 7633 7331 7248 7157 7267 7546 7889 8572 9087 9318 9401
12 7800        7     9287 9048 8748 89031001610729105941031210089 9584 8842 8051
12 8800        1     7395 7074 6902 6845 6920 7514 93981132912102123381235412224
12 8800        1    11854118701175111720126511303112557120321152610790 9719 8499
12 9800        2     7558 7049 6816 6730 6813 7484 92331108511799119611199211836
12 9800        2    1156511613115301157512750132511274912317118511116410165 9045
1210800        3     8188 7696 7464 7357 7450 8075 98261170812410124581248412305
1210800        3    1196111954118551189112943135141309112560120841140610319 9139
1211800        4     8344 7950 7750 7801 7883 8669105911247613099131851322913037
1211800        4    127431274112602125321366214402140361365013222125091136610159
1212800        5     9269 8859 8663 8550 8628 9146109831278213306132911316912954
1212800        5    1251912572124311240813288136891328912720122741159910624 9535
1213800        6     8431 7996 7742 7327 7412 7688 8578 9083 9888105171063210479
1213800        6    10080 9810 9671 9814108851156811332108931054210099 9514 8767
1214800        7     8171 7741 7488 7339 7364 7482 7798 8211 9091 9743 997810123
1214800        7    10096 9816 9675 987510836118171181811628114781101010271 9388
1215800        1     8655 8405 8306 8303 8470 9164110421303713834140041389313562
1215800        1    131671313212948129441399414601142231370713264125061138110053
1216800        2     9268 8782 8530 8363 8446 9075105691220513029134931373013804
1216800        2    1345313424131421300013954144681403013547130101216410996 9693
1217800        3     8873 8411 8207 8158 8242 8839106251250713155133221324613050
1217800        3    126971268012493125441372014568142661390913548129471189210734
1218800        4     9804 9413 9265 9171 9215 9864115571330013904141351410513853
1218800        4    1336213137127621257513451142911391713449130171228311171 9867
1219800        5     8908 8416 8147 8017 8040 8587102141214212878131671320212974
1219800        5    125891256412440123841338614243140561357813184126301183110823
1220800        6     9945 9415 9168 9068 9101 9355 99111071611699123291242312226
1220800        6    117761140011090111551221613330132481279312428119601130910533
1221800        7     9777 9274 8991 8846 8809 8942 9164 956910338107861092911076
1221800        7    109561061910350103471139212388123521213711954115561090010031
1222800        1     9358 9020 8881 8906 9029 9699113401315613986142081413413784
1222800        1    133341315912942128771390714607142981375913366127421176710452
1223800        2     9381 8838 8548 8439 8470 8983104221226813116134791354613438
1223800        2    1306513019127251250613222138431355913123126781207011004 9764
1224800        3     8759 8222 7972 7812 7833 8221 93111067511659120291196911552
1224800        3    1095110623103431023311020115161096310278 9818 9519 9208 8808
1225800        4     8247 7870 7622 7633 7752 8118 8738 956110379109231105211123
1225800        4    110081061010324101931095811705117961185011812116331115510518
1226800        5     9904 9505 9323 9268 9299 9472100251066111605121361238712367
1226800        5    1212211878116241167212639133791309412626121521151510715 9857
1227800        6     9119 8642 8370 8252 8204 8314 8721 919410033106981097210887
1227800        6    1060210223 99621008911138121731202811630112941084210181 9408
1228800        7     8773 8338 8036 7915 7836 7905 8101 8366 9010 97371014210427
1228800        7    1043510216 9934 9917106721138011221109181063510143 9443 8605
1229800        1     7917 7594 7416 7317 7408 7840 89541054311565121121240212367
1229800        1    12083119121168611581124531303912604120801161010937 9960 8880
1230800        2     8104 7559 7332 7258 7324 7670 88981045211474120351228512294
1230800        2    120011187111703116751273913650134431306512713121171125210177
1231800        3     9452 9051 8871 8797 8905 9335104651192212901133401341813279
1231800        3    1278912447120781166112353130581265812011113101070710237 9845
