 1 1810        4     9389 8918 8505 8249 8145 8182 8399 8552 8968 9477 993710240
 1 1810        4    1029910154 9946 9929106571131011157108621055910176 9543 8782
 1 2810        5     8256 7796 7616 7547 7596 7934 8695 983510797114701182411875
 1 2810        5    116361141311244112151213113153128941256312205116461097110246
 1 3810        6     9571 9168 8954 8880 8869 9085 94841008710974116831207512128
 1 3810        6    1194011648113601126312139129291266312255118291130110661 9987
 1 4810        7     9702 9298 9103 9021 9047 9194 9485 981010457110291143711792
 1 4810        7    119351174811612116711260213572135371322413058125841182310987
 1 5810        1    104871013610037 99611007410769125281418714797149771493314690
 1 5810        1    143191407213731135451435815134147811432413934131571205210878
 1 6810        2    10109 9730 9576 9496 962310218118581359214040140771405413838
 1 6810        2    135291352313307132001392514580141391363713150123131120610145
 1 7810        3     9120 8771 8557 8445 8471 9043104881219112787131391325013234
 1 7810        3    130081296412679125361335714083137761346013074124481141210394
 1 8810        4     9729 9461 9356 9342 948910082118581368314201143101433014133
 1 8810        4    137981371013507134171420515082148321447414027132991232211193
 1 9810        5    1041610060 9918 9883 996610528122551399514518145951451314216
 1 9810        5    138761377013564133351387414537142291377113303126341171910672
 110810        6     9882 9392 9098 8954 8938 9124 95831037911339121231244312446
 110810        6    121401174611411113021206813247130991264712336118901123110545
 111810        7     9971 9586 9370 9265 9291 9397 97131001110726113361163311882
 111810        7    118681156511305112351207513074130741289112620121841143210624
 112810        1    10095 9903 9803 9820 997610661125951440315045151911514014893
 112810        1    144941429214020137871458415505152021487214478137001266411521
 113810        2    107111045710310103451033111014127031444614957150591503014742
 113810        2    143581418413806136321434315273149741459114152134341245011254
 114810        3    105391019410040100911006210654124451406614614146221452414299
 114810        3    139901394213653134431408614809144391403913557128291185510856
 115810        4    10030 9649 9477 9381 941210012114991310413836141271425714039
 115810        4    136851362913411132711387614513142661381413432125541161710538
 116810        5     9748 9377 9213 9167 9237 9818113951313813836140661404113900
 116810        5    135581349913205130071341414077137011319912675119301099610031
 117810        6     9241 8813 8590 8477 8528 8707 9177 993110962117291207412066
 117810        6    117811154511286112271181812963126931232111894114681090610216
 118810        7     9633 9194 8940 8787 8734 8816 9082 940910131106731095211142
 118810        7    1101110647103001022110870118691185811596114081089410126 9345
 119810        1     8724 8403 8288 8213 8333 8957108351255513153132401320113006
 119810        1    1261912437122001200412717135701336612862124841168310597 9556
 120810        2     8788 8349 8184 8117 8213 8826105911235112910129551297712805
 120810        2    124261252412292121241271313872136311322912737121631118110107
 121810        3     9384 9071 8900 8890 9030 9729115401328513812137751360913291
 121810        3    128631271412431122481285713991137541341213003123601133510181
 122810        4     9457 9136 8952 8909 8962 9561112641311113712138201387713644
 122810        4    1335313240129611267913155139111368113230128021199010920 9848
 123810        5     9011 8640 8398 8324 8408 8994107131247412948130071289212720
 123810        5    1240612385121411194512272131371295612512120141137810534 9642
 124810        6     8794 8332 8092 7927 7940 8098 8581 932910446111381142511272
 124810        6    10842104351012410049106221178411673112111078310304 9693 9066
 125810        7     8492 8098 7880 7758 7760 7893 8145 8507 9181 9641 9860 9983
 125810        7     9853 9452 9105 9020 95561071810922107321050610067 9379 8607
 126810        1     8055 7773 7645 7564 7696 8346101401199812734131331308513030
 126810        1    1270812614123821217612745134871301812561120301127110138 9099
 127810        2     8202 7675 7681 7614 7662 8526 99941178512365123681232012120
 127810        2    1176611815115821141711993129091277412227118231106110080 9008
 128810        3     8285 7951 7817 7705 7846 8483102531204512649127501273512552
 128810        3    1221212143118921168012220132361310112726123071158210504 9415
 129810        4     8687 8307 8144 8064 8154 8790105081237313037131791322013059
 129810        4    128091280112605124741296513839137561339912993122651121710097
 130810        5     9369 9034 8885 8788 8926 9540113361295813509136581361213331
 130810        5    129041277312480123131258113556136741323812811122011144910536
 131810        6     9754 9324 9115 8983 8977 9147 95881032411232117611185211658
 131810        6    110991060410096 9895103061166211780113701098210515 9990 9338
 2 1810        7     8765 8396 8174 8068 8043 8192 8404 8793 9406 9840 999010178
 2 1810        7    10087 9776 9461 9389 985610812109031063410340 9788 9018 8243
 2 2810        1     7591 7311 7142 7037 7085 7624 94211137712176124891271412759
 2 2810        1    1261712548123691216112652130391270212269118391113110139 9062
 2 3810        2     8400 8080 7926 7915 8069 8740105031230712994131171322413134
 2 3810        2    127811286712679125291305414021140071359013210125281144410276
 2 4810        3     9584 9270 9090 9040 9123 9771115541333313923140091393713767
 2 4810        3    134181331913076129441338914266142491380413415127251164110472
 2 5810        4     9707 9398 9219 9179 9288 9901117601344713999140911397813847
 2 5810        4    133961327212987128571317414206142981393413571129391182610747
 2 6810        5     9941 9611 9407 9363 9408 9981117961355314068142021411313838
 2 6810        5    1341413337130561271612864134721336812880123101168710819 9853
 2 7810        6     9142 8717 8479 8319 8294 8473 8994 969110475111741126011102
 2 7810        6    1060610109 9707 9564 99441118511405109731055710052 9411 8688
 2 8810        7     8100 7696 7340 7190 7119 7153 7411 7757 8562 9337 979810087
 2 8810        7    10144 9847 9561 9438 986010567106931044210169 9642 9009 8320
 2 9810        1     7756 7566 7499 7539 7677 8425102061204212715129201304712865
 2 9810        1    1256612473122751210612475133521340113037125891187610834 9828
 210810        2     9006 8691 8562 8509 8617 9202109841265713177130931299012702
 210810        2    1228412268121741206712462132411320612763122391152610469 9406
 211810        3     8540 8143 7874 7718 7806 8289 98991165712326125311261712589
 211810        3    12312122481199811830121401262712315117371119310362 9378 8439
 212810        4     7704 7415 7265 7277 7559 8233 99701183112650129101302212943
 212810        4    126031256412323120391240413290135981324112769121901122710123
 213810        5     9372 9060 8880 8808 8901 9514111671282213356135061333313050
 213810        5    1256912397120771167711862126431301612593121721157310789 9926
 214810        6     9180 8753 8525 8394 8392 8604 9032 969510486110611115510990
 214810        6    1050010018 9598 9332 957210600110311061910213 9774 9241 8591
 215810        7     8135 7707 7527 7345 7315 7450 7619 7957 8595 8983 9160 9237
 215810        7     9073 8763 8412 8284 8627 958410189 9952 9718 9309 8877 8232
 216810        1     7730 7446 7321 7250 7306 7677 8427 950310412109271111011020
 216810        1    1052610229 9931 97151008410975113411093410499 9932 9150 8201
 217810        2     7546 7186 7027 6950 7006 7554 88691058711409116161170711549
 217810        2    11190111031083410589108361151511738112901085810238 9328 8391
 218810        3     7611 7188 7028 6950 6995 7554 88921045511293115001152911372
 218810        3    11040109081069410419105951125311597111541073310031 9183 8249
 219810        4     7476 7114 6910 6830 6861 7407 87071037511284115471161711469
 219810        4    11205111291093410700110471172311790113001087910135 9137 8187
 220810        5     7438 7039 6764 6704 6731 7201 85091009011097115061178411791
 220810        5    115111151011294111901147011844117201115010662 9975 9121 8155
 221810        6     7406 6915 6667 6469 6399 6515 6928 7649 8734 9550 999910067
 221810        6     9734 9388 9045 8920 9269 997510120 9650 9188 8706 8050 7471
 222810        7     6845 6534 6165 5944 5945 6018 6161 6563 7351 8082 8543 8882
 222810        7     8927 8670 8404 8340 8663 9384 9841 9586 9414 8997 8293 7658
 223810        1     7066 6490 6619 6607 6671 7616 91471109612049123521250512438
 223810        1    12105120811192211778121771264612574120561155210809 9783 8668
 224810        2     7920 7457 7254 7124 7200 7647 93201107211881121101224412187
 224810        2    11912119831174811523118531224412237118171134010655 9646 8665
 225810        3     7786 7463 7262 7169 7209 7781 93401125412058123251248812513
 225810        3    1230512401122541216312534129471297712444120051121310217 9032
 226810        4     8314 7904 7682 7559 7628 8191 97651150212305125541240412623
 226810        4    1228212302121581192712149126111271112317118431115510134 9042
 227810        5     8239 7815 7599 7521 7613 8107 96051135512115123141220812016
 227810        5    11579115181118210822108271128611981115461115610628 9828 8928
 228810        6     8172 7757 7502 7377 7364 7523 7817 8624 9476100611025310291
 228810        6    10039 9858 9730 974310140107061085210374 9875 9381 8754 8084
 3 1810        7     7497 7038 6711 6574 6440 6535 6634 7049 7768 8405 8832 9017
 3 1810        7     8987 8635 8271 8086 8314 8969 9863 9754 9558 9123 8525 7825
 3 2810        1     7297 7105 6965 6920 7059 7665 93381125512132123481237212257
 3 2810        1    11973119771175911578119511240712576121631167110955 9929 8974
 3 3810        2     8163 7784 7656 7592 7735 8339 98551163412347125181256312424
 3 3810        2    1208612018118751164211931124221304212738124411176910732 9618
 3 4810        3     8881 8532 8368 8289 8397 9014105931224412781127681265412415
 3 4810        3    1198911935116341140411721123031268612293119031124110210 9164
 3 5810        4     8362 8011 7843 7812 7912 8482100041183312489126131262612525
 3 5810        4    1227412309121031192412185125891293112540120931125710223 9156
 3 6810        5     8399 8041 7871 7755 7816 8394 99441211712548127121275412567
 3 6810        5    12240121981201111770118171213312448120581152810836 9971 9023
 3 7810        6     8227 7780 7542 7371 7286 7438 7786 8614 9674104391074410733
 3 7810        6    1038210037 9749 9620 9922104681082510385 9903 9387 8726 8096
 3 8810        7     7486 7044 6769 6647 6577 6634 6760 7231 8086 8742 9135 9403
 3 8810        7     9437 9128 8838 8716 8981 953410113 9957 9729 9270 8533 7786
 3 9810        1     7262 7034 6917 6872 6974 7605 93091134712171124741251312412
 3 9810        1    12074119931181011585119201219212464120831158110806 9816 8799
 310810        2     7922 7553 7377 7289 7390 7965 95271135211973121311210811993
 310810        2    11709118681155411299115221188712309120291160710913 9888 8780
 311810        3     8053 7725 7519 7473 7550 8119 96811156612177122701221212122
 311810        3    11785118471159511468116581192412379121331165710973 9970 8884
 312810        4     8207 7815 7651 7580 7676 8273 97621151312178122841219512040
 312810        4    11640117031143111223112881150212255120351166710959 9903 8844
 313810        5     8062 7690 7509 7425 7457 8015 94931128311836118751177511574
 313810        5    11195112531098210650106991099411581112141078010144 9297 8368
 314810        6     7669 7270 7013 6906 6977 7195 7572 8530 9539102381052610542
 314810        6    10212 9959 9703 9545 98021038611336111081069410195 9548 8874
 315810        7     8238 7857 7555 7369 7317 7327 7315 7729 8320 8587 8903 8979
 315810        7     8767 8311 7950 7781 7916 8510 9482 9539 9322 8892 8231 7595
 316810        1     7037 6824 6698 6673 6819 7440 90761103211888121021212312067
 316810        1    1180811862116551160211961123141259712375119201127010253 9164
 317810        2     8538 8258 8103 8073 8203 8817103641214112757128321283012623
 317810        2    1225012152118581162611784120211254112396120121144310531 9530
 318810        3     8885 8623 8460 8429 8526 9165106361236412954130901304512863
 318810        3    1246112325120801181711922121801283912744123541156010581 9500
 319810        4     8756 8401 8301 8328 8240 8985104631208612659127181263812371
 319810        4    1194211867116001140011556119021248912371119791122910173 9152
 320810        5     8443 8130 7966 7890 8010 8587 99931178312485125031253112337
 320810        5    11936118991165111382114041158612080118711142610756 9969 9132
 321810        6     8348 7910 7660 7510 7499 7636 7918 8881 9846104961074410755
 321810        6    1034910030 9690 9533 9693101471065910376 9884 9474 8788 8159
 322810        7     7564 7118 6872 6779 6692 6724 6765 7272 7991 8476 8736 8813
 322810        7     8649 8260 7897 7734 7907 8384 9448 9635 9545 9079 8409 7807
 323810        1     7333 7132 7028 7024 7170 7757 94151141012116122361227411972
 323810        1    11629115531122210945110181118311851118111149810737 9700 8664
 324810        2     8010 7675 7511 7491 7605 8109 96371139311921118921179611628
 324810        2    11366113601112010951111331130511799116701131510558 9520 8557
 325810        3     7795 7492 7286 7217 7297 7845 93771119511897120451208212048
 325810        3    11777118471166811523116871182412174120401162010937 9812 8820
 326810        4     8077 7732 7536 7429 7508 8052 95571129011906118721173011468
 326810        4    11163111141089210597106571083111511115011118310590 9612 8529
 327810        5     7730 7447 7246 7159 7250 7659 92201125312078123111235612260
 327810        5    11938121001187511236110931117211463112701078410200 9408 8532
 328810        6     7816 7411 7173 7007 7069 7155 7486 8325 9187 9642 9690 9456
 328810        6     8980 8571 8250 8101 8253 8736 9536 9548 9177 8689 8075 7458
 329810        7     6927 6523 6291 6106 6051 6053 6075 6657 7414 7874 8047 8017
 329810        7     7893 7467 7149 7009 7166 7519 8491 8744 8561 8087 7396 6809
 330810        1     6210 5966 5843 5790 5882 6302 7887 986910747110731124611073
 330810        1    108901090110762105831094911204113241102210618 9834 8706 7540
 331810        2     6939 6530 6327 6245 6287 6745 82061005410774110101113311006
 331810        2    107491074510592103291038110389108161087810452 9754 8781 7791
 4 1810        3     7122 6711 6449 6338 6385 6817 83581025710915110601117811021
 4 1810        3    107851082810662106021083611074114261122110665 9882 8808 7869
 4 2810        4     7249 6896 6712 6530 6469 7031 84911049411315115191156711457
 4 2810        4    11137111711091310610105731052011180112371087710118 9110 8009
 4 3810        5     7381 7008 6816 6700 6821 7235 86991049411100112251119211020
 4 3810        5    106221057310333 9965 9835 9844103731042410003 9369 8528 7625
 4 4810        6     6871 6422 6121 5982 5903 5933 6267 7228 8230 8843 9111 9046
 4 4810        6     8761 8421 8080 7920 8085 8543 9081 9086 8660 8186 7584 6920
 4 5810        7     6354 5947 5931 5483 5352 5309 5368 5761 6743 7452 7841 8165
 4 5810        7     8079 7873 7756 7648 7958 8303 8796 8832 8594 8168 7447 6674
 4 6810        1     6218 5964 5802 5827 5907 6460 81241030411269116051175211680
 4 6810        1    11443115021132311094112691138711687117561134410609 9500 8327
 4 7810        2     7696 7297 7184 7060 7139 7540 90631077611323114491143911257
 4 7810        2    10923108911062310287103151034210705110771063110005 8995 7885
 4 8810        3     7291 6917 6748 6710 6754 7172 86661048511082112231115611032
 4 8810        3    107101072610446101781022610206105801087310512 9720 8772 7698
 4 9810        4     7037 6655 6435 6365 6401 6761 82591006410789109711100110891
 4 9810        4    107151074610655105181074510857110611092810561 9704 8702 7705
 410810        5     7000 6654 6428 6353 6466 6774 84211018810841110161100510867
 410810        5    105791056010284 9979 9807 97001007010304 9951 9302 8469 7571
 411810        6     6905 6463 6234 6075 6033 5958 6453 7406 8346 8947 9108 9144
 411810        6     8914 8564 8262 8002 8041 8233 8793 9052 8630 8139 7507 6888
 412810        7     6213 5717 5398 5473 5405 5481 5928 6217 6969 7435 7610 7696
 412810        7     7615 7336 7075 6964 7184 7568 8324 8830 8606 8156 7520 6781
 413810        1     6380 6189 6093 6046 6171 6594 82541020711109111691130311209
 413810        1    10870108371057010314103691035010769111071076510069 9028 8098
 414810        2     7390 7004 6821 6764 6816 7196 87731076811552118241201712048
 414810        2    11960119421183911797120541203311799115021104510232 9218 8140
 415810        3     7538 7215 7065 6980 7090 7473 90711092011647118251187211734
 415810        3    11421114251104710799108461082011164115881129710656 9575 8543
 416810        4     7888 7535 7339 7273 7325 7679 92381095411661118451176411541
 416810        4    111281104510787103601027210256105671094210573 9908 8918 7929
 417810        5     7158 6754 6543 6416 6407 6536 7511 8875 9738100991022010149
 417810        5    10003 9785 9532 9294 9387 9584 9802 9812 9412 8832 7798 7267
 418810        6     6580 6139 5896 5732 5686 5569 5934 6738 7751 8409 8636 8606
 418810        6     8313 7951 7691 7602 7741 8045 8454 8781 8520 8127 7503 6855
 419810        7     6244 5824 5581 5456 5367 5258 5580 6255 6958 7359 7398 7430
 419810        7     7263 6876 6525 6294 6292 6416 7067 7679 7757 7502 6987 6527
 420810        1     6059 5743 5646 5613 5650 5913 7083 8828 9928105211079710829
 420810        1    105741051410257100341020110292104781077410476 9814 8943 8042
 421810        2     7440 7136 6948 6925 7012 7328 87201057111504117911194411867
 421810        2    11498114281109910804108021079710994114641117510523 9518 8540
 422810        3     7841 7495 7328 7243 7298 7568 89001068111480116681168311513
 422810        3    11110109911077410432104311030310468110251071710090 9119 8125
 423810        4     7474 7104 6914 6853 6873 7150 84441022811102113551141011431
 423810        4    11127112181110010961111901128311409112551085310107 9098 8058
 424810        5     7384 6997 6743 6591 6638 6939 82161002810994113241146611395
 424810        5    110861108810875106581069410619107291070710317 9633 8827 7916
 425810        6     7193 6753 6465 6303 6281 6235 6700 7729 8718 9413 9705 9668
 425810        6     9337 9039 8760 8663 8846 9148 9396 9457 9113 8592 7937 7270
 426810        7     6733 6315 6199 6082 5968 5898 5851 6150 6690 7261 7611 7780
 426810        7     7766 7509 7196 6987 7032 7124 7250 7634 8436 8248 7674 6877
 427810        1     6331 6066 5911 5855 5944 6349 7776 976810693110111106710983
 427810        1    1066410689104161017010090 9901 9494 950910128 9683 8748 7597
 428810        2     6883 6473 6312 6166 6153 6596 7923 989710708109691104010973
 428810        2    107291083010576103591035810124 9854 999810305 9805 8793 7691
 429810        3     6911 6547 6338 6212 6207 6691 79941002210943112591144411392
 429810        3    110841112410934106961065610401100361002710378 9834 8820 7765
 430810        4     6949 6587 6328 6226 6190 6633 7969 987110740110051110010964
 430810        4    107181070210543102641025310099 9854 980710252 9750 8812 7705
 5 1810        5     7008 6615 6331 6241 6255 6695 7980 985510680109251101710890
 5 1810        5    10617105971042210089 9950 9767 9524 9515 9810 9345 8597 7652
 5 2810        6     6908 6479 6166 5982 5916 6021 6261 6600 8209 8854 9134 9095
 5 2810        6     8750 8472 8116 7959 8078 8208 8149 8131 8509 8211 7617 6906
 5 3810        7     6382 6017 5767 5562 5555 5481 5572 6050 6768 7284 7538 7630
 5 3810        7     7570 7277 6938 6805 6922 7055 7083 7288 8183 8102 7335 6618
 5 4810        1     6084 5838 5711 5649 5763 6193 7790 980210758110651124011181
 5 4810        1    109551101010801105741061210464101361002910386 9777 8801 7733
 5 5810        2     6951 6557 6462 6266 6288 6729 81761022011043112481137611249
 5 5810        2    109621098610744104721043410249 9762 969210335 9930 8859 7745
 5 6810        3     6969 6622 6380 6237 6239 6654 8089 988710688109051101111005
 5 6810        3    108601079510654105131055110376100981005310334 9742 8761 7705
 5 7810        4     7002 6656 6394 6336 6383 6806 82871040011251114361144511277
 5 7810        4    109441100510860104241029910062 9665 958910296 9999 8972 7749
 5 8810        5     7064 6713 6508 6428 6478 6850 83191018310908110251107710954
 5 8810        5    10620106471037110081 9857 9577 9290 9199 9649 9339 8573 7579
 5 9810        6     6852 6401 6177 6028 6007 5994 6343 7243 8179 8722 8809 8685
 5 9810        6     8320 7973 7735 7606 7735 7905 7842 7809 8262 8138 7548 6867
 510810        7     6323 5878 5610 5413 5373 5298 5312 5895 6725 7380 7617 7775
 510810        7     7754 7504 7198 7048 7061 7130 7231 7452 8182 7997 7344 6539
 511810        1     6080 5821 5643 5627 5648 6097 7639 975610729110311135111324
 511810        1    111671118910991107501078810562101501007810380 9844 8833 7843
 512810        2     6998 6528 6364 6186 6254 6551 7974 997310979113841155211577
 512810        2    112751134511145109301101510786104071028510364 9872 8830 7683
 513810        3     6945 6582 6335 6165 6226 6554 80311000510789110771117211082
 513810        3    108521092510689104391041710201 9754 958910109 9798 8799 7679
 514810        4     6664 6420 6277 6174 6251 6671 8144 996110736110091111511007
 514810        4    107901092110709104961042310167 9734 959010138 9909 8892 7805
 515810        5     7067 6606 6302 6181 6195 6479 7853 979910716111111126611258
 515810        5    110701111610888105391046310230 9919 9800 9955 9469 8617 7628
 516810        6     6922 6409 6097 5922 5867 5837 6147 7027 8084 8866 9182 9245
 516810        6     8947 8652 8349 8238 8339 8530 8459 8360 8480 8161 7576 6855
 517810        7     6262 5855 5551 5376 5290 5163 5301 5849 6668 7289 7624 7715
 517810        7     7632 7290 6981 6863 6929 7066 7121 7248 8065 8075 7449 6657
 518810        1     6179 5912 5777 5733 5839 6229 7827 989010732110811122011139
 518810        1    108901091710675104391041710206 9684 948710066 9777 8726 7644
 519810        2     6911 6581 6357 6292 6348 6647 81151007410874110891112910983
 519810        2    107411081610629104161037710153 9777 963910063 9680 8668 7573
 520810        3     6894 6501 6302 6208 6236 6582 80291004110754109311109810986
 520810        3    107481088110711104781043310132 9665 9404 9990 9770 8756 7673
 521810        4     6853 6487 6260 6126 6206 6483 7947 990010745109871108011097
 521810        4    108371094310794105791046210215 9841 966910132 9829 8823 7634
 522810        5     6914 6500 6253 6127 6149 6461 7863 983610705109991109511055
 522810        5    1080410864106251026510062 9775 9428 9188 9593 9310 8473 7454
 523810        6     6676 6255 5954 5797 5724 5725 5865 6519 7597 8193 8338 8247
 523810        6     7995 7764 7525 7440 7546 7713 7641 7530 7957 7913 7321 6604
 524810        7     6003 5604 5381 5217 5132 4962 5092 5628 6373 6943 7135 7151
 524810        7     7044 6778 6576 6443 6679 6823 6839 6846 7470 7658 7134 6388
 525810        1     5772 5407 5210 5072 4995 4860 5117 5864 6733 7295 7613 7728
 525810        1     7636 7431 7261 7264 7467 7644 7584 7675 8363 8333 7607 6763
 526810        2     6194 5937 5807 5701 5706 6068 7650 982411140117321220712267
 526810        2    12141123731225312018118561137510842105551100310794 9666 8373
 527810        3     7519 7053 6760 6608 6584 6856 83231038411520120781242212515
 527810        3    12421126371252612375121601169811090107321107910829 9662 8447
 528810        4     7577 7129 6879 6690 6668 6958 84461051911546120311228112299
 528810        4    12132122991218111931117291126310743103601076710502 9407 8205
 529810        5     7437 6964 6680 6598 6519 6897 81891017211293117671202212018
 529810        5    118251188511670113731113110799103681007210235 9922 9039 8065
 530810        6     7238 6719 6393 6213 6135 6058 6328 7256 8359 9192 9539 9596
 530810        6     9417 9203 9048 8980 9070 9145 9003 8769 9081 9022 8384 7636
 531810        7     6931 6441 6100 5898 5753 5624 5677 6129 6962 7736 8155 8438
 531810        7     8407 8106 7805 7653 7709 7758 7686 7645 8165 8423 7728 6874
 6 1810        1     6302 6031 5803 5741 5780 6044 7600 965410715112391148711508
 6 1810        1    11421114271134311106109961063010064 968710070 9957 8883 7649
 6 2810        2     6984 6561 6331 6186 6211 6481 7917 987310846112481144911494
 6 2810        2    11271113031116210955109541071110128 972710107 9901 8867 7797
 6 3810        3     6977 6542 6340 6183 6249 6541 7995 996010872112581149311454
 6 3810        3    11303114111128811072111171089510406102001038110065 8973 7898
 6 4810        4     7102 6705 6464 6303 6362 6664 81161011911226117451214712345
 6 4810        4    12257125141249112251121001168211164107691106010837 9886 8569
 6 5810        5     7638 7146 6812 6605 6601 6821 82671038011557120401234412355
 6 5810        5    12203124271230211950117831128910822103821048210442 9536 8470
 6 6810        6     7555 6985 6622 6392 6279 6210 6466 7393 8580 9269 9625 9705
 6 6810        6     9500 9348 9205 9212 9344 9378 9167 8922 9054 8992 8385 7550
 6 7810        7     6881 6380 6019 5789 5582 5121 5669 6277 6934 7641 7768 7942
 6 7810        7     7879 7615 7386 7290 7392 7493 7499 7513 7997 8280 7631 6849
 6 8810        1     6299 6005 5785 5719 5801 6025 7570 961110772112511149711558
 6 8810        1    11384115861151011315112811087810282 99531031910130 9151 7933
 6 9810        2     7197 6778 6531 6394 6473 6852 81541027811371119441227412371
 6 9810        2    12256123301216611919117281127510603101421032710290 9321 8156
 610810        3     7283 6862 6586 6425 6439 6652 80911016411120115631178311822
 610810        3    11640118411174111556115051108510478101371045710298 9262 8112
 611810        4     7340 6884 6627 6460 6456 6621 80801013411193116741187311953
 611810        4    11815119851185211634115171110310523101451038810368 9357 8209
 612810        5     7347 6885 6616 6469 6450 6594 79701000711114116631188812012
 612810        5    11800119901184911639113471093310500102621037710019 9114 8055
 613810        6     7272 6753 6431 6240 6110 6005 6429 7313 8459 9212 9504 9455
 613810        6     9172 8929 8685 8630 8740 8789 8622 8368 8583 8725 8081 7357
 614810        7     6727 6282 5939 5780 5655 5466 5552 6105 6885 7460 7826 8073
 614810        7     8106 7835 7557 7498 7612 7791 7847 7855 8214 8280 7700 6903
 615810        1     6405 6076 5971 5906 5957 6348 7755 994211096116591199412090
 615810        1    11969121601211811979119461156711034105971089310836 9746 8459
 616810        2     7667 7185 6811 6726 6781 7075 85061054411791123741282713032
 616810        2    1305013444135641348113448129761240411965121711220511164 9783
 617810        3     8769 8230 7868 7695 7620 7816 91621135512672133441366913683
 617810        3    13385133851313712844126461209211380107541078810919 9933 8667
 618810        4     7777 7199 6931 6726 6690 6855 82471029811479121111245912540
 618810        4    12379125961250512284120971158411005105451064810697 9731 8514
 619810        5     7610 7159 6888 6692 6677 6820 81261012111389120421246112588
 619810        5    12513127391258012297120771154110977104641052110510 9624 8565
 620810        6     7744 7185 6793 6573 6478 6392 6729 7547 8706 9495 9901 9969
 620810        6     9698 9453 9214 9090 9216 9379 9222 9021 9075 8933 8314 7578
 621810        7     6938 6478 6156 5936 5818 5630 5743 6265 7093 7829 8266 8497
 621810        7     8529 8314 8112 8063 8154 8238 8228 8220 8622 9007 8445 7593
 622810        1     7002 6672 6503 6374 6447 6739 80231024511639124171295413181
 622810        1    13102133111319912804125421208611469110451090610780 9747 8577
 623810        2     7597 7120 6801 6659 6597 6792 80441001711225118251213212173
 623810        2    12001120991201411751116461122910544100861024310335 9394 8221
 624810        3     7363 6891 6580 6441 6433 6616 7809 973610839114461181011846
 624810        3    11639119091185911649116091116610605101981035910399 9461 8377
 625810        4     7551 7112 6858 6689 6709 6972 81631018711503122531265012786
 625810        4    12626127471250212287121291170411175107411091210774 9836 8684
 626810        5     7864 7382 7082 6874 6817 6940 7986 978211027116091187311881
 626810        5    116161160411357109901075010413 9908 9525 9550 9494 8666 7713
 627810        6     7001 6490 6207 6004 5934 5781 6146 7027 8061 8772 9054 9050
 627810        6     8813 8576 8401 8309 8421 8507 8330 8101 8298 8504 7883 7139
 628810        7     6495 6043 5731 5539 5448 5210 5356 5910 6692 7348 7707 7906
 628810        7     7840 7666 7489 7457 7627 7796 7814 7755 8136 8567 8009 7178
 629810        1     6568 6249 6046 5942 5947 6117 7276 922210631114881199112165
 629810        1    12133122491217311995119441151310880103211035210411 9429 8209
 630810        2     7298 6804 6534 6342 6320 6464 7558 940810597112771163511762
 630810        2    11657117421161611508114721108510533100861022410311 9374 8227
 7 1810        3     7379 6896 6652 6485 6474 6673 7794 961110748114811196112072
 7 1810        3    12067122291214311939117911136410800103801053810501 9622 8530
 7 2810        4     7614 7105 6832 6688 6648 6824 7870 971610976117141208812263
 7 2810        4    12121121611205211729115391112810628102051018710229 9426 8347
 7 3810        5     7284 6753 6436 6247 6094 6053 6507 7558 8633 9461 988210067
 7 3810        5     9977 9856 9695 9556 9541 9504 9230 8929 9064 9021 8402 7639
 7 4810        6     6928 6429 6087 5855 5758 5603 5693 6235 7005 7832 8254 8419
 7 4810        6     8323 8096 7812 7668 7707 7778 7717 7635 7900 7926 7679 7222
 7 5810        7     6525 6100 5768 5627 5523 5433 5445 5876 6606 7335 7913 8296
 7 5810        7     8416 8248 8016 7924 8030 8124 8082 8024 8358 8561 8038 7241
 7 6810        1     6686 6308 6072 6005 6008 6199 7237 907910597116001220912441
 7 6810        1    1245612543124761239612387120391157511147112331133510392 9068
 7 7810        2     8059 7512 7163 6956 6911 7020 80901003311600125131297113174
 7 7810        2    1320513379133591326613180127851222211774118431188410950 9573
 7 8810        3     8498 7914 7524 7283 7244 7279 83421028511781127801330713526
 7 8810        3    135171367813707136231361713276128021236412373124121153810305
 7 9810        4     9256 8685 8276 8098 8020 8121 90611093812531134701399614199
 7 9810        4    142051431414284141641407913745133251290413045129851197010595
 710810        5     9758 9101 8648 8466 8319 8351 92001104812526130651349413569
 710810        5    1339913431133231313412937125471209411468113781135110474 9417
 711810        6     8413 7807 7331 7049 6836 6627 6880 7815 8880 98881037310583
 711810        6    10447102921016810161103011039310242 99611008010241 9587 8611
 712810        7     7912 7335 6871 6607 6413 6227 6251 6681 7428 8098 8580 8898
 712810        7     9017 8900 8806 8823 9050 9221 9198 9060 9430 9827 9267 8459
 713810        1     7752 7478 7175 7019 7024 7274 83911031711734126211322213309
 713810        1    1333513392133181301712890124831196811508115231117810221 8913
 714810        2     8095 7627 7286 7135 7049 7220 81121011711420120631236012302
 714810        2    12127121171183611686115311114110420100231019210023 9085 8086
 715810        3     7260 6822 6576 6417 6406 6552 7625 949110707113581170811810
 715810        3    11726118211175711609115781117010650102181027110394 9474 8408
 716810        4     7503 7006 6713 6408 6472 6621 7613 946310764115381194912150
 716810        4    12056122691219712063120181166711181106511079510863 9884 8772
 717810        5     7825 7332 7005 6804 6753 6900 7865 977111051118891242412629
 717810        5    12529126261252212264120481167311176106641072810649 9799 8861
 718810        6     7895 7221 6939 6655 6473 6431 6674 7491 8537 94601002410205
 718810        6    10126 9991 9835 9752 9847 9802 9561 9290 9443 9320 8639 7940
 719810        7     7252 6693 6420 6133 6047 5870 5893 6405 7164 7921 8322 8647
 719810        7     8734 8628 8450 8400 8601 8756 8736 8671 9124 9404 8836 7996
 720810        1     7322 6994 6771 6602 6633 6981 81471006111552124621296313156
 720810        1    12993130021283412470123521200811462111071110010542 9636 8609
 721810        2     7822 7382 7134 7013 7012 7369 83721035811840127891344413750
 721810        2    1378314027140061380513618130661246812073122381190410858 9537
 722810        3     8582 8024 7617 7422 7353 7475 84421031211570121851251912639
 722810        3    12436125361242812195120791167511022105421066910577 9571 8408
 723810        4     7537 7001 6701 6531 6490 6674 7662 947510684113311178211881
 723810        4    11681118241172611565115061116910600101281032610250 9309 8196
 724810        5     7303 6847 6588 6415 6392 6577 7544 933410548111741152011626
 724810        5    11494115771146811234109841064610184 9711 9954 9776 8967 8016
 725810        6     7160 6717 6386 6174 6124 6031 6266 7202 8142 8988 9390 9431
 725810        6     9251 9001 8784 8674 8755 8830 8627 8356 8653 8636 8021 7283
 726810        7     6725 6240 5914 5724 5648 5569 5586 6062 6788 7471 7893 8206
 726810        7     8293 8109 7930 7849 8009 8133 8146 8164 8716 8728 8218 7486
 727810        1     6959 6643 6489 6412 6594 6870 7954 993411550124891304113120
 727810        1    12960130191277012476122551174511034104161064510409 9410 8205
 728810        2     7407 6886 6532 6439 6412 6589 7605 940410592112181170911785
 728810        2    11657117921171211570114191115510635103631053110044 9140 8066
 729810        3     7378 6970 6781 6637 6706 7171 8174 999811287120781254012669
 729810        3    12594126391243312148119771151410865104111041910040 8992 7916
 730810        4     7014 6709 6464 6315 6336 6577 7599 935910471110911145211526
 730810        4    11421115291137711174110891079210343 98851022310020 9083 8030
 731810        5     7179 6715 6451 6266 6280 6482 7450 930510573113071177911892
 731810        5    11861121421197511786116231129110833103641057410324 9410 8335
 8 1810        6     7525 6968 6618 6350 6245 6121 6335 7211 8334 9201 9668 9808
 8 1810        6     9666 9504 9397 9379 9532 9659 9452 9118 9429 9315 8610 7837
 8 2810        7     7047 6535 6137 5929 5795 5609 5704 6222 7003 7685 8186 8517
 8 2810        7     8648 8514 8402 8386 8602 8755 8733 8666 9270 9347 8687 7836
 8 3810        1     7182 6776 6512 6374 6389 6691 7728 975011313122541290713149
 8 3810        1    1321513390133421318213095126191207511659119871158310483 9257
 8 4810        2     8337 7838 7503 7336 7297 7563 84941043711893127461336113582
 8 4810        2    1358313802137751359713472130471244111929122771193310825 9400
 8 5810        3     8608 8075 7665 7461 7421 7709 87231064811974129011340913627
 8 5810        3    13496134441326613044128531231811649111751136810897 9900 8771
 8 6810        4     7889 7378 7085 6909 6880 7151 8090 997511230119941235812423
 8 6810        4    12263123921235312107119751159111016106921103310691 9692 8545
 8 7810        5     7707 7142 6853 6645 6632 6896 7812 957810900116171198312108
 8 7810        5    11994121121198311703115301114310646102211055910114 9253 8318
 8 8810        6     7417 6925 6566 6414 6316 6343 6530 7279 8301 9110 9550 9651
 8 8810        6     9488 9228 8952 8885 8941 9091 8944 8851 9148 8895 8236 7573
 8 9810        7     7011 6557 6254 6066 5955 5952 5909 6325 7064 7793 8285 8614
 8 9810        7     8745 8585 8453 8428 8601 8738 8722 8752 9387 9311 8718 8029
 810810        1     7324 6916 6704 6595 6592 6922 7882 974411353123421301913240
 810810        1    1318313412133291319713172128411232711862122221184410686 9418
 811810        2     8505 7919 7562 7332 7289 7525 84851041711913129161349313848
 811810        2    1374413974139341375513693132341262812260125481200310861 9659
 812810        3     8704 8177 7832 7631 7545 7843 87731070312051127741321613313
 812810        3    1313613249130701279312647122131163311301116831122910197 9144
 813810        4     8204 7660 7313 7155 7109 7447 83611016411423121441259012768
 813810        4    1273212843127971259812478120631150311145115571106210050 8929
 814810        5     8041 7513 7149 6936 6914 7187 8076 996711276119721236412405
 814810        5    12285123761223912009118081143910972106271095710441 9500 8518
 815810        6     7673 7157 6824 6615 6548 6609 6864 7679 8790 96711014610306
 815810        6    1014510053 9798 9745 9865 9937 9818 9746 9933 9477 8832 8151
 816810        7     7451 6952 6618 6423 6307 6241 6226 6611 7362 8208 8707 9093
 816810        7     9209 9020 8790 8732 8847 8892 8739 8636 9127 8874 8152 7312
 817810        1     6704 6319 6136 5993 6026 6387 7391 929210602113221172511837
 817810        1    116401174811606113591129710991104271014610514 9914 8968 7886
 818810        2     7127 6702 6507 6334 6383 6662 7640 944610647112611163511739
 818810        2    11593117691166711545115211116010639102771075810221 9180 8064
 819810        3     7315 6856 6584 6423 6427 6796 7693 948810699113251176211879
 819810        3    11755119731184211651115781118510662103131080310121 9138 8090
 820810        4     7292 6888 6573 6432 6440 6777 7656 946510600112571178611833
 820810        4    11683118621177011464114371105610578102831074410152 9159 8068
 821810        5     7282 6793 6550 6372 6379 6733 7591 937110623114191165511857
 821810        5    11769119831186811600113461100810556102901066010042 9103 8134
 822810        6     7311 6791 6458 6252 6151 6231 6399 7206 8265 9061 9478 9516
 822810        6     9293 9105 8928 8795 8893 8981 8828 8894 9093 8700 7982 7328
 823810        7     6655 6201 5919 5732 5652 5638 5673 6020 6792 7529 7925 8158
 823810        7     8180 7991 7779 7727 7929 8066 8050 8196 8835 8597 7935 7291
 824810        1     6719 6328 6258 6041 6109 6512 7499 946610918117511226512416
 824810        1    12216122561208011794117471146710917107121088910162 9149 8117
 825810        2     7292 6837 6594 6436 6486 6837 7841 964910730113641170111724
 825810        2    115431162911353110931107110725102071011610489 9874 8896 7873
 826810        3     7074 6659 6370 6246 6295 6688 7678 942910542110491143911498
 826810        3    11436114371147311249112611095910427103171070410059 9054 7996
 827810        4     7204 6751 6510 6389 6401 6763 7742 951110702114151182712026
 827810        4    11894120681200811700116091123810836107631100710321 9309 8284
 828810        5     7429 6999 6718 6514 6565 6894 7843 962610818116201203612111
 828810        5    119501206911901116261135910963104741042010598 9969 9027 8002
 829810        6     7250 6744 6379 6224 6167 6215 6412 7222 8285 9092 9545 9559
 829810        6     9320 9057 8801 8683 8741 8831 8672 8785 9033 8593 7906 7208
 830810        7     6611 6171 5875 5690 5619 5605 5590 6002 6735 7458 7868 8144
 830810        7     8194 7993 7777 7682 7812 7935 7996 8378 8690 8337 7723 7169
 831810        1     6451 6241 6082 6000 6031 6506 7603 958410889117151222712320
 831810        1    12141122761212011815117201137010887109301105110299 9167 8138
 9 1810        2     7375 6968 6684 6589 6578 6988 81531002111181118081223712336
 9 1810        2    12199122561214811877117881145710952109671090010353 9298 8191
 9 2810        3     7373 6946 6694 6519 6538 6976 81721005511144117191202012131
 9 2810        3    11971121251187911640116121129410803109151099310254 9239 8118
 9 3810        4     7293 6888 6622 6485 6487 6898 8142 991511020115571187111872
 9 3810        4    11672117421155211342112601103710749108891082110074 9054 8023
 9 4810        5     7265 6768 6499 6346 6383 6816 8002 978510874114391174611781
 9 4810        5    115321159311410110821080010515101301031910320 9674 8768 7755
 9 5810        6     6882 6407 6085 5894 5789 5864 5937 6605 7581 8358 8701 8782
 9 5810        6     8599 8342 8122 8006 8151 8296 8283 8582 8708 8243 7635 7002
 9 6810        7     6375 5894 5584 5416 5307 5289 5269 5673 6421 7100 7483 7705
 9 6810        7     7681 7487 7256 7080 7224 7278 7314 7798 8047 7718 7175 6514
 9 7810        1     5939 5594 5366 5221 5154 5232 5272 5681 6495 7353 7830 8058
 9 7810        1     7973 7705 7449 7398 7631 7841 7878 8372 8514 8082 7357 6608
 9 8810        2     6110 5790 5671 5601 5690 6230 7679 973810931114811197712082
 9 8810        2    11915121001194211693116331135511034113111118710366 9252 8103
 9 9810        3     7227 6824 6579 6478 6458 6893 82971009911023115211176011724
 9 9810        3    115721166211479112721121710882104891076210739 9955 8800 7754
 910810        4     6949 6520 6309 6148 6223 6680 8109 991110559110591125911207
 910810        4    110211119311067109571089010738104851079110739 9976 8936 7893
 911810        5     7151 6696 6492 6348 6374 6793 8197 997710930114031173411775
 911810        5    115671171111646113161107510785104061063710578 9836 8831 7865
 912810        6     6993 6560 6250 6071 5997 6082 6349 7193 8247 9019 9429 9502
 912810        6     9342 9198 9002 8923 9079 9244 9123 9408 9334 8802 8057 7323
 913810        7     6654 6145 5787 5605 5477 5489 5505 5907 6764 7442 7810 8043
 913810        7     8066 7863 7703 7665 7799 7964 8012 8796 8960 8461 7774 6931
 914810        1     6399 6113 5919 5869 5905 6437 7915 991011055117241217912337
 914810        1    12403126711269312460123941203411744118441148510670 9465 8241
 915810        2     7454 7030 6786 6612 6667 7130 86521053111530120101237812341
 915810        2    12119121271197711764118441161711312113861099110196 9075 7979
 916810        3     7155 6779 6522 6451 6449 6923 85321038111271116461186611823
 916810        3    115821163311433111841126011065107411095610657 9887 8831 7734
 917810        4     6988 6565 6338 6221 6274 6763 82211004310873112161142511400
 917810        4    111951133111196109851089110752105981097410699 9926 8857 7810
 918810        5     6945 6610 6328 6235 6274 6698 82461009910938113261148311467
 918810        5    112101129311090107291052310275101331043710146 9479 8548 7590
 919810        6     6845 6421 6141 5978 5919 6042 6415 7195 8289 9144 9527 9540
 919810        6     9266 8968 8731 8595 8782 8863 8838 9003 8721 8256 7604 6870
 920810        7     6275 5892 5598 5453 5360 5377 5512 5940 6772 7408 7740 7935
 920810        7     7878 7679 7365 7266 7387 7558 7917 8617 8513 8082 7334 6604
 921810        1     6106 5857 5726 5644 5751 6322 7912 988610681111681129011262
 921810        1    110331111010915106891070910554104331093710537 9846 8739 7697
 922810        2     6903 6495 6303 6171 6212 6689 82671002210951113361156611621
 922810        2    114971161811508113801149311296111451122710726 9909 8838 7779
 923810        3     6881 6520 6285 6148 6208 6653 84151027811162114431162611621
 923810        3    113781139111235110821113611178109351116210694 9920 8959 7795
 924810        4     7010 6628 6523 6167 6293 6789 84171030911166114061160211497
 924810        4    11232112651104810870110751105711014111681081510006 8972 7701
 925810        5     7055 6638 6447 6326 6366 6856 83921013410889111761126611165
 925810        5    109411103310766104781030610041101081047110093 9452 8590 7615
 926810        6     6854 6424 6114 5979 5924 6045 6401 7208 8270 8941 9138 9071
 926810        6     8743 8426 8181 8068 8205 8446 8715 9077 8728 8111 7577 6878
 927810        7     6292 5909 5608 5466 5398 5428 5539 5908 6769 7394 7781 7977
 927810        7     7985 7760 7540 7449 7607 7842 8342 8947 8741 8196 7526 6811
 928810        1     6268 5988 5811 5766 5778 6297 7910 981310810113011152111546
 928810        1    113301130411057108071087010762106731105110609 9927 8784 7648
 929810        2     6943 6590 6349 6267 6305 6819 84751028511092112921140711337
 929810        2    110401109910896106561068510616107191111410734 9943 8889 7787
 930810        3     7027 6706 6531 6441 6499 7036 87181051511214113921145311314
 930810        3    11029110751080210597106811065010795112091083510093 9047 7858
10 1810        4     7133 6779 6577 6495 6593 7075 88351069811485116941184811754
10 1810        4    11542115441135511130113111157811638114911104610220 9120 7903
10 2810        5     7215 6845 6623 6486 6512 6968 86241054311271115271158911466
10 2810        5    111971119110955106431059010661108911075710313 9657 8738 7720
10 3810        6     7052 6534 6259 6109 6076 6211 6643 7463 8534 9262 9548 9547
10 3810        6     9231 8945 8642 8421 8509 8750 9130 9328 8940 8483 7822 7078
10 4810        7     6574 6162 5895 5767 5676 5727 5986 6371 7157 7752 8011 8139
10 4810        7     8074 7735 7441 7263 7429 7690 8380 8866 8681 8221 7534 6694
10 5810        1     6254 6002 5851 5780 5858 6433 82181027411213115331168311704
10 5810        1    11495113561108510812109071101511194111821069010002 8956 7796
10 6810        2     7067 6678 6447 6348 6426 6960 86891055311326115301156311513
10 6810        2    11308114241131511262114841164711605113811084710057 9014 7634
10 7810        3     7049 6634 6416 6325 6388 6967 85961044011179114001149311408
10 7810        3    11223112531107610941110771107811275113481089710185 9173 7933
10 8810        4     7156 6801 6604 6536 6551 7062 86861045411264115121162111507
10 8810        4    11169112111099810812108291089211236113431094810219 9141 7980
10 9810        5     7112 6657 6467 6423 6909 7246 87251060211399115731160011417
10 9810        5    110941109410852105251050010584109281086910386 9773 8964 8008
1010810        6     7151 6680 6426 6272 6248 6429 6877 7640 8617 9178 9283 9088
1010810        6     8772 8360 8150 7984 8169 8550 9176 9315 8941 8488 7912 7233
1011810        7     6677 6296 6070 5947 5904 6001 6224 6681 7508 7986 8145 8171
1011810        7     8054 7750 7421 7288 7463 7836 8583 8869 8659 8324 7756 6989
1012810        1     6553 6281 6030 6018 6017 6386 7255 8470 9520100601028210184
1012810        1     9891 9683 9403 9194 9385 9613102051042010073 9557 8733 7739
1013810        2     7081 6786 6622 6591 6715 7370 91611115911853118731180011557
1013810        2    11169111541088710598106561076911237113061091210206 9178 7989
1014810        3     7291 6929 6770 6721 6810 7412 92501109311725117901166511434
1014810        3    11095110831088710583106731071211177112851081710077 9123 7996
1015810        4     8196 6874 6709 6601 6682 7311 91201099411620117041161911391
1015810        4    11051110651094510597106111073111289112901088110172 9028 7858
1016810        5     7218 6859 6600 6497 6592 7120 88301075711419115741165311468
1016810        5    111871122310971106591055610546109941078310351 9699 8798 7846
1017810        6     7048 6614 6341 6191 6169 6356 6832 7580 8647 9265 9331 9174
1017810        6     8753 8420 8068 7906 8034 8418 9233 9263 8820 8373 7775 7151
1018810        7     6595 6200 5965 5838 5789 5884 6120 6550 7386 7996 8300 8493
1018810        7     8512 8309 8143 8187 8561 8953 9340 9199 8874 8371 7655 6882
1019810        1     6360 6055 5896 5843 5944 6512 83391020711092113661150311405
1019810        1    11198112951112410937111221130911671114931102110301 9256 8140
1020810        2     7359 7011 6809 6735 6832 7480 92911115411739118251178211501
1020810        2    11196111771091310650107301098511523114181093210217 9189 8046
1021810        3     7244 6882 6670 6563 6601 7191 89171074411336114451141111303
1021810        3    110621107410833106011062710725112931113110720 9979 8958 7832
1022810        4     7055 6721 6495 6380 6457 7010 87401059511256114471143511279
1022810        4    110101104510865106061063010841113791111810675 9940 8896 7820
1023810        5     7026 6623 6387 6253 6277 6821 83401030011144114341149911503
1023810        5    112331128211082108441085111087112471086210335 9637 8835 7942
1024810        6     7061 6637 6353 6179 6158 6307 6776 7583 8606 9265 9524 9394
1024810        6     9042 8645 8319 8142 8313 8796 9686 9489 9142 8680 8116 7500
1025810        7     6934 6566 6198 6100 6136 6351 6497 7011 7998 8397 8463 8497
1025810        7     8405 8148 7901 7960 8698 9564 9399 9151 8795 8169 7574 6799
1026810        1     6395 6133 6043 6054 6119 6828 86761064211525118481198611930
1026810        1    11710117021153611438119931249012022113951086410002 8949 7642
1027810        2     7142 6770 6567 6452 6556 7127 88401066811426116691180011697
1027810        2    115101158811412113561196712488119961139810827 9992 8949 7925
1028810        3     7082 6665 6448 6370 6431 6971 86311041211139114281154511423
1028810        3    11212112401104810885113871215211843114231088110129 9105 8145
1029810        4     7298 6847 6657 6593 6658 7289 89251074711453116151160211456
1029810        4    11162111981102310849113901236312112116471118810407 9265 8207
1030810        5     7468 7076 6869 6783 6904 7477 91061092311581117931181411619
1030810        5    113071119011068109381130811980116851107710575 9950 9073 8247
1031810        6     7322 6907 6729 6513 6306 6322 7008 7945 8882 9392 9480 9320
1031810        6     8894 8489 8160 8109 888510127 9764 9345 8988 8543 7929 7292
11 1810        7     6748 6404 6168 6002 5969 6064 6143 6659 7469 8028 8311 8514
11 1810        7     8534 8258 8002 7951 8709 9683 9619 9280 8984 8413 7767 7104
11 2810        1     6536 6291 6173 6154 6288 7015 86621056411296114501148611314
11 2810        1    109811100010767105611109512131117431121310676 9959 8888 7843
11 3810        2     7055 6664 6501 6438 6531 7148 87971053311183113801139511246
11 3810        2    10930109741075610599111861225411870114321095110200 9208 8148
11 4810        3     7336 7030 6814 6746 6816 7474 90921087811436114941143711287
11 4810        3    10960110051075010633111851219711922113841093210146 9162 8010
11 5810        4     7377 6992 6829 6773 6882 7527 91961098311526115611149511306
11 5810        4    10950109461072110568112591213511814113431085510036 9034 7905
11 6810        5     7091 6731 6512 6425 6505 7040 86781051111400116591174311631
11 6810        5    112951121310981107141114011781114061082310312 9681 8846 7920
11 7810        6     7105 6653 6383 6259 6281 6493 6904 7798 8879 9597 9892 9788
11 7810        6     9468 9143 8908 8843 97181076910460 9958 9522 9028 8402 7703
11 8810        7     7111 6712 6440 6281 6261 6353 6450 6944 7667 8146 8307 8402
11 8810        7     8255 7943 7603 7525 8324 9574 9515 9332 9088 8556 7965 7231
11 9810        1     6694 6460 6350 6327 6502 7107 89021078911471116741170211519
11 9810        1    11260112661112711133119201246812392116711120310466 9453 8351
1110810        2     7599 7204 7057 7015 7087 7734 95091139412020121431211812063
1110810        2    11782118281166611577123691296912423117951128010472 9486 8393
1111810        3     7589 7129 6889 6767 6804 7164 8046 929910122106041084210811
1111810        3    105621037710110 99871086811803114351098810622 9979 9097 8117
1112810        4     7426 7086 6928 6901 7044 7698 94791134011962121291207311894
1112810        4    11547115041132111184119801291312642122031174910973 9956 8847
1113810        5     8094 7706 7532 7480 7576 8219 98971161912190122181209511849
1113810        5    11398113691103010799114951235411959114811097910361 9495 8545
1114810        6     7713 7227 7000 6858 6845 7080 7411 8232 9231 9748 9865 9743
1114810        6     9360 9016 8680 8716 96201067710367 9841 9417 8877 8243 7546
1115810        7     6965 6519 6224 6122 6069 6145 6289 6748 7578 8303 8703 9032
1115810        7     9130 8924 8730 8754 947910006 9848 9512 9170 8652 7962 7186
1116810        1     6646 6378 6223 6182 6310 6962 87591078211656119631210412071
1116810        1    11883118581174911622124151275812184116881110310299 9216 8081
1117810        2     7303 6881 6653 6543 6622 7150 89261080111520117321182911727
1117810        2    11473115071140011319122581271512188116351113510395 9316 8067
1118810        3     7363 6984 6765 6667 6789 7361 91121099011776119851209912036
1118810        3    11809118541169711635124321291212367118451131410564 9481 8302
1119810        4     7523 7115 6914 6810 6905 7507 91911100711695117921182711645
1119810        4    11357113551114011003118411255912141117021124810499 9421 8182
1120810        5     7467 7050 6829 6750 6802 7390 90681093511764121111230312277
1120810        5    12083120731188511781123061243111981113741084710138 9351 8285
1121810        6     7510 7024 6747 6588 6558 6745 7223 8060 9156 99251018510178
1121810        6     9879 9620 9418 940210234109671063410069 9638 9135 8547 7854
1122810        7     7175 6754 6473 6296 6258 6360 6537 6920 7694 8345 8696 9026
1122810        7     9149 8968 8768 8839 9732104741031710031 9799 9332 8648 7913
1123810        1     7315 7018 6873 6849 7002 7643 95231140712161123691239812297
1123810        1    1201111987117861176612658133761290412452120091126410130 9005
1124810        2     8177 7746 7561 7507 7604 8266100671181812403124741241512209
1124810        2    1189311828115901149612519132501291612501120461132810229 9112
1125810        3     8251 7893 7706 7629 7692 8333100721191412636128741293012742
1125810        3    1237012261119711165312554130211260312263118081112910066 8887
1126810        4     7943 7441 7146 7031 6978 7169 7518 8181 9128 9661 9783 9658
1126810        4     9160 8368 7736 7552 8063 8477 8517 8559 8513 8340 7919 7311
1127810        5     6750 6431 6249 6175 6217 6493 7093 8058 9076 9764 9978 9892
1127810        5     9579 9306 9127 9250101601069210334 9912 9493 8915 8221 7538
1128810        6     6884 6509 6256 6173 6151 6329 6696 7315 8370 9176 9465 9465
1128810        6     9316 9078 8958 9037 99121066910402 9988 9606 9149 8540 7898
1129810        7     7270 6864 6600 6434 6431 6527 6757 7137 7971 8642 9040 9312
1129810        7     9329 9040 8732 8792 982610660105001027410010 9490 8772 8022
1130810        1     7424 7155 7033 7006 7150 7870 97981174712453127551276512573
1130810        1    1223612157119011181612819135451311312654121581147810366 9190
12 1810        2     8394 7990 7842 7776 7898 8536103191222912929130431307312973
12 1810        2    1268012762126671267813615138411331112779121961136610180 8951
12 2810        3     8071 7625 7351 7210 7239 7799 95231145212159123761251412498
12 2810        3    12225121851191811728125471298912473119571148410756 9698 8532
12 3810        4     7668 7290 7058 6983 7092 7697 95291143112097122201225012146
12 3810        4    1178311799116471162312536130141262612121117041102710051 8842
12 4810        5     7929 7527 7296 7243 7360 7974 97361155612180122011208711870
12 4810        5    11519114571128811227120971257512206116871121310569 9774 8905
12 5810        6     7998 7512 7181 7097 7033 7233 7741 8580 9651104501075210727
12 5810        6    105151025010092102111111711686113321083810405 9887 9187 8369
12 6810        7     7338 7359 7071 6952 6835 6965 7203 7669 8501 9254 981910112
12 6810        7    1023810112 994910061110511162711366110041063210013 9279 8409
12 7810        1     7806 7507 7379 7350 7497 8099 97231136712244126261267012543
12 7810        1    1221312072117911176212817134571303912539120091135310231 9082
12 8810        2     8186 7762 7569 7475 7576 8200100181179412497126251266812567
12 8810        2    1231112395122601225213257136761319812707121821145110321 9151
12 9810        3     8263 7844 7658 7626 7733 8385102571212812842130601308912952
12 9810        3    1272712726126221257313499141081359713146126531195110771 9519
1210810        4     8646 8192 8005 7908 7983 8623105251235512980130391298212818
1210810        4    1241412416122701230613239138791353813082126391194610833 9543
1211810        5     8674 8208 7988 7878 7940 8522103371222012916130111296012705
1211810        5    1229812211119751185012699131851282012240117801112210264 9276
1212810        6     8428 7888 7579 7444 7430 7610 8064 8905 9965106341074510575
1212810        6    10203 9892 9716 9839108631163911404108951048710040 9436 8731
1213810        7     8068 7636 7349 7204 7168 7278 7586 7994 8787 9343 9555 9642
1213810        7     9913 9186 8879 9007101661112011111109011066010187 9409 8610
1214810        1     7935 7630 7508 7478 7649 8300102921233013059132711322413035
1214810        1    1270312638124431248013514140041366113061126301187710755 9431
1215810        2     8509 8078 7839 7765 7825 8394100941190212596129401305912979
1215810        2    1270612703124931247313476138631348912949124711170810616 9184
1216810        3     8356 7965 7721 7629 7710 8329100911192312688129621314213026
1216810        3    1263512592123581224713205139311360913152126711199010869 9562
1217810        4     8725 8279 8072 7943 8087 8687105511232512917129241287512732
1217810        4    1245912499123831238913292138721360713064126171190510803 9479
1218810        5     8507 8051 7845 7734 7809 8432102061199712759130521317013041
1218810        5    1271712696124781238713058134741316512606121091142210532 9468
1219810        6     8767 8243 7936 7810 7815 8053 8573 937710416110161108610936
1219810        6    1058110318101321020811377123901229311822114881098010345 9538
1220810        7     8845 8374 8027 7954 7905 7981 8309 8692 9560101301039310509
1220810        7    1048410131 9868 992611030120561205111790116141118610396 9418
1221810        1     8817 8513 8398 8414 8574 9268111721301013783138571363813347
1221810        1    1282312746124911241713489141981398513482130261235511272 9947
1222810        2     8916 8346 8089 7956 8038 8636103281218112911132321334313268
1222810        2    1301312910126191241113161137551352113023126371193910871 9575
1223810        3     8561 8032 7760 7674 7736 8204 98971183512625130251306512904
1223810        3    1243312209118031154312272129451274212269118621121610247 9122
1224810        4     8038 7450 7140 6978 7007 7266 8240 939610447109451093110579
1224810        4     9989 9522 9241 9169101441098410499 9803 9459 8996 8803 8294
1225810        5     7673 7093 6656 6435 6364 6486 6905 7571 8311 8838 9086 9159
1225810        5     9072 8600 8129 7926 8402 9083 9149 9142 9160 9030 8682 8077
1226810        6     7412 7039 6839 6804 6798 6973 7343 7772 8588 9374 9582 9773
1226810        6     9667 9379 9154 91971017911061108761048310128 9637 9004 8266
1227810        7     7561 7094 6802 6634 6588 6657 6914 7240 7957 8770 9323 9760
1227810        7     9974 9862 9563 95781028110837106651035510117 9643 8965 8179
1228810        1     7452 7154 6981 6939 7060 7497 87471022711210117611199912034
1228810        1    11756114771118911066120411290512591120571152810811 9870 8796
1229810        2     7943 7509 7255 7177 7209 7665 87831029511229117061190911879
1229810        2    1161111484113441130312123129561265912074117621104010091 9060
1230810        3     8227 7811 7617 7547 7650 8164 93651078911641119521211112014
1230810        3    1167811491112311115412039129681271212258118511127910380 9328
1231810        4     8470 8047 7833 7762 7822 8265 93681063111524118771189911665
1231810        4    112151091710629104781122711986115981087210235 9637 9111 8652
