 1 1820        5     8202 7671 7198 6882 6764 6788 6964 7104 7570 8190 8781 9308
 1 1820        5     9587 9494 9323 9322 99501043610207 9871 9608 9153 8660 7988
 1 2820        6     7320 6948 6753 6676 6705 6888 7314 6798 8704 9449 9826 9938
 1 2820        6     9771 9456 9240 9245102191140811313108941056310150 9566 8928
 1 3820        7     8280 7878 7650 7503 7473 7533 7765 8076 8839 9519 996810239
 1 3820        7    1033810141 9906 98711062911277111291081710485 9947 9126 8324
 1 4820        1     7668 7395 7188 7203 7347 7982 97291163112511130291332813443
 1 4820        1    13151129901289912740132351347512896122721162510716 9639 8602
 1 5820        2     7740 7372 7226 7170 7282 7918 96931160412280125161264112567
 1 5820        2    1230712337120831201612844137991343712999125331176110649 9481
 1 6820        3     8663 8313 8141 8106 8196 8813106491249413071132211319413083
 1 6820        3    1279712789125741245813009135951310112494120301127210160 8996
 1 7820        4     8134 7727 7515 7410 7488 8101 98821176912351125591262012476
 1 7820        4    1224212279121691213312768134531313412657121981147710414 9330
 1 8820        5     8545 8204 8087 8021 8212 8858107551254413185133591341113319
 1 8820        5    129821295612650124421303513886136341313712644119091100010005
 1 9820        6     9211 8740 8445 8310 8240 8352 8795 957410551111991156611604
 1 9820        6    1138711104108421081611537123221212111594111591063310002 9337
 110820        7     8825 8436 8200 8122 8130 8246 8575 8977 9871105761091611278
 110820        7    115291138411205111821192112842128481253012278118621110110269
 111820        1     9735 9468 9350 9325 944110145120251400614679150281508414964
 111820        1    147121460714319141661484115599152601477314326134371232611176
 112820        2    104891014110001 99941015510844126681441114833149541497314739
 112820        2    143731421513970138191453415483151551466814255134681230911223
 113820        3    1048510171 9955 9912 998610586123921414014610146361456514392
 113820        3    140971409813910137541438414981145741405813546127181157710529
 114820        4     9680 9301 9076 9026 9103 9661110751261513459138421414014171
 114820        4    139411381413533133311381514437140441358413057122261113410039
 115820        5     9244 8846 8665 8595 8682 9196106271219312892131971333713283
 115820        5    129381280612558123281288013900136491312112697119471118310218
 116820        6     9420 8969 8737 8673 8697 8929 94221012111072117171201912067
 116820        6    11768114131114911091115831244312159116341116010580 9960 9290
 117820        7     8787 8481 8321 8320 8385 8611 9007 945210292109551141911721
 117820        7    118721166311463115021213613233132601299912823122951155110850
 118820        1    10222 9980 9902 98991007110784126711447915192153351531015129
 118820        1    146671449714148139941446615423152361482514329135731246411327
 119820        2    105141017610055100191012210762126081429614660146771458314320
 119820        2    139101374313438133171397714954147181429013837130201183910691
 120820        3     9842 9477 9249 9175 9277 9888116501333513845138591377813440
 120820        3    130021285512629125061311914138139271355613110123791131310177
 121820        4     9408 9065 8947 8930 9099 9764116951349014232143631434514081
 121820        4    137281372013497133361380714814147091431913912131801214111081
 122820        5    10321 9980 9872 9825 997010650125051415814648147141462614381
 122820        5    139851376013456132541364014616144551403013619128981206711067
 123820        6    10347 9991 9635 9482 9447 9611 99921074511801126881309713268
 123820        6    1310212728123801213212554131591272612036114371073210043 9167
 124820        7     8482 8056 7790 7648 7605 7662 7957 8380 9223 98891028910559
 124820        7    105901033210085 997710520115601173411469113811097210288 9518
 125820        1     8984 8753 8661 8691 8871 9588115601334613941141741417213980
 125820        1    136531349813264131161365314645144941409313560128341183410664
 126820        2     9959 9654 9579 9504 969710408122651386214322143351421813979
 126820        2    136571350813308131521369814779146651430913883132271219911043
 127820        3    1031110052 9905 98681002510713125621424914671146571455414273
 127820        3    138181361813311130391356914610145771417013760130821201610848
 128820        4    10068 9738 9595 9501 966110282121141371314184141971405413863
 128820        4    1356913550133731317413475141951398913548130651223011114 9915
 129820        5     9076 8719 8495 8442 8555 9176109121258013106131751315912949
 129820        5    1260412454121571194312244132261321712723123031159510799 9937
 130820        6     9120 8681 8472 8384 8417 8624 9106 982810811114041165411579
 130820        6    112751100010754106801111611954116921110610600 9964 9299 8575
 131820        7     7937 7489 7186 7008 6919 7026 7275 7668 8482 9249 9611 9846
 131820        7     9837 9685 9486 9674103641114711161109091064410150 9406 8482
 2 1820        1     7975 7724 7566 7450 7554 8234 98361171212448127171288912901
 2 1820        1    1271012577123131213712532135221358513206126761191110855 9852
 2 2820        2     8963 8633 8500 8502 8589 9291111471281913378133901343213125
 2 2820        2    1283812782125941251213025138231364213094125871171710573 9448
 2 3820        3     8666 8273 8095 8031 8121 8697103731216812871130791327213228
 2 3820        3    1295412871126461244112847134301308612585120241119910078 8987
 2 4820        4     8113 7696 7447 7322 7379 7961 97191142712043122411225812128
 2 4820        4    1186711843116441145311727127181290012479121161142810408 9312
 2 5820        5     8549 8216 8065 8003 8171 8821105901235812950131931311213019
 2 5820        5    1261512608123941221812519131461299312506119661115810261 9172
 2 6820        6     8491 7996 7724 7538 7456 7651 8024 8731 9786105821107711144
 2 6820        6    10879105181023910210106081162611798113461095310474 9891 9157
 2 7820        7     8665 8261 8016 7941 7922 8073 8312 8701 9395 99181018310352
 2 7820        7    10277 9890 9537 9377 97491078611335111951084910389 9649 8834
 2 8820        1     8335 8071 7900 7910 8065 8751106211232212988130411310112900
 2 8820        1    1252012392120691189512218132391332512919123501160810579 9391
 2 9820        2     8640 8269 8062 8001 8076 8785106611218012833131781338213414
 2 9820        2    1317913200129671278213057136711348312983124171155210353 9340
 210820        3     8552 8183 8021 7936 8103 8793106341227312825129881305212889
 210820        3    125751246412221120351234413319136051326212843121981115310027
 211820        4     9288 8975 8820 8767 8934 9634115011311913596136301363813415
 211820        4    129951283112467122801252813422137471338212940122511124210143
 212820        5     9372 9027 8874 8816 8941 9582112411279413370133641325912930
 212820        5    1248612335120901182611977128101297412533120331136710535 9561
 213820        6     8771 8315 8050 7921 7904 8101 8492 929410296110621136411387
 213820        6    11090106601049010382106791159311814113121087410329 9728 9098
 214820        7     8489 8123 7890 7746 7746 7851 8108 8563 9228 9667 9864 9924
 214820        7     9821 9418 9047 8945 927810251106921053810328 9938 9510 8969
 215820        1     8360 8070 7914 7844 7932 8234 90131012911167115281187811753
 215820        1    11368108991047910257106571152911673112501078110133 9307 8273
 216820        2     7680 7280 7097 7007 7083 7609 90831073511601119201205511945
 216820        2    1155011471112421106711369122011240211989115491089510004 8956
 217820        3     8242 7899 7773 7755 7902 8504 99011174112662130251304312969
 217820        3    1264012574123551210712415131771332412910124381172510796 9711
 218820        4     8952 8556 8387 8305 8428 9004104461217113057133511338213202
 218820        4    1274312592122641193512129128591331612843123561172210745 9449
 219820        5     8886 8517 8315 8240 8354 8853102381183812695131031326713230
 219820        5    1295112849125421218412289127731280012293117471099210116 9183
 220820        6     8387 7908 7607 7466 7461 7644 8027 8772 9710103571057710493
 220820        6    10110 9720 9329 9161 9394103401081310412 9996 9488 8853 8153
 221820        7     7657 7244 6958 6821 6753 6837 7042 7424 8256 8888 9275 9547
 221820        7     9587 9345 9079 9065 9377100501043410234 9985 9536 8793 8025
 222820        1     7547 7259 7169 7137 7278 7972 97621171012584128921305112973
 222820        1    1275312773125131235212647131761322812796121881145910399 9190
 223820        2     8437 8103 7939 7864 7971 8618103031204312682128501283212644
 223820        2    1234312319121231191112347128681293312459119551117310165 8967
 224820        3     8188 7855 7727 7691 7860 8543103131218112974132211330913105
 224820        3    1278112629123811230212603131941330712865124331171910693 9587
 225820        4     8777 8468 8317 8320 8480 9215109981272713378135391358213463
 225820        4    131581308712814125811287313565141101382613378126481165010440
 226820        5     9701 9339 9205 9201 9302 9946115171312413692137361367713461
 226820        5    1303112763124331204812094126501311612729122671157610728 9809
 227820        6     9104 8718 8407 8274 8288 8472 8858 960710469109821108310948
 227820        6    1053710080 9751 9606 98841074911299108941050510038 9447 8750
 228820        7     8211 7870 7671 7516 7541 7683 7813 8247 8899 9345 9564 9720
 228820        7     9624 9214 8832 8696 8989 986610797107691058010196 9454 8787
 3 1820        1     8344 8184 8118 8151 8419 9173110081277713396135741352513323
 3 1820        1    1296412845125811233712672132781353112972124281159610471 9270
 3 2820        2     8549 8143 7925 7843 7904 8614101651182212411124581250712383
 3 2820        2    1207912026118641169411995125601294612577121831145910387 9246
 3 3820        3     8575 8396 8178 8154 8326 9053107791247013040131451306812867
 3 3820        3    1251212439121151186612129127271338313104127281206510984 9840
 3 4820        4     9175 8933 8741 8778 8980 9707113331310013566134591339513229
 3 4820        4    1298413051129371275112980133971359013223126721181210615 9346
 3 5820        5     8648 8219 7977 7816 7858 8393 99811173612448125351248012277
 3 5820        5    11826116491128310929108951126711962116301120910553 9807 8868
 3 6820        6     8207 7759 7562 7467 7481 7729 8070 8949 9891105011067210612
 3 6820        6    10286 9966 9771 97961014410806111101063710168 9533 8895 8239
 3 7820        7     7641 7172 6933 6802 6749 6811 6926 7436 8318 9062 9520 9880
 3 7820        7     9959 9741 9486 9466 986210253105951033110039 9498 8738 7970
 3 8820        1     7429 7208 7103 7091 7263 7974 97761170612485126601267912569
 3 8820        1    1226612200118931164411890123611302912778123801168510627 9395
 3 9820        2     8809 8482 8357 8324 8479 9145108201257413214132941331913184
 3 9820        2    1298612996127771263112821131571341713001125241170110615 9571
 310820        3     8796 8561 8362 8329 8503 9226108731247112855126121271512492
 310820        3    1209912042118141163611840123371283212516120971135110245 9154
 311820        4     8322 8007 7740 7667 7775 8378 99391190512589127061271812433
 311820        4    12040118671153511184112951173212201119131140210626 9578 8485
 312820        5     7711 7317 7097 6971 7071 7616 92051106211898120651223212209
 312820        5    11914118801162811394114521161611827114171095110262 9444 8525
 313820        6     7719 7266 7004 6860 6869 7030 7342 8226 9255100231037810414
 313820        6    10094 9842 9748 9708 9933103441054010080 9658 9081 8487 7898
 314820        7     7253 6788 6553 6366 6369 6445 6515 7131 7856 8471 8784 8952
 314820        7     8925 8428 8153 7994 8194 8709 9780 9836 9710 9237 8500 7831
 315820        1     7311 7037 6974 6970 7162 7793 94791140912156123621236812167
 315820        1    11812116781137011045111361150512159119971162410908 9867 8794
 316820        2     8082 7750 7596 7544 7635 8290 98561156112083120991199411753
 316820        2    11389113161108310938112841172412138117911138910620 9558 8406
 317820        3     7773 7470 7305 7206 7297 7892 95701142412147124291257412497
 317820        3    12286123031207711850119111201512407121401170610968 9937 8876
 318820        4     8163 7832 7668 7607 7718 8346 98491150311986119881192911673
 318820        4    11303112771095310671107131099511761116201126610550 9472 8432
 319820        5     7710 7298 7127 7073 7147 7797 92711109411764118851188211759
 319820        5    11399113991117310917110301126911653112791084110114 9299 8409
 320820        6     7705 7262 7000 6860 6833 6990 7322 8165 9056 9562 9688 9552
 320820        6     9170 8749 8425 8245 8423 8937 9883 9717 9354 8886 8263 7641
 321820        7     7115 6722 6458 6315 6268 6364 6445 7035 7860 8461 8870 9216
 321820        7     9350 9194 8994 8923 9206 9556 9966 9787 9503 9019 8239 7513
 322820        1     7024 6780 6652 6656 6772 7386 90201100511837121331216012052
 322820        1    11651115451125810914110261126511826116831122810466 9392 8399
 323820        2     7691 7344 7219 7162 7274 7882 94701117511660119231187111695
 323820        2    11323112361095910644107321093611616116111122210591 9578 8494
 324820        3     7773 7506 7354 7354 7455 8063 96451136511857118821170611521
 324820        3    11148110941086110562107071097211558115201110510408 9309 8266
 325820        4     7661 7316 7136 7115 7200 7799 93971118211805118601175211490
 325820        4    11144110211073310458105271079311405113611097310235 9117 8055
 326820        5     7389 6986 6795 6707 6784 7320 89581085511648119891212112021
 326820        5    11839117931154811214111311112511546114741103810325 9476 8660
 327820        6     7906 7505 7274 7207 7238 7337 7758 8697 9693103621059310513
 327820        6    10145 9777 9475 9344 95531004110907108811052110050 9448 8746
 328820        7     8271 7947 7778 7672 7671 7674 7769 8276 9019 9517 9768 9912
 328820        7     9786 9383 8969 8733 8848 9216101481036610240 9783 9039 8302
 329820        1     7792 7612 7512 7556 7704 8328 99341178312442125471244412237
 329820        1    11764116371124910883109091103511681117691137010626 9606 8594
 330820        2     7931 7497 7342 7296 7428 7965 95931129311841118301175911461
 330820        2    11101110411079110494105401070111220113461091110233 9174 8110
 331820        3     7409 7091 6918 6856 6957 7484 91561097011708118821202311976
 331820        3    11748117191155911422117351188412049117131116810305 9193 8106
 4 1820        4     7309 6956 6769 6694 6794 7319 88731062311296114541141911242
 4 1820        4    11037110921085810549106591077311419115611114610406 9380 8323
 4 2820        5     7605 7285 7100 7045 7219 7744 93661111411808118931189111711
 4 2820        5    113011114910778103871025610338109551101610648 9989 9182 8183
 4 3820        6     7595 7182 7010 6883 6895 6942 7340 8175 9136 9582 9825 9826
 4 3820        6     9681 9513 9397 9305 96881012610293 9905 9412 8796 8072 7397
 4 4820        7     6906 6446 6218 6020 6031 6037 6177 6872 7836 8485 8849 9089
 4 4820        7     9167 8976 8702 8610 8916 9273100201023410149 9625 8895 8202
 4 5820        1     7759 7562 7497 7541 7675 8303100911208912831131661311712881
 4 5820        1    1245512264118391144011447115781206112265118741114910024 8827
 4 6820        2     8183 7892 7721 7742 7815 8363100371190412709131021339813203
 4 6820        2    1258612355120091167311910121121222212086115871097210062 9080
 4 7820        3     8593 8366 8258 8278 8403 8888100671162012621131181337613503
 4 7820        3    1327913112128951268812855130291330613357128721207110893 9727
 4 8820        4     9240 8855 8796 8751 8823 9191106521226812935130881314212914
 4 8820        4    1257412457121451173911657117011223712419119781129310327 9147
 4 9820        5     8477 8039 7824 7781 7803 8030 89991019210918111491114911006
 4 9820        5    106261040310177 9865 992210241107261083110474 9847 9078 8157
 410820        6     7656 7280 7093 7009 6971 6975 7302 8069 8976 9549 9697 9592
 410820        6     9241 8882 8576 8413 8556 8902 9515 9770 9572 9119 8547 7814
 411820        7     7234 6814 6620 6488 6465 6410 6721 7362 8021 8301 8328 8298
 411820        7     8149 7697 7323 7125 7258 7417 8240 8756 8819 8473 7875 7219
 412820        1     6839 6652 6554 6585 6690 7185 89011078811747120811221912062
 412820        1    11649115381118310816108651094411292115231117410368 9412 8327
 413820        2     7711 7386 7201 7090 7168 7650 92611123112026122651230612183
 413820        2    11916119141170611505117411174811729116041117010379 9308 8227
 414820        3     7551 7149 6995 6922 7027 7455 89741073311500116351169211517
 414820        3    11165111301081810490104731050510880112701093610251 9282 8188
 415820        4     7542 7238 7055 7044 7161 7574 91301082911439115521146911333
 415820        4    10921109481060210316101721025010643111161081110130 9092 8043
 416820        5     7384 7042 6887 6811 6917 7307 88211050211179112421127111034
 416820        5    106991058710348 9970 9865 9716100641042410043 9342 8461 7562
 417820        6     6832 6439 6158 6026 5969 5890 6327 7232 8158 8787 8978 8962
 417820        6     8675 8352 8083 7999 8166 8614 8992 9167 8780 8216 7578 6904
 418820        7     6385 6041 5762 5611 5498 5360 5536 6105 6890 7500 7805 7972
 418820        7     7933 7525 7297 7154 7396 7558 8148 8764 8660 8246 7590 6929
 419820        1     6445 6221 6104 6096 6138 6439 7611 921010111104731059610454
 419820        1    10101 9934 9691 9459 9560 9611 98591034710004 9400 8491 7468
 420820        2     6843 6528 6371 6344 6422 6741 8200 998810802110351113310997
 420820        2    106951069710519102541028510205104341077910424 9649 8629 7600
 421820        3     6914 6541 6330 6207 6284 6613 8026 996610982114701167011659
 421820        3    11369112781096210598104631036810543110611073810080 9134 8051
 422820        4     7430 7108 6931 6884 6936 7277 86481042111262115481154711418
 422820        4    11068110351073110599106101058310847113181099910295 9364 8288
 423820        5     7704 7332 7166 7129 7192 7492 88391048611230114241139411210
 423820        5    10822107221042210080 9921 9764100141036610050 9485 8538 7584
 424820        6     6912 6484 6226 6029 5958 5877 6360 7244 8158 8653 8771 8604
 424820        6     8293 7921 7672 7578 7703 7996 8325 8759 8684 8134 7560 6773
 425820        7     6271 5840 5879 5680 5552 5549 5476 5794 6440 7087 7367 7526
 425820        7     7493 7227 6922 6815 6926 7093 7207 7483 7924 8493 7815 6597
 426820        1     6065 5812 5673 5626 5641 6105 7573 951210539109001115611123
 426820        1    109601097510656105861062910705104301042610403 9728 8718 7607
 427820        2     6832 6511 6250 6118 6154 6607 80531004510947111911134611292
 427820        2    110641108710889106131057610409101101009010450 9814 8766 7635
 428820        3     6899 6496 6320 6201 6273 6739 83081049811431117751194111901
 428820        3    11634115721133811012110211082310358101691060110382 9227 8064
 429820        4     7309 6930 6723 6653 6756 7270 87291063611350114841146011290
 429820        4    109351093710672103101020610059 9773 971210352 9942 8942 7861
 430820        5     7101 6737 6554 6496 6584 7024 84171028710988112221122011096
 430820        5    10744107581046910074 9916 9693 9406 9369 9781 9317 8465 7470
 5 1820        6     6779 6337 6094 5899 5845 5909 6155 7045 8068 8639 8818 8714
 5 1820        6     8388 8105 7944 7722 7743 7989 8018 8041 8494 8160 7517 6794
 5 2820        7     6231 5841 5639 5485 5403 5373 5395 5970 6730 7267 7476 7548
 5 2820        7     7454 7192 6952 6900 7070 7264 7463 7779 8349 8049 7328 6535
 5 3820        1     6046 5841 5708 5646 5750 6251 7804 989810736109621109910966
 5 3820        1    107571078910626104041048110259 9869 981810173 9609 8525 7362
 5 4820        2     6600 6318 6104 6016 6061 6558 8064 999810771109741104010972
 5 4820        2    107631078910593104101043010273 9891 977510253 9726 8723 7586
 5 5820        3     6861 6533 6361 6242 6313 6832 83961024010921110781115111016
 5 5820        3    1074010818105251026310251 9966 9565 951610187 9744 8700 7503
 5 6820        4     6796 6426 6241 6125 6242 6645 80791009010800110291106611043
 5 6820        4    108121093910741104501029110089 9695 962210248 9833 8757 7579
 5 7820        5     6832 6442 6183 6090 6103 6523 7911 986110628108901097210911
 5 7820        5    10603106641040910103 9927 9615 9291 9128 9693 9272 8427 7379
 5 8820        6     6642 6178 5915 5759 5728 5695 6026 6949 7926 8504 8630 8530
 5 8820        6     8255 7974 7755 7701 7848 8021 8008 8059 8445 8127 7451 6756
 5 9820        7     6179 5805 5528 5373 5286 5222 5278 5797 6767 7478 7736 7586
 5 9820        7     7389 7272 7143 7028 7113 7299 7479 7753 8295 7951 7253 6620
 510820        1     6005 5779 5686 5577 5606 6111 7706 987310788111941136811344
 510820        1    11085111421092910649106261049010073 989710263 9740 8634 7500
 511820        2     6770 6419 6224 6135 6179 6606 81591020910992112141130111237
 511820        2    109481095110715104171036010144 9691 953910194 9787 8729 7575
 512820        3     6818 6461 6272 6172 6216 6652 81691017510930111421123711074
 512820        3    108781088810739104611039210158 9786 961410235 9794 8749 7520
 513820        4     6807 6464 6281 6173 6194 6594 80321005310812111611125411180
 513820        4    109451099810751105221040710220 9807 968710317 9892 8804 7698
 514820        5     6872 6457 6245 6098 6163 6474 7978 984010664110331108611046
 514820        5    1074310773105301026110043 9740 9407 9111 9617 9267 8389 7411
 515820        6     6637 6229 5927 5757 5693 5667 5979 6889 7890 8534 8679 8598
 515820        6     8306 8022 7811 7715 7842 7954 7865 7736 8244 8098 7495 6752
 516820        7     6139 5754 5488 5365 5272 5127 5270 5818 6619 7215 7482 7623
 516820        7     7609 7333 7094 7011 7156 7330 7378 7541 8293 8104 7393 6601
 517820        1     6047 5801 5674 5579 5673 6053 7636 974010701111041142111428
 517820        1    112451134111180108871078610417 9989 968010194 9830 8748 7487
 518820        2     6751 6402 6165 6053 6098 6558 7961 995810738110461117711169
 518820        2    109481104210905106871066710374 9892 964210095 9759 8672 7496
 519820        3     6661 6416 6210 6079 6105 6513 80711016310952112031146711452
 519820        3    11376115321143311193110771076010290101471052710048 8942 7683
 520820        4     7025 6630 6380 6252 6255 6610 81501018611184115701179811834
 520820        4    11645117711174711420111641077310321101321042810001 8954 7851
 521820        5     7001 6589 6323 6193 6184 6481 7987 992610855111901142311287
 521820        5    1107011073108521049910327 9948 9548 9248 9616 9343 8471 7472
 522820        6     6691 6218 5976 5765 5741 5695 6041 6925 7915 8533 8759 8563
 522820        6     8382 8117 7884 7848 7945 8147 8118 8047 8326 8055 7382 6697
 523820        7     6139 5751 5498 5306 5269 5185 5301 5808 6638 7325 7731 8001
 523820        7     8103 7969 7786 7711 7840 7972 8023 8089 8445 8160 7377 6616
 524820        1     5991 5986 5708 5716 5741 6225 79311019111245116881193811948
 524820        1    117681167011437112641133811206107521043310514 9892 8844 7682
 525820        2     6926 6532 6326 6194 6263 6663 81791022310944112001135611325
 525820        2    110841113810974107041065410332 9903 955010059 9916 8862 7645
 526820        3     6800 6478 6260 6064 6191 6498 80141002710923112941146611519
 526820        3    11354114831135511118110791066910205 98631036810164 9060 7851
 527820        4     7007 6580 6302 6166 6170 6461 80001005811046115221179611901
 527820        4    11722118551172311443112461078510320 99641036510161 9062 7691
 528820        5     7003 6560 6323 6144 6207 6464 7892 986110723110641118311167
 528820        5    1101810992108181045810263 9948 9657 9417 9700 9378 8456 7363
 529820        6     6723 6230 5915 5752 5680 5655 5845 6559 7503 8388 8773 8932
 529820        6     8760 8560 8284 8088 8253 8380 8313 8098 8278 8069 7497 6761
 530820        7     6194 5730 5468 5269 5204 5080 5179 5692 6508 7194 7528 7685
 530820        7     7684 7415 7152 7001 7122 7204 7234 7295 7735 7771 7268 6523
 531820        1     5931 5530 5318 5189 5141 5047 5202 5746 6569 7409 7849 8209
 531820        1     8181 7816 7511 7412 7584 7734 7687 7715 8236 8194 7392 6536
 6 1820        2     6042 5741 5578 5526 5583 5952 7596 976210728112251151311575
 6 1820        2    113681140311266109611091910696102491007410354 9945 8881 7735
 6 2820        3     6911 6503 6364 6243 6300 6725 81661021311194116221174811774
 6 2820        3    11579116341135011078110161066010113 97191009110041 8990 7778
 6 3820        4     6942 6536 6303 6153 6199 6464 80331003310948113201148011457
 6 3820        4    11291114381130211040109021061510179 99381029610042 8996 7942
 6 4820        5     6988 6555 6350 6198 6182 6555 79751000410874112291143711401
 6 4820        5    11296112701104610750106161041310007 9744 9843 9423 8594 7635
 6 5820        6     6838 6412 6137 5933 5842 5873 6113 6948 7953 8826 9417 9546
 6 5820        6     9347 9039 8820 8662 8817 8958 8841 8633 8689 8652 7827 7108
 6 6820        7     6512 6043 5746 5582 5487 5369 5474 5957 6833 7585 8124 8508
 6 6820        7     8627 8413 8197 8043 8180 8269 8263 8252 8520 8360 7704 6898
 6 7820        1     6325 6036 5846 5829 5894 6310 78611004511149116411188111952
 6 7820        1    11760116991148611230113551117710764104501049310114 9027 7918
 6 8820        2     7094 6705 6481 6326 6346 6743 82621024811108113921156711462
 6 8820        2    11166112091108610791107701052710055 97381001910010 8974 7817
 6 9820        3     6955 6547 6326 6232 6257 6542 80711006010932112211141811402
 6 9820        3    11222113191119410967108421055710090 97221003110117 9090 7833
 610820        4     7021 6593 6355 6228 6241 6502 7980 999210978114251169911630
 610820        4    11522116351154311278111031076910224 98241008810077 9050 7841
 611820        5     6997 6611 6366 6220 6228 6492 7902 984910775110941130111307
 611820        5    111081117810926105871038010080 9645 9332 9551 9409 8584 7529
 612820        6     6835 6365 6086 5906 5838 5723 6122 6970 7970 8661 8898 8827
 612820        6     8597 8305 8094 7957 8081 8272 8224 8101 8313 8245 7627 6877
 613820        7     6335 5942 5526 5487 5372 5324 5353 5882 6708 7506 7981 8325
 613820        7     8425 8244 8013 7925 8103 8234 8270 8310 8413 8208 7620 6771
 614820        1     6251 6001 5866 5796 5874 6297 78931005711137115351180711761
 614820        1    11553114671117810952109281065110147 9768 9952 9937 8918 7520
 615820        2     6918 6528 6319 6215 6233 6517 80551006010995113441152411526
 615820        2    11371115351141411176111251088110305 99321022910160 9119 7622
 616820        3     7115 6683 6425 6319 6337 6630 80751014111214117591207912271
 616820        3    12146123091225711887118041141610862105631079510420 9376 8196
 617820        4     7360 6930 6683 6572 6537 6871 82841032111433119441229812420
 617820        4    12161122461194511606113831102610469100991033610333 9362 8131
 618820        5     7316 6832 6589 6426 6447 6721 80611012711275117851207312124
 618820        5    11938120541192211609114101096910462100371015610166 9303 8219
 619820        6     7359 6790 6472 6241 6131 6002 6367 7186 8317 9113 9484 9503
 619820        6     9274 8984 8797 8630 8725 8853 8666 8531 8595 8558 7976 7260
 620820        7     6602 6156 5818 5655 5534 5333 5518 6052 6926 7597 7909 8015
 620820        7     7846 7530 7289 7238 7264 7383 7355 7357 7845 8162 7636 6787
 621820        1     6246 5978 5785 5733 5771 6128 7568 969410789114401178411897
 621820        1    11730117661159111312112521090110309 99151007210104 9040 7942
 622820        2     7064 6636 6398 6270 6271 6533 7911 989711021115761179911847
 622820        2    11681118591167711480113661094610375 99461021410180 9173 7916
 623820        3     7103 6728 6504 6405 6368 6677 7935 994511039115861189411937
 623820        3    11740117541155211332112121083410229 98271001210022 9053 7954
 624820        4     7065 6675 6425 6272 6307 6500 7854 982910963114771170811768
 624820        4    11634117291155111263111161074710325 98701003010065 9142 7986
 625820        5     7136 6681 6437 6319 6274 6549 7714 966810858114391176211730
 625820        5    11694117311157911316110621070110242 986810015 9892 9069 8012
 626820        6     7223 6734 6394 6194 6131 6052 6344 7260 8306 9145 9535 9625
 626820        6     9436 9177 8958 8824 8922 8952 8762 8584 8729 8830 8204 7470
 627820        7     6803 6283 5951 5763 5641 5428 5589 6128 6969 7606 7932 8026
 627820        7     7932 7701 7498 7441 7591 7669 7661 7603 8039 8416 7826 6961
 628820        1     6441 6106 5935 5858 5903 6296 7466 945010742114801191512088
 628820        1    12067121911220311972118621151310944105361073210616 9604 8356
 629820        2     7516 7065 6796 6689 6645 6959 80751010511410120961260612724
 629820        2    12565125311231812034120431174411132107491072410333 9217 8202
 630820        3     7344 6893 6621 6461 6501 6727 79271000611300119421229812274
 630820        3    12050120741193511670114851114210459 99801012310158 9246 7946
 7 1820        4     7163 6724 6394 6260 6237 6468 7581 945810628111781144311424
 7 1820        4    112631127811107108811078810431 9962 9579 9744 9829 8964 7814
 7 2820        5     6961 6504 6231 6066 6063 6227 7276 899510182108241110311165
 7 2820        5    109161095210852105281032110026 9634 9262 9341 9305 8521 7577
 7 3820        6     6787 6287 5987 5793 5675 5468 5749 6511 7498 8270 8540 8554
 7 3820        6     8369 8154 7952 7883 7968 8109 8011 7897 7990 7988 7490 6656
 7 4820        7     6109 5707 5367 5182 5060 4819 5011 5534 6390 6926 7183 7243
 7 4820        7     7093 6769 6521 6413 6509 6604 6548 6485 6727 6951 6746 6283
 7 5820        1     5665 5287 5114 4969 4894 4744 4992 5632 6477 7203 7588 7665
 7 5820        1     7523 7300 7108 7091 7333 7499 7352 7362 7704 8062 7445 6623
 7 6820        2     6098 5758 5555 5442 5445 5615 6763 8629 9897106491111511274
 7 6820        2    11273114331128111139110951071610171 9764 9838 9917 8920 7730
 7 7820        3     6896 6418 6190 6062 6019 6208 7264 905110366110991149911694
 7 7820        3    11701118111184111840118251146610908105301067310690 9702 8551
 7 8820        4     7629 7143 6841 6693 6661 6893 7943 981711280122461277213048
 7 8820        4    1304613161131251298612912125501207511668117681174510779 9450
 7 9820        5     8419 7786 7436 7204 7088 7190 82351001011473123041271012826
 7 9820        5    12714127211262812369122281178411279107421068610589 9678 8581
 710820        6     7625 7046 6620 6403 6287 6120 6418 7371 8509 9416 986410009
 710820        6     9837 9683 9559 9573 9724 9800 9649 9338 9444 9592 8901 8013
 711820        7     7372 6743 6380 6155 6002 5824 5904 6488 7331 8063 8490 8720
 711820        7     8766 8605 8430 8354 8488 8612 8532 8400 8760 9108 8496 7591
 712820        1     6966 6578 6396 6324 6349 6613 7686 956710921117621222812419
 712820        1    1235012472124081239212376120631155811096113201131010301 9010
 713820        2     8091 7558 7263 7032 6963 7105 81841008611490123461279312974
 713820        2    1293513047130781295412893125341199611434116111152110493 9117
 714820        3     8103 7560 7207 7025 6931 7018 8083 992311154118721225112398
 714820        3    12321124411234512279122081174011238107391087510882 9901 8666
 715820        4     7749 7236 6934 6775 6744 6953 8031 986611239121281267112959
 715820        4    1303513148130821286512780124031195011513115751152210512 9206
 716820        5     8239 7729 7400 7156 7152 7342 84711030111668126391317613459
 716820        5    1346813632135671333813180127861230011874119761185210934 9744
 717820        6     8796 8112 7651 7385 7258 7134 7363 8234 9541106501129911559
 717820        6    1151711365112661121511296113011101810700108901090910264 9302
 718820        7     8553 7957 7577 7311 7113 7023 7061 7708 8703 96831027310652
 718820        7    1074110606104911050010626107381075410734113221169611038 9736
 719820        1     9117 8732 8410 8240 8177 8384 95221169713386145081506615294
 719820        1    153081529814925145841435713881132641281312966127841175410415
 720820        2     9392 8761 8502 8291 8221 8513 94571132912580131501337513388
 720820        2    13163130471275512479123721196011423109721092510579 9527 8367
 721820        3     7587 7068 6806 6654 6662 6921 7971 984911005115911187511981
 721820        3    11798119191181211645114861116410635102411048910364 9362 8298
 722820        4     7520 7042 6815 6656 6626 6894 7919 971010827114821188211980
 722820        4    11820118451173511504114521120210751103801058010460 9483 8366
 723820        5     7504 7047 6755 6568 6556 6796 7857 966610964117111214712330
 723820        5    12282123971236912138119501158811075106381075210684 9736 8624
 724820        6     7637 7016 6676 6423 6329 6186 6437 7294 8329 9164 9567 9605
 724820        6     9423 9237 9086 9040 9271 9363 9238 9002 9233 9234 8605 7781
 725820        7     7016 6542 6173 5980 5881 5718 5754 6288 7117 7814 8263 8529
 725820        7     8598 8488 8360 8446 8661 8826 8810 8748 9252 9527 8927 8127
 726820        1     7389 7067 6826 6693 6715 6933 80471015511897127791327813456
 726820        1    1356013785137001349813387129631236311864120261182710721 9390
 727820        2     8379 7776 7458 7217 7135 7297 82261004911431121571252012637
 727820        2    12624126911273012593124741204211377109211119310988 9958 8690
 728820        3     7937 7483 7202 7026 7080 7379 8319 997311247119321234912417
 728820        3    12225121861204411800117661159911097107811086010427 9474 8264
 729820        4     7494 7023 6727 6584 6575 6812 7744 968810942115641186711962
 729820        4    11793118751179811584115101119610674102011047510374 9382 8203
 730820        5     7386 6942 6566 6485 6451 6693 7571 942110727114311183311955
 730820        5    11832118991172611491112321085010270 995510205 9991 9112 8090
 731820        6     7327 6800 6477 6269 6179 6169 6369 7132 8147 9044 9510 9597
 731820        6     9459 9272 9106 9036 9176 9263 9104 9011 9304 9153 8559 7775
 8 1820        7     7106 6610 6286 6105 5974 5907 5917 6420 7219 7927 8274 8573
 8 1820        7     8608 8457 8323 8292 8448 8608 8604 8571 9199 9308 8609 7698
 8 2820        1     7108 6718 6452 6358 6389 6650 7655 960811000118771240212628
 8 2820        1    12573127041264512441123331188511238108671113010622 9566 8302
 8 3820        2     7526 7058 6782 6694 6642 6964 7964 987810977117031205212110
 8 3820        2    11978120111192611630115911122710623102361057810288 9228 8117
 8 4820        3     7344 6863 6641 6481 6467 6800 7830 971010890116351204712166
 8 4820        3    12136123271223312117120251150711023106031091710637 9533 8380
 8 5820        4     7529 7130 6860 6727 6686 7044 8080 990311272120451253312715
 8 5820        4    1274113010129741276912792123061179311375116161118410086 8803
 8 6820        5     7876 7318 6954 6836 6822 7037 7999 974410997116571205812098
 8 6820        5    11959119971180111464111601079310315 989410177 9859 8945 7917
 8 7820        6     7113 6652 6332 6176 6058 6117 6252 7051 8067 8916 9227 9318
 8 7820        6     9198 9026 8849 8837 9000 9132 8909 8681 9065 8900 8246 7477
 8 8820        7     6829 6428 6074 5891 5838 5783 5741 6246 7065 7792 8245 8616
 8 8820        7     8691 8647 8522 8461 8603 8707 8661 8670 9180 9057 8390 7646
 8 9820        1     7060 6937 6509 6445 6478 6897 7833 970311244121641268312848
 8 9820        1    1279812741126591242712472121711168411406116521110210071 8904
 810820        2     7909 7542 7247 7088 7071 7427 84061042911859127581330813428
 810820        2    1337413505133911321513061126051194611509118131144210288 9100
 811820        3     8075 7591 7258 7038 6976 7314 82711006411178117811209212175
 811820        3    12075118801182911515114001105610544103041065010239 9303 8240
 812820        4     7392 6957 6694 6557 6565 6926 8012 975010919116081197812098
 812820        4    11912120391183611597114511110510612102991073810256 9277 8194
 813820        5     7328 6879 6638 6480 6492 6828 7769 953910781114251182311869
 813820        5    117121171911582112401100510675102771003310257 9793 8845 7843
 814820        6     7082 6569 6283 6063 5986 6016 6220 7064 8106 8900 9232 9251
 814820        6     9077 8824 8651 8513 8619 8741 8554 8461 8934 8638 7968 7269
 815820        7     6614 6162 5855 5689 5621 5548 5509 6034 6854 7547 7898 8170
 815820        7     8202 8022 7864 7865 8060 8232 8200 8249 9025 8912 8263 7469
 816820        1     6828 6458 6265 6150 6183 6600 7616 969211143120401262912873
 816820        1    1284012968129531274012620122481163811260117161117010007 8825
 817820        2     7923 7411 7122 6929 6921 7270 83051028311548124051296913122
 817820        2    13204134451334012936126191205611419110411129510882 9666 8518
 818820        3     7688 7230 6944 6806 6752 7124 81881007211130118301213512187
 818820        3    12034122301205811766117661135010754105071092910381 9346 8243
 819820        4     7429 6956 6692 6561 6541 6922 7970 980110980117431219712340
 819820        4    12249123811230412080119691154711046107601121010663 9641 8494
 820820        5     7695 7195 6968 6806 6826 7190 8209 997611369121941263712802
 820820        5    12675127421250811972117431132710836105081081210203 9395 8296
 821820        6     7498 6976 6622 6413 6306 6302 6430 7278 8274 9020 9213 9168
 821820        6     8894 8613 8324 8208 8297 8395 8294 8254 8676 8269 7661 6941
 822820        7     6371 5903 5711 5562 5450 5481 5458 5927 6756 7344 7646 7788
 822820        7     7782 7524 7290 7204 7326 7477 7511 7792 8385 8093 7457 6777
 823820        1     6270 5963 5846 5780 5843 6320 7466 932410537113301176311947
 823820        1    11599117491173311477113981112010736106701079610117 9089 8076
 824820        2     7302 6878 6654 6556 6571 7037 8145 998011311120801251412685
 824820        2    12508126591254812285121531176111147109851133110663 9591 8462
 825820        3     7625 7148 6861 6711 6725 7189 82431006111235119751241312561
 825820        3    123531228812093117651173411360107061042510626 9985 9000 7974
 826820        4     7198 6746 6493 6382 6392 6792 7898 966410827114631185011922
 826820        4    11827119131182411643115241118610694105881096910289 9324 8238
 827820        5     7438 6990 6695 6544 6527 6933 7911 971710928115951197712027
 827820        5    118341179311615111801092210592101771013810374 9712 8880 7938
 828820        6     7151 6642 6329 6144 6023 6091 6255 7053 8029 8827 9098 9064
 828820        6     8842 8577 8298 8187 8339 8455 8388 8570 8763 8323 7673 6935
 829820        7     6345 5941 5609 5489 5396 5419 5456 5966 6740 7365 7690 7831
 829820        7     7776 7530 7293 7163 7293 7439 7450 7855 8372 7994 7393 6711
 830820        1     6193 5923 5796 5724 5794 6265 7424 927810456110991141811624
 830820        1    113851146911251110251095410677102801032310466 9734 8722 7708
 831820        2     6941 6575 6345 6199 6251 6711 7818 966610730113111163111818
 831820        2    11727118841180211617114611124010851109681107710368 9301 8345
 9 1820        3     7529 6901 6724 6579 6587 6993 82441001311123118531206312115
 9 1820        3    11893118831167411335114271125810956109351074010013 9002 7956
 9 2820        4     7210 6768 6593 6461 6487 6981 83091018911324119481234912478
 9 2820        4    12358125001240312161120341171411329114561140610658 9656 8507
 9 3820        5     7672 7187 6932 6779 6789 7206 83811019611412121301246212518
 9 3820        5    123031227312085116251131810864104171048010541 9852 8929 7879
 9 4820        6     7015 6527 6186 5991 5921 5943 6017 6699 7663 8465 8767 8721
 9 4820        6     8573 8326 8125 7995 8149 8273 8200 8477 8665 8229 7600 6916
 9 5820        7     6280 5866 5570 5419 5308 5317 5296 5803 6543 7158 7492 7642
 9 5820        7     7589 7377 7120 7045 7173 7302 7298 7779 8056 7723 7217 6525
 9 6820        1     5952 5581 5386 5227 5179 5231 5264 5734 6577 7345 7866 8018
 9 6820        1     7968 7687 7479 7429 7634 7840 7797 8392 8696 8180 7408 6662
 9 7820        2     6133 5856 5705 5663 5723 6263 7598 955210612111221141311443
 9 7820        2    113091141111236109511083010677103531067310625 9771 8716 7586
 9 8820        3     6825 6457 6291 6182 6188 6694 81761005110851112121145111426
 9 8820        3    113251139611231109691082210709103691064410599 9823 8742 7604
 9 9820        4     6856 6513 6305 6190 6257 6758 82571006610949112831150911542
 9 9820        4    11464115861148711303112211095810578109121096310126 8987 7853
 910820        5     7100 6700 6440 6331 6321 6850 82781010811086115871186411999
 910820        5    11925121331208711847116141118410728109461087110105 9069 8002
 911820        6     7206 6682 6364 6174 6095 6165 6396 7213 8298 9117 9550 9643
 911820        6     9521 9354 9239 9173 9286 9352 9228 9615 9590 9058 8283 7508
 912820        7     6842 6314 5992 5805 5717 5748 5722 6152 7036 7741 8141 8432
 912820        7     8589 8444 8311 8252 8438 8514 8567 9228 9446 8846 7994 7203
 913820        1     6626 6338 6169 6073 6127 6706 83401031611368119051221412317
 913820        1    12248124031231412117119851163811201114771132410508 9307 8145
 914820        2     7321 6889 6667 6572 6586 7100 86901066011561119861226412322
 914820        2    12223124631236312206121121167211241116031146510567 9422 8159
 915820        3     7409 6964 6707 6589 6595 7106 87111055611490120571238412521
 915820        3    12435126551255212380122411188011525117521139610600 9401 8169
 916820        4     7412 6951 6717 6567 6611 7075 87291068611438119091208412053
 916820        4    11859118891171611464113971118610963112521102110201 9048 7872
 917820        5     7150 6682 6435 6333 6337 6777 83121007110963113661151911498
 917820        5    112911135511163108231058010317100531040210187 9486 8568 7620
 918820        6     6826 6395 6051 5932 5864 6041 6286 7090 8131 8811 9062 9042
 918820        6     8829 8595 8407 8310 8559 8909 8992 9209 8928 8419 7726 7048
 919820        7     6393 5951 5651 5514 5441 5459 5556 6009 6865 7510 7766 7922
 919820        7     7904 7684 7425 7273 7455 7675 7912 8716 8683 8169 7432 6648
 920820        1     6089 5836 5704 5661 5759 6353 80971011510990114051165311683
 920820        1    114591149611311110971130811394112791125410740 9891 8815 7689
 921820        2     6873 6491 6298 6172 6217 6763 84221032811136114921158611525
 921820        2    113641132311227108681097310880107541111610720 9873 8790 7583
 922820        3     6853 6502 6306 6203 6274 6820 85301045511333116001180611774
 922820        3    115311152211295111391127811243110691118710771 9923 8845 7700
 923820        4     6926 6544 6326 6199 6241 6775 84631040811283116161177311756
 923820        4    115121153811312110191092910778107081105210757 9970 8740 7640
 924820        5     6878 6511 6272 6161 6232 6786 83161012610928112261137611271
 924820        5    111091117410956106501042010202101841061310200 9459 8587 7644
 925820        6     6879 6396 6082 5911 5863 6010 6373 7187 8162 8807 9097 9049
 925820        6     8792 8512 8256 8123 8259 8480 8669 9140 8822 8261 7620 6850
 926820        7     6234 5827 5560 5417 5353 5410 5543 5975 6822 7484 7797 7953
 926820        7     7927 7675 7459 7352 7593 7893 8401 8818 8594 8051 7382 6604
 927820        1     6100 5812 5676 5625 5706 6279 79911000111058115181183111904
 927820        1    117411175911567113791142611273111171122210763 9957 8879 7732
 928820        2     6924 6548 6350 6213 6259 6751 83861012911022114091161511613
 928820        2    114401154211364111281114911025109511124210796 9917 8844 7829
 929820        3     6954 6567 6329 6194 6267 6754 84321038311227115521172711710
 929820        3    114781148911289110721120111143110891116510727 9939 8839 7693
 930820        4     6934 6560 6327 6213 6258 6814 84541038811125114161154111571
 930820        4    113321133911133108811089110893109981116910723 9927 8884 7727
10 1820        5     6892 6517 6259 6175 6197 6703 83461006610867112271140411431
10 1820        5    112781139911241109341076610498105821082310348 9574 8722 7667
10 2820        6     6866 6369 6053 5866 5799 5949 6296 6996 8122 8752 8987 8912
10 2820        6     8639 8332 8095 7895 8077 8337 8699 9099 8745 8234 7584 6895
10 3820        7     6292 5864 5627 5427 5405 5459 5648 6141 6965 7547 7783 7877
10 3820        7     7828 7551 7315 7231 7433 7704 8356 8847 8694 8127 7390 6620
10 4820        1     6085 5845 5716 5646 5728 6344 81371004010935113231154311541
10 4820        1    113801147911290110521094310877109321119910688 9796 8668 7623
10 5820        2     6797 6399 6172 6112 6167 6721 84221027010883112361131711285
10 5820        2    111561128811135108771090510748109311112910756 9902 8756 7661
10 6820        3     6883 6519 6274 6177 6237 6821 84771030710986112991146511508
10 6820        3    11372115351148411231111801094711119113341087410047 8856 7707
10 7820        4     6940 6570 6323 6193 6190 6763 84281019510980112081140911392
10 7820        4    112541133011119109111098411031113221121110723 9958 8820 7696
10 8820        5     6893 6509 6288 6208 6224 6746 84391031711209115661179911726
10 8820        5    114731149511222109951089510815108911071210183 9454 8519 7558
10 9820        6     6760 6325 6020 5842 5805 5942 6326 7051 8163 9063 9445 9518
10 9820        6     9284 8999 8714 8538 8823 9111 9500 9418 8928 8444 7819 7167
1010820        7     6470 6095 5835 5629 5618 5679 5895 6386 7284 7921 8188 8283
1010820        7     8190 7813 7477 7334 7456 7771 8487 8772 8691 8315 7702 7139
1011820        1     6470 6179 6020 5938 6009 6394 7310 8437 9440 99831022310131
1011820        1     9832 9589 9295 9059 9225 9531100601033010017 9375 8478 7566
1012820        2     6804 6472 6296 6223 6306 6893 87261071311498116901170611579
1012820        2    11296113001100110769108531104811419112951079910012 8920 7752
1013820        3     6936 6646 6423 6296 6367 6998 87371070111456116121167611623
1013820        3    11416114411128711061112261146711635113431080210006 8968 7815
1014820        4     6968 6566 6358 6272 6309 6848 85471049711271115251158911502
1014820        4    112241122711008106591064810653111011115510673 9931 8825 7745
1015820        5     6948 6565 6357 6236 6283 6810 85371032711056113221135511258
1015820        5    110201104910834105151026210316108161069810151 9620 8717 7735
1016820        6     6937 6482 6206 6043 6021 6211 6709 7428 8524 9144 9346 9193
1016820        6     8931 8630 8392 8310 8518 8988 9617 9484 9048 8590 7950 7262
1017820        7     6660 6244 5970 5839 5773 5841 6140 6540 7403 8030 8345 8477
1017820        7     8411 8158 7826 7761 8002 8421 9232 9350 9119 8555 7867 7152
1018820        1     6599 6317 6202 6210 6356 7008 89871101311740119111185911709
1018820        1    11377113091103610736108301097811501113751088610100 9078 7981
1019820        2     7177 6833 6660 6622 6683 7366 92521114711717118001168411515
1019820        2    11205111521092810641106831078511411112451076710010 8943 7829
1020820        3     7075 6752 6522 6439 6518 7141 89801084011428115431155411475
1020820        3    111471116610933107041073410751113891120110733 9970 8962 7824
1021820        4     6981 6582 6352 6255 6346 6875 86041053811203114321149411442
1021820        4    111391113510915106441059410669113411120910738 9998 8950 7861
1022820        5     7118 6734 6566 6470 6576 7153 89881086311581116961173011604
1022820        5    11294112811095910665106021073611360111211063010012 9198 8173
1023820        6     7465 7082 6822 6680 6710 6916 7415 8257 9244 9818 9906 9745
1023820        6     9348 8888 8481 8263 8507 910410017 9779 9340 8854 8205 7617
1024820        7     7030 6653 6406 6287 6231 6303 6689 7041 7901 8465 8604 8681
1024820        7     8538 8198 7867 7703 8001 8463 9466 9474 9295 8899 8203 7345
1025820        1     6796 6615 6495 6503 6609 7322 93431141512183124031244512352
1025820        1    12094121131188811751119621221812390119191132810500 9399 8268
1026820        2     7460 7110 6864 6796 6853 7406 92851132511927120591207611915
1026820        2    11432115321125910985111021135611869115381103010364 9246 8231
1027820        3     7397 7038 6832 6794 6903 7561 95121146912013120241187711631
1027820        3    11241111641082410658107541107411702115011104310328 9300 8176
1028820        4     7447 7099 6928 6839 6949 7583 94911146611932119831186111588
1028820        4    11195111541089810621106481081311611113471086310111 9163 7981
1029820        5     7265 6870 6701 6634 6715 7301 91241099611523116251156411364
1029820        5    109431094510636102811017010382110741068110201 9499 8661 7665
1030820        6     6953 6517 6251 6106 6053 6247 6716 7535 8531 9249 9453 9268
1030820        6     8927 8553 8196 8053 8301 8866 9734 9382 8897 8415 7751 7157
1031820        7     6543 5966 5686 5564 5587 5695 6026 6787 7676 8024 8144 8233
1031820        7     8093 7812 7826 8191 9013 9050 8818 8637 8417 7807 7054 6625
11 1820        1     6146 5948 5801 5773 5905 6592 84181032311033113441148711469
11 1820        1    112581128511059108951139212142117441121510504 9685 8637 7597
11 2820        2     6829 6432 6217 6129 6203 6852 85031026911006112261139611237
11 2820        2    112741120711089108801133112128117211118310675 9765 8618 7617
11 3820        3     6861 6492 6294 6214 6336 6927 86261049311205114801159011500
11 3820        3    113421138111287111481170812396118941136510780 9945 8834 7737
11 4820        4     6926 6572 6332 6247 6324 6940 86181047811285115511176511778
11 4820        4    11580115941147811354119301244412048115051096910100 8975 7869
11 5820        5     7114 6700 6440 6313 6372 6931 85901043011260116011173111638
11 5820        5    113401127711006107951117811792114351087210375 9659 8915 8000
11 6820        6     7195 6802 6553 6426 6428 6707 7098 7994 8948 9493 9520 9408
11 6820        6     9043 8681 8442 8410 92451050710243 9762 9368 8839 8255 7549
11 7820        7     6968 6594 6325 6220 6163 6332 6405 6987 7731 8271 8471 8552
11 7820        7     8478 8130 7819 7812 8620 9817 9786 9492 9303 8710 8010 7294
11 8820        1     6732 6489 6338 6323 6458 7190 90151074711515116351166611520
11 8820        1    112161118710980107891148612315118471125910788 9972 8894 7821
11 9820        2     7041 6663 6466 6414 6536 7216 89081065211302114491151411416
11 9820        2    11183112071103810965118021265212250117451126010506 9448 8400
1110820        3     7590 7259 7029 7050 7188 7863 96681143411946120341195011786
1110820        3    11453114091117910987117441267312292117731127410555 9625 8581
1111820        4     7816 7445 7259 7169 7273 7745 86401001010584109751106711029
1111820        4    107331058610362104641140711937115111104710599 9814 8843 7851
1112820        5     7126 6704 6478 6395 6479 7031 85261027411061113241142711383
1112820        5    111131111110862108241124911814113581075010221 9460 8602 7682
1113820        6     6987 6530 6249 6054 6041 6176 6599 7370 8497 9369 9823 9935
1113820        6     9707 9427 9242 9150 99031075610495 9998 9567 9089 8478 7787
1114820        7     7218 6763 6500 6406 6391 6554 6726 7120 7923 8460 8653 8762
1114820        7     8714 8376 8143 8339 94341026810188 9804 9541 8895 8163 7454
1115820        1     6819 6528 6394 6359 6490 7155 90561109011988123611254512453
1115820        1    12197120831176311659125181325512832122911177911040 9918 8701
1116820        2     7958 7638 7473 7463 7513 8261101601184212364124431230412110
1116820        2    11709116841149811433123851322212777123231181311047 9910 8697
1117820        3     7933 7548 7397 7312 7389 8043 98901165412234122891221912049
1117820        3    11723116771150511335122271302412594122451159910881 9875 8763
1118820        4     7912 7496 7348 7318 7466 8096 99191167612217122431219012037
1118820        4    11676116291148211448122721284212428119181146110670 9574 8405
1119820        5     7645 7265 7038 7002 7109 7746 95091127511911120031204311927
1119820        5    11579115101133411205119921243811975113901092210194 9287 8277
1120820        6     7504 7014 6753 6606 6585 6811 7241 8058 9150 984710052 9946
1120820        6     9690 9369 9148 9232101341081010526 9994 9558 9005 8357 7674
1121820        7     6999 6547 6220 6088 5933 6064 6255 6695 7599 8316 8697 8973
1121820        7     9017 8743 8448 8465 936810011 9850 9534 9246 8652 7958 7168
1122820        1     6612 6296 6105 6054 6144 6816 85981047811243116141172311660
1122820        1    11382113651126211233120931243511978114261092210138 9013 7915
1123820        2     7098 6680 6441 6345 6407 6998 87511057911326115541148211558
1123820        2    11332113331123311166119001233111916114051093610179 9084 7978
1124820        3     7129 6668 6470 6343 6414 7039 87971052511445117701202011974
1124820        3    11817117981154711246118401235212008116311127910609 9600 8499
1125820        4     7606 7088 6806 6663 6673 6878 7289 7969 8892 9506 9689 9618
1125820        4     9181 8402 7753 7538 7990 8456 8495 8561 8568 8388 7979 7371
1126820        5     6822 6476 6316 6238 6290 6579 7229 8115 9176 98671006010062
1126820        5     9959 9824 9716 988610736110991070410239 9816 9217 8558 7818
1127820        6     7122 6724 6479 6365 6425 6608 7108 7758 8786 9465 9709 9707
1127820        6     9514 9211 9020 91101024411244110311061010316 9853 9253 8586
1128820        7     7982 7594 7279 7164 7141 7218 7455 7809 8599 9150 9438 9625
1128820        7     9549 9264 9057 916810217107871059010257 9972 9388 8587 7843
1129820        1     7182 6877 6693 6632 6744 7390 91961125712101123971247912404
1129820        1    12101120231175111620124301290112435118511136810586 9537 8358
1130820        2     7508 7093 6854 6769 6859 7551 93581112311777118561185011804
1130820        2    11623116391144511385123181279512325118181135410617 9449 8332
12 1820        3     7518 7101 6888 6791 6896 7560 94181115611730119761199011874
12 1820        3    11656116561155411516124571280512325118731131710527 9408 8296
12 2820        4     7394 6931 6710 6601 6704 7257 90561081711495115551157711419
12 2820        4    11094110581085510717117111232911970115331104910345 9324 8186
12 3820        5     7353 6862 6679 6564 6654 7257 89291084911630118811196711889
12 3820        5    116841167611544114411213212213117701118810698 9915 9088 8080
12 4820        6     7235 6730 6396 6209 6124 6285 6713 7449 8460 9155 9380 9338
12 4820        6     9078 8699 8392 8333 93221033010021 9506 9132 8611 7957 7312
12 5820        7     6623 6228 5936 5752 5763 5835 6088 6490 7382 8234 8711 9030
12 5820        7     9086 8808 8592 8698 96801027710055 9647 9376 8883 8101 7294
12 6820        1     6630 6265 6097 6010 6106 6782 85931057411364116581181811813
12 6820        1    11562115171135411277122951256812038115181101410246 9191 7998
12 7820        2     7146 6714 6493 6425 6519 7223 90511089711578118171164911589
12 7820        2    11342113081111611045122241273412426119541154710801 9733 8520
12 8820        3     7634 7303 7104 7021 7111 7854 97631158912153122091214011968
12 8820        3    1170511627114831138612438131671281012360119341125310131 8927
12 9820        4     8048 7623 7391 7310 7417 7985 98521181312532128011285612750
12 9820        4    124621248912350124171356014304140461365713240126011145010300
1210820        5     9432 9065 8867 8849 8962 9657115981330213981142391418614005
1210820        5    1370713696134621328014033142381374613127126171182510855 9746
1211820        6     8754 8296 7953 7759 7730 7936 8366 917010231109721120311164
1211820        6    10849105561029810325113881204211653111491076510293 9624 8903
1212820        7     8286 7898 7633 7511 7498 7568 7958 8484 9450103131076411138
1212820        7    1122011007107061072811650124481221411954116821112710302 9436
1213820        1     8772 8526 8442 8468 8686 9493115351344314058143391428714153
1213820        1    137861365113367133471475215418149551451314106133391214910821
1214820        2     9909 9547 9357 9223 935310063119311366714042140261380413472
1214820        2    1310213030127701266613750144501407013503130321230011056 9714
1215820        3     8758 8329 8085 8028 8126 8756106441243912977130191289112671
1215820        3    1237012203119641222013108135091320612709119921148810368 9081
1216820        4     8110 7614 7350 7240 7300 7844 96231152912202123921241212400
1216820        4    12231122091205011952126431304212607120711165510960 9880 8711
1217820        5     7809 7389 7204 7134 7225 7920 97421173612513127391273012589
1217820        5    1219712124119491187912898135861337212777123711180610943 9877
1218820        6     9031 8562 8237 8103 8133 8338 8903 973710818116191170011591
1218820        6    1121110803105971072611869127121243711960115291105410367 9524
1219820        7     8719 8175 7819 7643 7580 7657 7909 8409 9346100801053710820
1219820        7    10871106681043710482114431207511901116121136110828 9909 8993
1220820        1     8215 7903 7690 7648 7836 8469102501214113005133981360113541
1220820        1    1321713134128511273013639142511377113297127821202410868 9543
1221820        2     8576 8021 7800 7702 7830 8395102091199112691128761281312670
1221820        2    1247212456122481225113196139021358913145127681203910948 9647
1222820        3     8689 8297 8069 7969 8087 8705105591239712975130241297412695
1222820        3    1230112165119281184612896136501342812965126001194610953 9634
1223820        4     8693 8178 7940 7825 7902 8438 99431159412397127311273512502
1223820        4    1204011740114721140112370129741267612215117501107610100 8962
1224820        5     8031 7515 7159 6988 6930 7097 7614 8488 9566104421074710715
1224820        5    1045210102 9936 9945107291118610563 9991 9510 9117 8788 8258
1225820        6     7604 7027 6613 6381 6285 6405 6729 7324 8026 8503 8688 8762
1225820        6     8723 8294 7910 7724 8176 8621 8579 8519 8402 8161 7743 7055
1226820        7     6424 5933 5650 5519 5448 5531 5754 6057 6788 7492 7941 8238
1226820        7     8308 8165 7966 7987 8967 9813 9794 9671 9430 9100 8542 7849
1227820        1     7139 6818 6607 6658 6783 7220 8499 990110894114581159811574
1227820        1    11318111161099410951119311262212205116411117310446 9452 8369
1228820        2     7555 7104 6850 6730 6765 7187 8283 969310699112731168011689
1228820        2    114941131611091109371175912184116981115910557 9827 8915 7890
1229820        3     7032 6561 6280 6146 6167 6618 7726 911810062107171105711068
1229820        3    11047110251085710885117821219811795112741086210223 9322 8509
1230820        4     7619 7160 6958 6883 6961 7512 8589 993710802112951144611433
1230820        4    11147109201067910569115261241512094116171122910595 9713 8758
1231820        5     7973 7494 7243 7109 7110 7331 7948 8737 9604103081045810345
1231820        5    10124 9763 9566 963210612115121119510529 9988 9375 8915 8520
