 1 1830        6     8024 7556 7110 6825 6691 6784 6954 7076 7526 8027 8505 8808
 1 1830        6     8841 8612 8401 8377 92281016910053 9792 9588 9154 8738 8099
 1 2830        7     7473 7005 6785 6652 6592 6725 6963 7267 7998 8692 9110 9321
 1 2830        7     9394 9151 8985 8966 979410618104891024210049 9547 8848 8135
 1 3830        1     7500 7213 7121 7041 7191 7837 96391156012282125741262912496
 1 3830        1    1221612089118651174712745135661322912742123221159810504 9380
 1 4830        2     8629 8302 8151 8183 8385 9163111561303913608137621376413566
 1 4830        2    132671312512864127471367514532141721366113263124351131910132
 1 5830        3     9257 8861 8594 8505 8533 9166110021282713354134331339513095
 1 5830        3    1278212700125191234813085136031314812582121221132610191 9051
 1 6830        4     8178 7761 7526 7418 7518 8167100601181912599128371296212930
 1 6830        4    1264612621123531221612914134291303512541120281123210165 8990
 1 7830        5     8241 7897 7673 7639 7699 8305100791197412589128191289512817
 1 7830        5    12619125071220611969124321284612487118671136710582 9803 8847
 1 8830        6     8049 7551 7293 7182 7153 7349 7813 8433 9367100981041910443
 1 8830        6    10188 9817 9495 94771035311489112481075910354 9888 9312 8614
 1 9830        7     8066 7626 7396 7274 7335 7490 7825 8221 9010 9601 991510112
 1 9830        7    10098 9730 9412 9372102381132211296110411078210334 9569 8777
 110830        1     8142 7856 7651 7600 7795 8486104311248013187134531354413444
 110830        1    1316513086127941269413317137581321512569120181115210045 8897
 111830        2     8011 7586 7313 7151 7152 7713 93821126011773120011208412041
 111830        2    11798116951144911226119641274612312117971127210531 9556 8454
 112830        3     7709 7394 7173 7166 7291 7981100121203312403124841246512270
 112830        3    1192211879116861164612335129681280412375119671124810254 9176
 113830        4     8456 8062 7936 7892 8026 8735106561254313085132661329113192
 113830        4    1284412815125321238613028138391354413084126261186810842 9644
 114830        5     9019 8642 8471 8425 8578 9194110011280213320133751329512994
 114830        5    1251012332120031179512318132231295912446120021130310468 9556
 115830        6     8746 8281 7982 7804 7796 7972 8410 913510113109011130911451
 115830        6    11350111771104311042115671222811798111971073010137 9470 8856
 116830        7     8098 7710 7439 7308 7297 7385 7693 8093 8865 96321010210545
 116830        7    10638104491019410091107151178211657113211094610370 9603 8852
 117830        1     8297 8059 7965 7933 8104 8810107011245613139133631346413350
 117830        1    1310812986127681268013192142091384913409128861212710995 9909
 118830        2     9155 8804 8660 8636 8779 9497114081325213782139361396313838
 118830        2    135581351613341132751405715019147401432513925131741201010889
 119830        3    10162 9852 9726 9721 986510593125781430014796149621496514769
 119830        3    144821440214118139871456115519153121483914387136521243611218
 120830        4    105541024510065100471014510808126801439714790149071478314540
 120830        4    140451384913522132411372214807146151421413713129451176810719
 121830        5     9867 9510 9352 9257 940310034118651363714097140941397413655
 121830        5    131881296112593123301269213658134741295812533117951089610012
 122830        6     9288 8869 8630 8546 8556 8752 92521000610965115321162211434
 122830        6    11050106041025510139107631193611808112611079210281 9613 8883
 123830        7     8299 7865 7591 7419 7428 7545 7760 8285 9008 97891031810719
 123830        7    108391059310322102471073411330111221077310406 9810 9041 8188
 124830        1     7553 7313 7153 7115 7200 7888 97431169212412127271282712763
 124830        1    1240312317120571190512467132681294112553119901119410027 8928
 125830        2     8172 7793 7593 7629 7788 8280100601200912508127321278612632
 125830        2    1236412235119371175412280132961295012446119831119910115 9071
 126830        3     8238 7946 7782 7756 7879 8544105891242412917129951299012783
 126830        3    1249212354120701193512558136481342112948125321181110830 9670
 127830        4     8895 8525 8354 8305 8398 9080109471286213410135871350613264
 127830        4    1290312793125861240112897137811365613175127441199610980 9842
 128830        5     9064 8741 8588 8535 8686 9405112051306513651138471386813670
 128830        5    1333913119127841251412797135481326212727121801149310615 9653
 129830        6     8827 8416 8149 8018 7997 8204 8717 939110358109431111510923
 129830        6    1049210010 9694 9410100421134911374109091051210019 9397 8807
 130830        7     8191 7770 7527 7424 7411 7497 7766 8182 9019 9677 998610192
 130830        7    10168 9882 9591 95101000910950106881050310195 9659 9055 8211
 131830        1     7631 7359 7189 7121 7275 7955 98101178212527128371276812652
 131830        1    1239812318121201199312425132281294812401119331112010037 8941
 2 1830        2     8136 7736 7563 7482 7580 8247101471193612519125671250412291
 2 1830        2    1196711803115491136711761128911281212437119831120010213 9106
 2 2830        3     8339 8009 7823 7811 7938 8577105311232012914130561300112819
 2 2830        3    12511124361225912164127291337513027124501192811057 9968 8831
 2 3830        4     7950 7512 7274 7192 7235 7888 96271152212150123241239012320
 2 3830        4    11844118371160011383117481252212404119401147310673 9583 8483
 2 4830        5     7695 7280 7124 7035 7151 7812 95951154612258124461256912492
 2 4830        5    1224012130119651175812029127521274412212117471111310373 9514
 2 5830        6     8747 8346 8140 8056 8106 8341 8860 963810636113611163111506
 2 5830        6    1118610738104001021910823119701191811762111141074810126 9475
 2 6830        7     8851 8474 8201 8076 8074 8196 8446 8819 9557101311039510590
 2 6830        7    1056610258 9979 9981104311136911536113451090610306 9634 8849
 2 7830        1     8277 7984 7887 7884 7968 8650103411189412813132991367313824
 2 7830        1    1349713135126271223112559133131307812549118771106010249 9239
 2 8830        2     8519 8207 8064 8031 8136 8769105321219012924132581337313413
 2 8830        2    1318413061128891273613015138561383213425129951213511054 9963
 2 9830        3     9116 8780 8610 8552 8722 9378112951298113478135301350513297
 2 9830        3    129591285912675124591278613835139901361813232124981143710326
 210830        4     9615 9338 9223 9185 942410152121791381114243142491406313845
 210830        4    134521331412956127241305613936142591389513551127751179710699
 211830        5     9889 9574 9436 9406 954710239120471374614295143781430414201
 211830        5    138811378513590133661356914189141521357713007122491133810428
 212830        6     9552 9134 8861 8732 8715 8893 9174 962210381109881120511295
 212830        6    1105810666103861026010598117891216011717112191073010059 9372
 213830        7     8830 8546 8373 8329 8351 8550 8821 9245 9901103021035210319
 213830        7    10131 9678 9251 9164 95411064611333112141091710362 9756 8980
 214830        1     8425 8269 8183 8182 8438 9142111241293113555136781357013336
 214830        1    1285912672123861205612331131141320212791123251153510597 9415
 215830        2     8767 8242 8208 8179 8311 9025107921245112980129781284812620
 215830        2    1229612102119601160811886127931301612551120811129710252 9134
 216830        3     8335 7993 7922 7679 7905 8615104561226712734127991270612519
 216830        3    1211212046117841158111950127701305212625122041141310340 9252
 217830        4     8396 8032 7845 7744 7826 8492102471214512870130231312413037
 217830        4    1281712800126101249112904133821325512822122531144610281 9166
 218830        5     8369 7989 7757 7694 7812 8436101791183412422125461250012311
 218830        5    1192211709114131113911214119841234311921114851085010018 9052
 219830        6     8332 7921 7665 7556 7608 7832 8300 911010112107841095510818
 219830        6    10388 9930 9579 9399 969010682111761074810391 9898 9307 8667
 220830        7     8056 7705 7465 7375 7367 7479 7718 8151 8791 9200 9325 9368
 220830        7     9206 8749 8380 8230 8526 94821019410038 9843 9493 8917 8307
 221830        1     7744 7442 7342 7284 7415 7758 8485 959010596110931124511180
 221830        1    107911036310024 9869102531109811458111171072710091 9255 8316
 222830        2     7692 7379 7244 7213 7348 8049 94681119112029122291231212154
 222830        2    11766115991131311053112831200912409120001159210898 9960 8899
 223830        3     8136 7749 7557 7465 7541 8122 95471130912268127531297413023
 223830        3    1277112688124251221212493128771280612288118041107810167 9159
 224830        4     8344 7913 7721 7661 7748 8331 97541136312110123551241612265
 224830        4    1192911796115621138211607122311263712200117471107310100 9107
 225830        5     8292 7895 7681 7631 7738 8346 97281140712325126161268512591
 225830        5    1229912213119971175911891123621260412141116481096110093 9182
 226830        6     8419 8038 7791 7685 7708 7910 8370 915710134107871102510932
 226830        6    1056710100 9727 9596 98921078111418110621067010170 9596 8928
 227830        7     8361 7950 7718 7612 7577 7725 7838 8227 8860 9321 9472 9573
 227830        7     9410 8968 8599 8452 8718 95151033010195 9987 9483 8775 8122
 228830        1     7523 7269 7136 7132 7310 7993 98441164912306124211233012110
 228830        1    11741116351135911193114041194412406120321153910573 9724 8784
 3 1830        2     7902 7562 7380 7374 7478 8138 97971163312308122741239912201
 3 1830        2    11843118361165611536119551247112576121361162610881 9806 8676
 3 2830        3     7920 7550 7353 7287 7404 8037 98371178512506127181283512779
 3 2830        3    12528124341218411946121131250112685122351179411080 9993 8876
 3 3830        4     8115 7722 7513 7416 7519 8224 99321176612332124351239912189
 3 3830        4    1182311695114251112411240117651241412119117501102710024 8897
 3 4830        5     8081 7733 7556 7500 7639 8290 99931179112541127881282512698
 3 4830        5    12255120361167411313112801164412201117461129410675 9754 8752
 3 5830        6     8024 7614 7306 7163 7208 7480 7803 8520 9566101831031210189
 3 5830        6     9736 9280 8885 8642 8864 95961050410237 9884 9386 8824 8206
 3 6830        7     7691 7283 7031 6938 6924 7052 7197 7644 8311 8808 8998 9145
 3 6830        7     9036 8665 8355 8267 8591 927010027 9864 9643 9056 8274 7529
 3 7830        1     6967 6663 6575 6553 6717 7428 92991134912288127121284912866
 3 7830        1    1259412649124491231612606129651300712539120171119610085 8960
 3 8830        2     8133 7762 7548 7488 7613 8255100211199512785129911308713029
 3 8830        2    1284412782126341254512834131991322712787122631138410274 9067
 3 9830        3     8348 7929 7706 7642 7702 8337100721195812644128561293712807
 3 9830        3    1255412511123001216312417127511290612439120071123210070 8997
 310830        4     8151 7784 7567 7521 7555 8300 99751192412688129231299813002
 310830        4    1275912769125551237612567128091294812527120381116810069 8964
 311830        5     8104 7753 7494 7409 7516 8172 98251169612451126741276012652
 311830        5    12322122821204411864120651231412461120041149410840 9976 9089
 312830        6     8230 7745 7480 7324 7292 7468 7824 8669 9765106441108711143
 312830        6    108861055410263101301035910868112371080610376 9855 9229 8569
 313830        7     7841 7402 7092 6926 6860 6936 7033 7553 8377 9024 9350 9535
 313830        7     9439 9073 8737 8569 8789 93291019710139 9930 9422 8673 7929
 314830        1     7353 7073 6972 6988 7150 7901 95891142812047122381217612017
 314830        1    11590114621115210785108921127611962116431120610423 9402 8344
 315830        2     7529 7148 6980 6891 6996 7636 92761108911706118521191911736
 315830        2    11472114811128711062114851180112121117711136610617 9556 8571
 316830        3     7734 7344 7244 7136 7256 7942 95851144912097121821220112068
 316830        3    11727116711137711115111791142812120118831152310822 9781 8656
 317830        4     7837 7465 7232 7157 7268 7902 94821143612190122971235412198
 317830        4    11941118991156811393114071160412166119021154710844 9738 8632
 318830        5     7921 7533 7310 7221 7287 7930 95231140112196124141249812409
 318830        5    12195121541194211713118971199112169116881113210388 9508 8547
 319830        6     7777 7294 6991 6812 6751 6904 7271 8105 9153100331039110398
 319830        6    10121 9738 9588 9414 96161001510372 9957 9522 8971 8284 7616
 320830        7     6967 6509 6213 6052 6008 6090 6283 6615 7608 8237 8652 8835
 320830        7     8776 8453 8022 7845 8006 8437 9507 9628 9459 8970 8220 7484
 321830        1     6956 6729 6618 6610 6769 7485 92291127912148123611241412428
 321830        1    12327122961217312065123961248712411119301139210496 9351 8274
 322830        2     7484 7045 6890 6801 6927 7508 91641115111953122061226312305
 322830        2    1205712071119111177612013121851258712330119391115610083 8942
 323830        3     8224 7884 7727 7680 7858 8512102181212012798129061291012739
 323830        3    1236612251119781174711918122001283212723123171155710480 9396
 324830        4     8594 8236 8025 7988 8135 8760104331223212813129361285512626
 324830        4    1222812073117091147311589118471253312449120981133510316 9354
 325830        5     8542 8236 8045 8017 8149 8838105201230913014130121308412862
 325830        5    1245712287118581142011331114731224612090116571100410245 9274
 326830        6     8540 8167 7918 7822 7841 8002 8355 925210153107371081110545
 326830        6    10112 9605 9133 8925 9019 94761037410367 9997 9548 8973 8289
 327830        7     7749 7393 7165 7050 7021 7097 7230 7826 8566 9111 9336 9456
 327830        7     9457 9183 8970 8898 9182 9708103671031010023 9422 8776 8086
 328830        1     7431 7137 6965 6916 6982 7597 93301132412160124471256112415
 328830        1    12109119941159911382115111165912010118041133610498 9471 8384
 329830        2     7569 7219 6997 6942 7066 7690 93571130612078123441241412368
 329830        2    1203911986117391149711619118551257112545122121141910377 9309
 330830        3     8506 8138 7995 7979 8102 8735103701222612838128461279112587
 330830        3    1217412029116891131911409116141234212437119381113410177 9140
 331830        4     8322 7952 7777 7726 7844 8431100681186512428125071242412089
 331830        4    11687115411119010851109651130111923118061136110707 9584 8484
 4 1830        5     7725 7338 7125 7033 7112 7488 85771000610850112081122711089
 4 1830        5    107241044610140 9852 987510100107661077210433 9770 9038 8162
 4 2830        6     7506 7147 6927 6871 6881 6932 7226 8057 9036 9528 9665 9473
 4 2830        6     9066 8621 8286 8192 8436 8989 9787 9865 9585 9070 8440 7672
 4 3830        7     7052 6612 6353 6237 6242 6283 6578 7355 8365 9088 9368 9598
 4 3830        7     9572 9168 8764 8573 8649 8847 9398 9556 9476 9023 8315 7617
 4 4830        1     7056 6776 6629 6630 6767 7361 91471119512121123301235412167
 4 4830        1    11864118061153811282113731149411818118101133910520 9432 8257
 4 5830        2     7508 7109 6932 6888 7014 7513 91601108411711118031178811714
 4 5830        2    11432114361119410964110641116611577116971128010512 9410 8295
 4 6830        3     7565 7250 7064 7013 7150 7640 93481127511823119191185211653
 4 6830        3    11304112441095610666106391076711298114941110010349 9204 8150
 4 7830        4     7443 7076 6851 6767 6855 7355 90591081511562116121163211536
 4 7830        4    11273113501116410918110651123311601115301108010286 9100 7952
 4 8830        5     7317 6961 6722 6638 6710 7257 88641083811609118071185911723
 4 8830        5    113781127311089108161091411092113101101810495 9750 8851 7907
 4 9830        6     7199 6764 6425 6224 6246 6368 6786 7775 8752 9328 9445 9304
 4 9830        6     8932 8563 8251 8059 8199 8564 9287 9564 9211 8676 8042 7407
 410830        7     6846 6448 6206 6078 6005 5910 6141 6782 7680 8437 8914 9321
 410830        7     9464 9322 9160 9202 9538 98131019810112 9785 9175 8446 7595
 411830        1     7009 6723 6583 6564 6713 7307 90951120412097123611254612401
 411830        1    12119120711179111493115201144711699118051131910505 9424 8445
 412830        2     7754 7277 7056 6983 7111 7565 92721110711725118631188711833
 412830        2    11541115961145911329115631169411848117901134210537 9416 8361
 413830        3     7529 7158 6964 6878 6988 7484 91751099811571116911168911507
 413830        3    11199111581087010584105471059411018113731105210336 9291 8186
 414830        4     7433 7097 6947 6892 7044 7500 91801101611666117701180011648
 414830        4    11340113291107810822108931106111530116811131810521 9426 8318
 415830        5     7601 7189 6978 6884 6958 7501 90761106611761119261192311814
 415830        5    11509114881125710922109411107711317111921081910038 9193 8259
 416830        6     7450 7019 6745 6591 6589 6642 7069 8055 9149 99281020810262
 416830        6    10043 9772 9530 9452 9725100781037210225 9850 9264 8633 7917
 417830        7     7270 6874 6557 6401 6374 6245 6428 7005 7798 8366 8711 8870
 417830        7     8826 8449 8150 8051 8251 8521 9102 9376 9249 8750 8158 7413
 418830        1     6900 6687 6541 6524 6650 6933 8183 974910746111921133011331
 418830        1    11072109201060810326105521075410995111881081410141 9216 8245
 419830        2     7564 7237 7036 6965 7089 7641 91331109112213127131289212810
 419830        2    12554123861212511856119731204712094119331143410670 9608 8595
 420830        3     7843 7439 7239 7177 7235 7680 91041088211793120551223512174
 420830        3    11873118241160611397115661170611860119011144910759 9752 8734
 421830        4     7907 7561 7368 7269 7297 7728 91701102511938121461225212155
 421830        4    11741116811145711125112641154911510114511122810560 9583 8447
 422830        5     7825 7482 7223 7117 7231 7602 89421064211423116461162411459
 422830        5    111021104410792103661028410200104781085210484 9833 9030 8283
 423830        6     7428 7005 6795 6679 6647 6633 7134 7991 8793 9314 9367 9184
 423830        6     8767 8390 7977 7959 8161 8487 8979 9399 9071 8522 7876 7174
 424830        7     6578 6214 6080 5976 5887 5826 5869 6234 6947 7750 8460 8995
 424830        7     9427 9249 9144 8928 9168 9265 9244 9348 9437 9222 8346 7374
 425830        1     6742 6451 6291 6204 6245 6803 83901046011511118811214012121
 425830        1    11906118131158411374114731142711110111041114510491 9468 8248
 426830        2     7569 7089 6905 6785 6875 7440 89711110011914121901225712154
 426830        2    11929119261165611434114811135610917108891117910589 9551 8337
 427830        3     7624 7177 7023 6885 6980 7575 91121095011617117311167311522
 427830        3    111401112210857105981045710315 9989101201068910115 9056 7943
 428830        4     7227 6799 6632 6456 6455 6976 84391037611219114631153711447
 428830        4    11232112871109210820106931043710082101311073710194 9086 7923
 429830        5     7079 6631 6410 6247 6265 6676 81791019011059113871156511499
 429830        5    113221125511039107071048610254 9979 998410197 9665 8797 7796
 430830        6     6963 6542 6242 6057 6000 6052 6302 7227 8269 9057 9420 9384
 430830        6     9129 8843 8546 8345 8375 8508 8444 8493 8915 8534 7889 7166
 5 1830        7     6511 6092 5805 5620 5552 5520 5557 6096 6948 7647 8024 8267
 5 1830        7     8206 7913 7685 7568 7750 7921 7999 8345 8880 8527 7720 6920
 5 2830        1     6352 6071 5907 5811 5837 6464 80511014711181116131185011851
 5 2830        1    11661116121145011158111601097510597104611077110182 9039 7905
 5 3830        2     7088 6682 6425 6302 6365 6799 83801042711313116661186211794
 5 3830        2    11585116251146911140111251086310536104621082810253 9134 7920
 5 4830        3     7117 6709 6447 6362 6390 6965 84651047811404117021187311905
 5 4830        3    11657116621144311128110701081910343101291066410152 9136 7953
 5 5830        4     7094 6731 6540 6441 6510 7027 86641063411323115401155111409
 5 5830        4    11240112531106710817107101054910342103241067610111 9085 7909
 5 6830        5     7128 6696 6496 6395 6427 6944 84811044511232114531150611366
 5 6830        5    1108511059107991040910250 9927 9637 950410041 9603 8819 7749
 5 7830        6     6943 6492 6251 6092 6051 6091 6529 7476 8498 9030 9172 9029
 5 7830        6     8703 8352 8120 7959 8107 8265 8281 8345 8798 8505 7816 7065
 5 8830        7     6418 6039 5755 5562 5623 5482 5539 6188 7044 7646 7897 7967
 5 8830        7     7910 7613 7392 7239 7359 7438 7500 7851 8616 8324 7609 6755
 5 9830        1     6246 5977 5866 5797 5873 6456 81391035311364117681192111905
 5 9830        1    11651115781134911083110851087110507104161081610265 9176 7992
 510830        2     7235 6894 6708 6627 6737 7282 89261096211674118281183511727
 510830        2    11573114961128211045111141102410739106531091210372 9263 8049
 511830        3     7335 7010 6825 6735 6813 7316 90611106211686119221200711947
 511830        3    11702116821141111120111981099210672105681095810454 9398 8326
 512830        4     7486 7098 6908 6856 6911 7433 91991117211838119451193211823
 512830        4    11517115171127910924107711050610055100401065110256 9195 8116
 513830        5     7274 6892 6654 6603 6619 7073 87141074411487117111178311746
 513830        5    114411138911135108051074610578102821009110316 9812 8956 7960
 514830        6     7125 6664 6373 6186 6137 6191 6558 7506 8531 9117 9248 9126
 514830        6     8756 8437 8183 7989 8125 8273 8227 8120 8676 8515 7874 7069
 515830        7     6473 6073 5814 5660 5596 5552 5666 6258 7168 8092 8499 8784
 515830        7     8973 8667 8392 8254 8354 8448 8500 8573 8923 8569 7816 6988
 516830        1     6397 6126 5951 5906 6001 6561 82091038211357117021189511866
 516830        1    11691117371159411340115071148111189110321108710382 9296 8171
 517830        2     7374 7005 6844 6743 6809 7278 89741091811622117831176411629
 517830        2    113041130211018107071068410420 9987 98541055110233 9213 8081
 518830        3     7343 6959 6833 6762 6889 7321 90341096511566116801168011503
 518830        3    111991119610985106651053110354 9943 97321038710120 9077 7927
 519830        4     7156 6834 6635 6565 6661 7083 87541065811367115111154811423
 519830        4    11195111731101010734106921054210327102451063110080 9023 7904
 520830        5     7137 6755 6577 6424 6499 6937 85131059111520118021195411927
 520830        5    116551158711398111241101210754104011011710205 9721 8904 7914
 521830        6     7107 6636 6351 6142 6088 6155 6427 7413 8516 9176 9367 9265
 521830        6     8969 8663 8423 8312 8449 8623 8634 8571 8838 8521 7900 7196
 522830        7     6588 6158 5834 5653 5584 5427 5583 6150 7050 7679 7988 8121
 522830        7     8079 7830 7616 7547 7688 7826 7889 8053 8646 8480 7721 6875
 523830        1     6365 6095 5942 5871 5947 6418 80281014911225116671192911976
 523830        1    11818118381163011455113801106410555103901069610206 9092 7934
 524830        2     7094 6705 6487 6330 6350 6798 84541058211452118031196211951
 524830        2    11709116571150011199112641103910585102851061310207 9144 7920
 525830        3     7160 6785 6540 6405 6465 6928 85351061911387115961167111638
 525830        3    11369114051122011008109071063510145 98791040110141 9062 7871
 526830        4     7062 6675 6440 6320 6376 6779 83631038511213115481168911630
 526830        4    11432114981130311005110031080310509103681063210201 9103 7958
 527830        5     7158 6792 6516 6419 6501 6928 84681052911478118271203011967
 527830        5    117791171611449111421106510882104971020410314 9878 9040 7943
 528830        6     7194 6701 6389 6181 6143 6132 6442 7231 8176 8771 8857 8794
 528830        6     8482 8129 7847 7699 7763 7953 7914 7818 8360 8371 7762 6983
 529830        7     6393 5996 5759 5590 5539 5416 5561 6111 6923 7610 7961 8142
 529830        7     8173 7908 7618 7499 7664 7816 7748 7710 8097 7946 7416 6745
 530830        1     6155 5760 5557 5423 5367 5347 5470 6087 6973 7827 8427 8858
 530830        1     8815 8348 8057 7914 8177 8345 8290 8310 8606 8400 7612 6809
 531830        2     6270 5954 5812 5742 5786 6295 80011018711209117131194311936
 531830        2    11786118491161011397114081112510696104401059410266 9176 8076
 6 1830        3     7168 6721 6529 6374 6429 6793 83481034711197115241167711609
 6 1830        3    11455115521132011095110141077110342101591053210182 8993 7881
 6 2830        4     7087 6686 6465 6345 6413 6776 83001036511258115551169011681
 6 2830        4    11478115371128411050109681065010198 98571029010232 9186 8008
 6 3830        5     7142 6717 6488 6320 6403 6722 83081027811135115761172811758
 6 3830        5    115641161911413110521081910427 9981 9636 9957 9785 8936 7905
 6 4830        6     7120 6598 6364 6162 6124 6139 6453 7402 8524 9454 996110023
 6 4830        6     9806 9439 9108 8913 8903 8960 8844 8607 8812 8698 8062 7369
 6 5830        7     6658 6176 5902 5675 5636 5466 5596 6198 7071 7825 8183 8432
 6 5830        7     8325 8071 7777 7628 7733 7765 7742 7774 8402 8676 8006 7109
 6 6830        1     6464 6147 6011 5916 5978 6309 80201019611297117871206412217
 6 6830        1    12025121301200411713116481121210724104611078810500 9369 8190
 6 7830        2     7349 6936 6693 6571 6602 6979 85111062711618120511230812340
 6 7830        2    12159122411200011859116991127310682102971058310560 9427 8155
 6 8830        3     7331 6911 6700 6513 6563 6918 85361056811450117801194611960
 6 8830        3    11774118451168811421113401094810366100191037310323 9297 8037
 6 9830        4     7202 6783 6553 6426 6469 6807 84091041811275116311177811721
 6 9830        4    11527116981147911265111181077910272 99341027610237 9165 7971
 610830        5     7167 6765 6516 6396 6420 6781 83261021511095115851165311548
 610830        5    114721151911282110241079110415 9994 9609 9851 9853 9014 7954
 611830        6     7158 6675 6370 6182 6119 6031 6429 7396 8494 9265 9517 9484
 611830        6     9223 9041 8874 8874 9014 9099 8931 8766 9037 9089 8384 7583
 612830        7     6880 6385 6059 5852 5754 5513 5699 6353 7263 7957 8280 8451
 612830        7     8491 8283 8134 8159 8379 8492 8507 8551 9142 9582 8874 7910
 613830        1     7197 6830 6615 6493 6545 6842 84801085612298131431353313795
 613830        1    1376013924138061369113495130091251712168123681218010873 9362
 614830        2     8396 7892 7552 7330 7311 7572 90191122612400130191338913547
 614830        2    1351913806137261357713369129491232311899120871187610703 9332
 615830        3     8344 7816 7532 7336 7349 7596 91461139412713134981396014164
 615830        3    1416714476144111430114028133541269312085122631192410670 9309
 616830        4     8344 7812 7563 7324 7332 7678 90751111512252128081308813150
 616830        4    1298713150129941276412593121361156411115113521113710028 8757
 617830        5     7885 7365 7134 6956 7012 7306 86791064911810123311262312751
 617830        5    12663129391285612587123291184011323107951087610817 9875 8695
 618830        6     7841 7279 6939 6687 6600 6506 6962 7876 8987 98351022910284
 618830        6    10137 9969 9828 9842 991310015 9860 9691 9785 9860 9161 8291
 619830        7     7540 7006 6657 6455 6328 6133 6272 6835 7763 8629 9145 9466
 619830        7     9520 9353 9208 9153 9280 9266 9147 9109 9565 9956 9284 8294
 620830        1     7552 7163 6925 6760 6779 7008 85491069212098128811328513445
 620830        1    1328113351132801304312860124021180311336114711142210278 8934
 621830        2     8034 7509 7267 7067 7082 7335 87041072611983126021304313173
 621830        2    1309913129131001293112789122831168411165112021127410338 8966
 622830        3     7910 7415 7139 7010 6978 7175 85621063712004127341320713452
 622830        3    1345813665136991358513546131201257012110121971221211082 9674
 623830        4     8626 8024 7702 7462 7435 7662 90291105112509134001388014082
 623830        4    1400514208140971395413781132811272512219121601220311138 9779
 624830        5     8733 8128 7825 7601 7586 7834 91451122612706136621414814355
 624830        5    1417214296141451382613511129301232511706116431151310543 9277
 625830        6     8398 7664 7237 6982 6882 6720 7134 8035 9059 980710009 9884
 625830        6     9559 9232 9070 8893 8992 9040 8871 8614 8810 8966 8332 7534
 626830        7     6821 6461 6112 5899 5877 5606 5756 6386 7219 7908 8234 8454
 626830        7     8443 8225 8009 7946 8118 8181 8196 8228 8571 8736 8113 7372
 627830        1     6811 6526 6399 6330 6402 6737 80981014211569124451317213540
 627830        1    1363313953140081391413743130911247511979121301192810858 9614
 628830        2     8642 8064 7752 7569 7547 7833 89791081111906124401273612747
 628830        2    12458123491208111774116931139910860104411050110255 9343 8197
 629830        3     7391 6899 6733 6512 6580 6844 81221001411104117111215912149
 629830        3    11982121131201311854117341142010911104051049710659 9697 8481
 630830        4     7594 7124 6839 6669 6693 6918 82551016911325120511245812585
 630830        4    12508126711261812412122011181911306107571085310828 9825 8628
 7 1830        5     7699 7175 6874 6727 6722 6919 81621003711225120441222912332
 7 1830        5    12273123631226012017118261146511036106231071910634 9842 8831
 7 2830        6     7938 7270 6961 6751 6657 6530 6869 7763 8923 98581037910560
 7 2830        6    10536103611029710389105191056710451102471041210583 9943 9087
 7 3830        7     8177 7572 7195 6870 6685 6368 6515 7183 8144 9034 9519 9800
 7 3830        7     9832 9676 9531 9497 9678 9711 9633 9489 9657 9964 9607 8860
 7 4830        1     8006 7483 7058 6856 6661 6479 6721 7463 8497 95621017910454
 7 4830        1    10426102721016710152103231039510256100781025710405 9955 9093
 7 5830        2     8240 7751 7500 7325 7301 7526 86931060612139130521365713843
 7 5830        2    13869138971379513500132271267312050115371139910975 9875 8612
 7 6830        3     7796 7326 7022 6846 6835 7152 8171 991411088117881216312358
 7 6830        3    12295123581223412058119681154210984104851061710476 9508 8358
 7 7830        4     7418 6939 6604 6515 6435 6689 7696 943710566112091154011636
 7 7830        4    11540115611150111348112971098410535100611021110200 9291 8151
 7 8830        5     7274 6831 6524 6387 6401 6588 7679 942510650113991172411894
 7 8830        5    11773118901184511680115851119310768103161041810332 9511 8508
 7 9830        6     7687 7142 6809 6615 6530 6521 6766 7590 8529 9343 9763 9871
 7 9830        6     9705 9465 9291 9169 9247 9268 9044 8682 8814 8929 8257 7450
 710830        7     6746 6278 5993 5766 5701 5464 5616 6128 6913 7604 7947 8172
 710830        7     8151 7963 7777 7720 7906 7975 7935 7864 8304 8628 8029 7204
 711830        1     6569 6240 6043 5966 6013 6283 7393 918610457112891173411883
 711830        1    11853119701184911699116731130510816104491064610352 9461 8368
 712830        2     7498 7084 6826 6717 6752 6995 8061 997111298121311241412646
 712830        2    1272112771128111275112745124311189611461115981161010646 9389
 713830        3     8375 7893 7573 7399 7367 7636 87731068112019128231325013419
 713830        3    1343713548134851327013130126391209511539115851166910642 9390
 714830        4     8345 7777 7458 7213 7170 7325 85001039311746124851287113016
 714830        4    1299813158131161309512997126361216711666117421173710664 9370
 715830        5     8319 7774 7423 7206 7211 7413 84721033111673125351304213305
 715830        5    133241353613740135841342813034125841214712176120591116610034
 716830        6     9045 8375 7925 7639 7499 7336 7681 871110031111651166911831
 716830        6    1177911671115491150011611116091135910947110011106910299 9290
 717830        7     8399 7790 7308 7037 6780 6525 6599 7194 8009 8697 9118 9465
 717830        7     9577 9452 9336 9399 9616 9754 9664 9572 996710359 9746 8693
 718830        1     7910 7444 7181 7069 7056 7291 84861054312119131931381314134
 718830        1    142101453414585144311430713958134681298813112130231185410455
 719830        2     9370 8660 8293 8035 7952 8134 92671122112578134161389813987
 719830        2    1393014053139401371613557130201242111972120651192610852 9601
 720830        3     8629 8135 7837 7644 7638 7887 90651104212469133441388714142
 720830        3    141461428614324142151406513634129901247212577124801137610022
 721830        4     9008 8402 7998 7750 7685 7893 89751098112427132951387814206
 721830        4    1414114409143431432013957133561277712132121031168210631 9423
 722830        5     8403 7786 7389 7154 7104 7352 84181017111425119041225412263
 722830        5    12016120931191511626114211099210575101951029010231 9455 8329
 723830        6     7629 7133 6797 6547 6485 6452 6767 7687 8824 96991005210187
 723830        6     9994 9834 9696 9686 9835 9953 9817 9465 9755 9658 9104 8297
 724830        7     7592 7043 6714 6514 6381 6321 6345 6754 7506 8152 8574 8895
 724830        7     8970 8753 8454 8361 8416 8472 8390 8320 8670 8593 7965 7186
 725830        1     6654 6345 6197 6092 6178 6596 7729 966810929116891209912256
 725830        1    12138121941214211937119081158811060106021091310716 9676 8469
 726830        2     7652 7067 6926 6723 6774 7030 81601005111337121221255812726
 726830        2    12644127401266512489124001198911391109021115110915 9924 8616
 727830        3     7737 7254 6913 6827 6800 7049 8158 998811248120431251512782
 727830        3    1272912958129011279712648123581173711236114711125010157 8880
 728830        4     7991 7470 7186 6998 7032 7263 84101031111727125741317213417
 728830        4    1351113759137531359913465129891242211923121881183110828 9532
 729830        5     8646 8087 7798 7581 7570 7919 89691086812285130781352513665
 729830        5    1352513633135181328913035125361197111513117201133010419 9331
 730830        6     8453 7935 7557 7358 7297 7327 7609 8429 9589105701120611430
 730830        6    1137311277112191123611336113581121110957112291123010386 9478
 731830        7     8668 8043 7594 7323 7128 6901 6913 7528 8308 9075 9459 9799
 731830        7     9895 9757 9628 9437 9832 9886 9731 96141013610162 9471 8788
 8 1830        1     7914 7545 7337 7248 7342 7752 89051102512471134521407114374
 8 1830        1    1445114651146151448814266137701305112674127301220111128 9899
 8 2830        2     8989 8459 8181 7884 7940 8269 93111130712653134771392214066
 8 2830        2    1394414053139281375513629131491252612050122891180810795 9556
 8 3830        3     8594 7994 7720 7521 7468 7733 87811083812236130111349913617
 8 3830        3    1363913834138821371513741134191277312302125851227211142 9897
 8 4830        4     8920 8331 7999 7839 7776 8113 91181107812463132281367713784
 8 4830        4    1374713999140631395213836134611298812572126711219411009 9824
 8 5830        5     8872 8361 8082 7893 7889 8228 93091123912692134751395614122
 8 5830        5    1405614100141201380613563131141256012122123341193110902 9814
 8 6830        6     8838 8251 7896 7628 7486 7516 7785 8626 9720107261133311542
 8 6830        6    11427113211114111091109811094310621103881078310596 9856 8935
 8 7830        7     8176 7656 7274 7084 6920 6853 6846 7414 8301 9162 972510129
 8 7830        7    10315101921006310045102071028710145100411062810596 9852 8885
 8 8830        1     8148 7690 7499 7346 7344 7743 88101089912393135181420614558
 8 8830        1    145741477014700146781454014145136261316813483130841192510539
 8 9830        2     9500 8907 8515 8226 8164 8416 94621145112829136291406714134
 8 9830        2    1398614086140441381113742132441254312004122881171410504 9229
 810830        3     8296 7735 7403 7177 7145 7436 84331022611444121361246312560
 810830        3    12438125371242512267121341177411199108931122010752 9701 8618
 811830        4     7817 7338 7079 6975 7005 7413 85501040811603123881264112758
 811830        4    12489124161232812056119251183711538112941107910366 9433 8414
 812830        5     7590 7187 7026 6733 6860 7206 83261010511251119071226012305
 812830        5    120821199711716113451122710996106311040310462 9853 8947 8012
 813830        6     7249 6766 6489 6295 6241 6338 6630 7524 8557 9255 9580 9541
 813830        6     9198 8921 8671 8487 8583 8676 8581 8459 8922 8663 8007 7333
 814830        7     6707 6234 6000 5819 5733 5743 5767 6240 7061 7748 8148 8359
 814830        7     8338 8122 7878 7864 7990 8106 8080 8112 8858 8663 7972 7198
 815830        1     6647 6330 6183 6151 6212 6611 7754 965410924116011205612227
 815830        1    12128122131216211930118601150511049106611114210577 9565 8384
 816830        2     7532 7043 6798 6649 6691 7122 81771012411371121901265412915
 816830        2    1288513113130781294312848124651187711455118451135210206 8943
 817830        3     8042 7556 7267 7071 7083 7553 85781056011859127261332413527
 817830        3    1360113776138111363813521130891246612152124641185410670 9500
 818830        4     8533 8075 7735 7565 7598 8012 91631108312369130421348113514
 818830        4    1334213394132841299312816125001200111748120091139210348 9138
 819830        5     8249 7749 7443 7298 7319 7755 88711083212261131911376514061
 819830        5    1405114269142911404213885134101285312575128701224511121 9950
 820830        6     8991 8385 8014 7725 7598 7687 7936 889210109113041199212235
 820830        6    12058118601176611709117131158111259109061120910795 9902 8922
 821830        7     8100 7488 7067 6782 6592 6434 6401 6900 7704 8314 8665 8895
 821830        7     8896 8728 8573 8548 8704 8848 8776 8798 9467 9195 8451 7683
 822830        1     7109 6740 6571 6452 6512 6984 8152 999411439122951274713030
 822830        1    1287612984129311273412690123611190711776118531116510087 8928
 823830        2     8055 7598 7304 7177 7185 7521 87081059311871125751298213083
 823830        2    12944131921301412807127951236211779114271180311137 9952 8852
 824830        3     7895 7414 7134 6980 6996 7431 84351034711593121831270612862
 824830        3    12758128661279212595124791211011522112931157810935 9803 8688
 825830        4     7778 7289 7113 6906 6948 7451 84601035811530122751273712887
 825830        4    12855130411299712712126041216811576113671166210946 9888 8766
 826830        5     7876 7442 7124 7010 7054 7469 85531040911695124461293313198
 826830        5    1324313406133771321312915124621197211794119901123610301 9239
 827830        6     8300 7783 7460 7277 7214 7267 7538 8452 9754108441148011774
 827830        6    1167111630114811145411548116261138011351114761098210114 9291
 828830        7     8466 7833 7539 7186 6998 6948 6880 7358 8253 9053 962210049
 828830        7    102861019110047 9948 9976 9915 9770 990710349 9966 9290 8485
 829830        1     7749 7419 7147 7052 7174 7666 88991090612202130861347913605
 829830        1    13386134101319412850127281243011936118731185311021 9986 8858
 830830        2     7979 7541 7285 7112 7198 7603 89511072911982126971313113224
 830830        2    1309913157130721287812788124051192011969119711117210070 9001
 831830        3     8082 7652 7424 7256 7289 7784 90771098712222129701338613499
 831830        3    13323132711307612770126731225511874118101177610990 9888 8749
 9 1830        4     7908 7436 7118 7042 7053 7561 88181066611876125991300613134
 9 1830        4    1299613166130531282412615122261178311732119491109310053 8865
 9 2830        5     7965 7426 7156 7016 6990 7464 85861040611636123391275712893
 9 2830        5    12746129071285312541122901181111360114451151110788 9853 8799
 9 3830        6     7885 7341 6984 6736 6662 6751 6841 7561 8646 95731003210236
 9 3830        6    1012410035 9929 99851014210274100931026410450 9896 9058 8203
 9 4830        7     7446 6915 6555 6301 6162 6138 6106 6583 7443 8228 8691 9077
 9 4830        7     9222 9155 8974 8909 8982 9106 9079 9424 9616 9304 8698 7928
 9 5830        1     7223 6770 6501 6298 6234 6250 6297 6851 7797 8784 9471 9880
 9 5830        1    10016 9817 9733 9785 99971015410088106301100910545 9624 8642
 9 6830        2     7987 7569 7370 7269 7299 7909 94131150813201141721490815312
 9 6830        2    153821563915674154281535814848143961462514681137361235110870
 9 7830        3     9796 9220 8831 8581 8558 9028104461248213767146721512515385
 9 7830        3    1530915438153141508314788141851336513219131611211510755 9394
 9 8830        4     8379 7864 7506 7323 7336 7816 92251102712076127001302313130
 9 8830        4    1302713198131521299912865124571200312168121931132410030 8753
 9 9830        5     7903 7441 7178 6998 7066 7545 90271084711879125581291913151
 9 9830        5    13059133101325513039127571225711863119271192611053 9998 8974
 910830        6     8125 7610 7231 7017 6947 7126 7459 8314 9442103701085211167
 910830        6    1110511089110511109711270114461126411572116581106910253 9310
 911830        7     8511 8007 7555 7335 7107 7120 7097 7551 8596 95921031410899
 911830        7    1127611229111571113911273112761124011835121411151510562 9402
 912830        1     8623 8069 7801 7601 7577 8085 95121149512639133071361413751
 912830        1    1359313690135481330213169128071247112619122141126710040 8750
 913830        2     7953 7486 7208 7050 7091 7624 91691100511863123211256212601
 913830        2    12428125251232412091120501181811482116971136510530 9251 8201
 914830        3     7451 7059 6828 6712 6729 7342 89641076211503118051199611951
 914830        3    11807119221175211527113751121610889112921117010284 9146 7991
 915830        4     7281 6861 6675 6519 6631 7205 88461066811382116561179311785
 915830        4    11558116771162311329112371107510823112921114810339 9126 7973
 916830        5     7203 6835 6684 6561 6628 7218 88571063711389117071185711861
 916830        5    116401168411520111481099510742105461092510614 9881 8997 7986
 917830        6     7198 6791 6518 6375 6329 6456 6902 7729 8838 97021007210106
 917830        6     9842 9562 9293 9141 9250 9428 9519 9797 9548 8928 8282 7573
 918830        7     6908 6376 6085 5935 5852 5858 5965 6380 7318 8038 8404 8644
 918830        7     8684 8437 8210 8140 8276 8416 8662 9430 9289 8788 7949 7162
 919830        1     6665 6390 6246 6207 6326 6820 87021067711684123021272212992
 919830        1    1295213258133641340613419131101284613289129831207310819 9377
 920830        2     8481 7932 7669 7437 7469 7941 96781148312614133801392314136
 920830        2    1429314541145731438014310138231338313689132861223210853 9566
 921830        3     8666 8066 7755 7580 7557 8091 97701163012713132821363813718
 921830        3    1359213755137031343313261128781263712916124481160510357 9119
 922830        4     8206 7713 7434 7271 7258 7699 93691102911985122791241312424
 922830        4    12177122571207011763116481133111109115361115710340 9253 8098
 923830        5     7300 6900 6637 6557 6628 7218 88581056211319116271173411733
 923830        5    115021157211311110221080010585105741093410556 9820 9001 8009
 924830        6     7226 6759 6535 6356 6335 6522 6940 7843 8911 9525 9706 9557
 924830        6     9238 8969 8749 8525 8627 8801 9049 9525 9185 8664 7978 7257
 925830        7     6722 6268 6036 5930 5862 5919 6132 6611 7466 8062 8315 8444
 925830        7     8370 8104 7859 7761 7937 8164 8443 9402 9045 8570 7762 7026
 926830        1     6481 6179 6105 6038 6160 6833 86521063611378117511195511956
 926830        1    11707117591157311349113581119811140115351111710307 9160 7953
 927830        2     7196 6818 6612 6513 6588 7207 89411072911402116271182111897
 927830        2    11782119421182111670116101142511351117221127310406 9253 8024
 928830        3     7232 6957 6626 6541 6574 7197 88921067611378116861185411823
 928830        3    11614116831152311333113451118411068115531112410303 9130 7872
 929830        4     7212 6839 6660 6558 6653 7287 89861084011516116891181211748
 929830        4    11555116371144011272112041105411134115631108910311 9209 7904
 930830        5     7244 6879 6682 6523 6589 7189 89031069811411117071183411766
 930830        5    115571160011411110811100110815109561113310596 9868 8981 7988
10 1830        6     7205 6729 6446 6258 6220 6387 6863 7708 8806 9580 9847 9864
10 1830        6     9611 9351 9048 8959 9136 9439 9706 9812 9310 8790 8085 7408
10 2830        7     6743 6303 6045 5888 5776 5836 6060 6448 7331 8094 8570 8921
10 2830        7     8891 8681 8433 8351 8465 8643 9095 9583 9351 8735 8005 7215
10 3830        1     6636 6388 6178 6142 6233 6792 86001047611442119361224112322
10 3830        1    12227123801224312041119551174311831121031151810631 9427 8086
10 4830        2     7430 6973 6808 6648 6707 7248 90781080711659120661235512438
10 4830        2    12379125691244712300122721206912210123041177510835 9623 8393
10 5830        3     7576 7122 6873 6721 6828 7397 91621100711852122011235712388
10 5830        3    12223123301221212035120571193212073120101154810715 9529 8304
10 6830        4     7488 7114 6827 6672 6713 7317 90781082411597118841208412094
10 6830        4    11916119761184211592115261145111694117621132810470 9292 8033
10 7830        5     7233 6889 6659 6541 6600 7170 89551071711427116751183611762
10 7830        5    115271156111357110131084710643109441112010640 9949 9074 8007
10 8830        6     7239 6793 6513 6357 6343 6543 7019 7858 8611 9505 9668 9550
10 8830        6     9155 8929 8573 8427 8601 8869 9430 9647 9273 8744 8042 7278
10 9830        7     6667 6259 5970 5814 5761 5841 6023 6451 7316 7934 8273 8420
10 9830        7     8436 8145 7909 7828 8017 8288 8874 9137 8840 8461 7785 7112
1010830        1     6555 6253 6072 5995 6085 6412 7384 8622 9620101881047810504
1010830        1    1017010010 9702 9496 9716 9898104691073710390 9670 8742 7716
1011830        2     7052 6755 6510 6470 6619 7191 91371109511803119341202011892
1011830        2    11653116521147211218113341140211790117831130610418 9302 8097
1012830        3     7252 6905 6657 6543 6636 7180 90771091411718119391212112101
1012830        3    11891119291176611706119041210812184119141138010540 9417 8192
1013830        4     7401 7041 6765 6668 6723 7353 91581101011870122921253712569
1013830        4    12432124341233412125121081202512383122111170310884 9782 8533
1014830        5     7716 7270 7038 6913 6969 7491 92701109911900123371241112329
1014830        5    119651187411623112041090510681113341115710658 9905 9048 8062
1015830        6     7208 6772 6493 6342 6299 6486 6990 7819 8905 9576 9771 9685
1015830        6     9307 8988 8673 8495 8689 9033 9714 9694 9282 8777 8030 7438
1016830        7     6819 6402 6190 5973 5966 6064 6273 6837 7534 8225 8438 8463
1016830        7     8354 8120 7840 7785 8039 8444 9321 9501 9250 8739 7961 7189
1017830        1     6646 6452 6319 6236 6355 7068 91131110911833120651215812032
1017830        1    11794118111162011457115821193212117116941111410457 9292 8102
1018830        2     7354 6896 6684 6640 6718 7337 91991106711695118371192311849
1018830        2    11616116631148811347115071174611975117421121410447 9268 8075
1019830        3     7330 6939 6752 6650 6730 7329 93041124811918121001210312011
1019830        3    11719117041149411249112831140212043118671144710633 9602 8276
1020830        4     7607 7213 7018 6927 7022 7681 97811172112222123511231612125
1020830        4    11775117511152711280113561148912207121091172510962 9830 8651
1021830        5     7908 7566 7333 7284 7375 8058100631189812541126271255812372
1021830        5    11988119001158311176110881119611939117811132010663 9792 8795
1022830        6     8036 7593 7309 7216 7228 7489 8108 905210077106071066410366
1022830        6     9865 9445 9020 8846 9054 95961048110277 9903 9389 8747 8045
1023830        7     7453 7028 6768 6605 6621 6716 7018 7440 8357 9006 9293 9447
1023830        7     9379 9147 8904 8842 9198 96761020410012 9701 9123 8330 7585
1024830        1     7015 6667 6507 6471 6567 7262 92711135912176125141268912685
1024830        1    12433124251218112009122591247112612122351170010902 9696 8487
1025830        2     7769 7347 7136 7030 7129 7822 98751181012424126041264012478
1025830        2    12208121411194211755118941215912603122761183410960 9882 8705
1026830        3     7888 7529 7334 7278 7365 8069101131205712651127531280712679
1026830        3    12429124361226112099122481248512805124431178811165 9922 8758
1027830        4     7993 7554 7371 7230 7357 8047100841197512528124941251512377
1027830        4    12049120171182511591117381206212559122691181411053 9959 8840
1028830        5     8006 7554 7409 7296 7420 8054 99541183912410124681242112180
1028830        5    11780116751137710984108751106511762113951089410175 9295 8258
1029830        6     7432 7006 6691 6504 6489 6663 7279 8115 9205 98791014810085
1029830        6     9754 9369 9056 8934 9153 97911059010328 9901 9404 8747 8066
1030830        7     7454 6964 6687 6665 6711 6865 7183 7979 8786 9134 9212 9184
1030830        7     8990 8643 8331 8423 91751030210250 9945 9622 9163 8406 7736
1031830        1     7346 7104 7024 7057 7267 8141102141198612534126111250412294
1031830        1    11900117781154211340119361282112340118801151910816 9675 8572
11 1830        2     7871 7543 7419 7380 7570 8344103491202212469124061230412089
11 1830        2    11713117161146411367119501302712733122071167410783 9700 8485
11 2830        3     7804 7515 7330 7283 7440 8208101681188912331123181218511971
11 2830        3    11689116331146111321120101289812525120421147110583 9422 8403
11 3830        4     7567 7159 6935 6909 6985 7725 94701138211941120551212712104
11 3830        4    11968119431188911922124701295712555120011144710605 9464 8304
11 4830        5     7550 7172 6961 6885 7010 7693 95941145412226125061256412448
11 4830        5    12194120871188911680120341273912406117841134610668 9930 8774
11 5830        6     7959 7508 7214 7095 7104 7351 7870 8848 9955106041082110700
11 5830        6    10332 9903 9695 974810358112791094610386 9970 9411 8752 8043
11 6830        7     7383 6992 6665 6515 6459 6596 6796 7339 8186 8950 9319 9584
11 6830        7     9603 9304 9043 9022 9766106421043110133 9823 9211 8528 7783
11 7830        1     7216 6898 6745 6722 6896 7691 96041147512077123101229712133
11 7830        1    11829117981154311660123761296112371122331164710821 9738 8651
11 8830        2     7843 7515 7299 7258 7425 8180100801181512302123391222912031
11 8830        2    11675116451148311271120551302712634121361162310780 9677 8566
11 9830        3     7714 7352 7132 7078 7150 7926 97161146311995120291198511832
11 9830        3    11553115181137511176118501273212364118241134310507 9492 8407
1110830        4     7619 7186 6970 6888 7037 7786 95471138112080121341219312030
1110830        4    11715117651164911562123691281512426118781133810628 9585 8511
1111830        5     7665 7214 6926 6797 6827 7206 8154 939010432110401138011539
1111830        5    113801119311024108731147611951115361100210499 9861 9074 8242
1112830        6     7461 7019 6755 6588 6673 6925 7486 8369 9470102221041710366
1112830        6    10102 9831 9641 97701069211614113251082610345 9789 9150 8398
1113830        7     7815 7370 7116 6981 6989 7107 7379 7832 8601 9142 9330 9408
1113830        7     9236 8962 8626 8671 969810860107131051710301 9696 8995 8259
1114830        1     7691 7439 7356 7298 7516 8324103111224413111132711327413090
1114830        1    1283212822126291253713443139571354712933124141155510367 9126
1115830        2     8335 7951 7688 7663 7769 8531104451230212830127691281812713
1115830        2    1247412564124831246613439137411327212697121881136010188 9029
1116830        3     8202 7755 7508 7416 7511 8180100591185112572127901283112756
1116830        3    12502124871241212280129081340412916123681189911078 9948 8816
1117830        4     7958 7576 7363 7297 7455 8125100841185612391125391258212577
1117830        4    1239012479123781228813093137131329212882123451155110452 9297
1118830        5     8413 8014 7796 7729 7896 8614105171225112778128841285112661
1118830        5    1227612250120261182512579132721296512415118911117510348 9319
1119830        6     8482 7992 7714 7577 7591 7889 8421 934210340107861076910546
1119830        6    10055 9714 9337 93211040311396111731067210260 9762 9031 8299
1120830        7     7670 7237 6927 6739 6739 6818 7085 7488 8433 9122 9388 9549
1120830        7     9454 9143 8825 892810010108461066210344 9810 8982 8560 7903
1121830        1     7187 6858 6670 6656 6801 7503 94261145912207124641252112273
1121830        1    12099120011175911591124381319112717122161169910915 9835 8706
1122830        2     7856 7419 7219 7108 7269 7964 98901162012153121971216412009
1122830        2    11755117771155911418122741304212627122441175011020 9903 8759
1123830        3     7873 7484 7258 7189 7288 8029 98891165012371124471246312257
1123830        3    11893118121156711334121651279812454120491156410855 9742 8538
1124830        4     7564 6979 6628 6509 6458 6627 7021 7719 8877 96321005510166
1124830        4     9817 9086 8469 8236 8488 8596 8521 8493 8381 8164 7689 7046
1125830        5     6520 6172 5987 5881 5952 6232 6977 8000 9195101001057410769
1125830        5    107041056410483104461116411696113591088610458 9895 9164 8300
1126830        6     7663 7227 6952 6799 6796 7003 7452 8101 9122 9760 9972 9922
1126830        6     9622 9269 9074 917710170110371072810298 9891 9382 8794 8099
1127830        7     7470 7022 6735 6579 6562 6700 6933 7387 8177 8806 9169 9363
1127830        7     9302 8943 8711 8771 999210931108501059310283 9709 8975 8217
1128830        1     7613 7353 7182 7177 7301 8118102411218213032133111344713299
1128830        1    1311313159130191298113977141791363913126125001163710452 9175
1129830        2     8338 7871 7614 7514 7599 8291101791195112624127541280712738
1129830        2    1249312525123271218913148136701318112709121551142810283 9086
1130830        3     8190 7805 7584 7541 7689 8435104681220712757127651271912525
1130830        3    1222012280120701203613133137401332312852123711158210455 9282
12 1830        4     8422 8029 7824 7746 7915 8672106501244212932129931296012726
12 1830        4    1236112356122191216013167138501347513045125641184110710 9493
12 2830        5     8653 8208 7966 7881 8037 8739107491251513000130151292812678
12 2830        5    1235412348121761221213116134901311512509120371131710430 9412
12 3830        6     8611 8107 7775 7635 7581 7868 8449 934110319108961095310831
12 3830        6    1045210048 9791 9854109771190011679112201080710337 9745 9042
12 4830        7     8319 7923 7602 7428 7400 7520 7814 8312 9285101831078311225
12 4830        7    11412112501105511041118641224611977114811110610419 9572 8701
12 5830        1     8050 7784 7595 7538 7709 8508106231243413180134101346013250
12 5830        1    1291412834126341257613579142091367713157126131180010636 9352
12 6830        2     8455 8029 7794 7750 7892 8597106331249413150133291332113268
12 6830        2    1305113156130381314414042141661359513042124211147610248 8991
12 7830        3     8135 7691 7406 7446 7565 8368103601215412858128961294812910
12 7830        3    1262912676125631266313708144221407913603131111227111133 9880
12 8830        4     9008 8655 8429 8366 8506 9244113061305413590135421342713370
12 8830        4    129211289812695127391370914450141791373313313126071147410263
12 9830        5     9381 9002 8759 8656 8725 9522114841327113764137561347213149
12 9830        5    1271212661125141250913371136811329612687121411142910549 9432
1210830        6     8588 8063 7681 7502 7650 7832 8356 932210404110191108310913
1210830        6    1048710136 991310024111861192611674111551080510252 9624 8922
1211830        7     8195 7752 7487 7378 7355 7539 7869 8414 9404100981048410708
1211830        7    1065310373102331047511628123781219211911115981103110079 9153
1212830        1     8507 8210 7980 7886 7933 8854110481308813952142901452114494
1212830        1    1417914040138741382214666148241424613596129881202710748 9452
1213830        2     8488 8014 7672 7571 7616 8318102291218412832130811312613108
1213830        2    1285712823126911275813684139811354413016124461172910379 9192
1214830        3     8277 7810 7571 7439 7450 8244102421222012823129971305713000
1214830        3    1267112650125481250613403139041345412907124361167010551 9233
1215830        4     8285 7807 7524 7404 7458 8112100831193612584127871281412762
1215830        4    1258612613124491246513278136521323112777122671153510432 9153
1216830        5     8201 7745 7480 7410 7502 8246102331203812615127171263112464
1216830        5    1212612132119641183912750133891305412533120611141210617 9537
1217830        6     8681 8125 7758 7608 7629 7939 8510 944810580111501126311082
1217830        6    1073510463102991046711559123711222111698112981081710198 9381
1218830        7     8667 8189 7852 7674 7623 7821 8116 8585 9403 99911032310434
1218830        7    1045310245100481017111343121031198511731114471085210025 9037
1219830        1     8322 7956 7830 7751 7932 8692108121275913526137811380713675
1219830        1    133661337213218132551454715460152041477814358136551249511130
1220830        2    10169 9784 9539 9485 965310482125571436214926149741488414672
1220830        2    142801412513923139041505615843157101538414939142621308811749
1221830        3    108171040710127101161026711059130461477015209152591503414689
1221830        3    141291392913701136281470315525152571479014372135921247511079
1222830        4    10042 9486 9176 9063 9156 9852116161342514198145861484814816
1222830        4    1448914276139351376014517148001432313710130771220811021 9714
1223830        5     8831 8404 8186 8137 8242 8859104291200412819130751302412910
1223830        5    122651188711499114441263113629134521301112555119231112910091
1224830        6     9202 8654 8291 8101 8078 8193 8555 929710435111911157311634
1224830        6    115181127611176112231215212918124231189211570114101105810548
1225830        7    10026 9574 9214 9055 9067 9286 97471046511221116231170711704
1225830        7    114641105510618105611130511969119871195411947117431125010503
1226830        1     9833 9477 9266 9172 9185 9391 97691014410869114731183611890
1226830        1    118451132811095111191229913218131891286412559120691128210574
1227830        2     9725 9406 9260 9175 9407 9900112051275113730142791437914449
1227830        2    140441387213658135001438115109146051416513658128641178510611
1228830        3     9876 9382 9265 9177 9318 9828110291253413544140091422614230
1228830        3    1401313865136571364314416146381414413381125851155010466 9306
1229830        4     8456 8025 7823 7726 7772 8310 95661108312102127161307113192
1229830        4    130421292412861127511358714087137481324412776120541108910046
1230830        5     9217 8768 8526 8497 8648 9214104761191212828132621335013278
1230830        5    128621251112215121241295313935137201330712869122301145810592
1231830        6     9778 9317 9036 8906 8917 9122 95521013310977116091185311733
1231830        6    112991091710527105151154412733125561199511417108821043610080
