 1 1840        7     9587 9161 8751 8434 8293 8360 8557 8722 9212 96331003110299
 1 1840        7    1033310051 9791 9805106601154911479112271100810594 9978 9276
 1 2840        1     8618 8212 8018 7920 7979 8181 8659 918010047109591159311805
 1 2840        1    1178211447111571110311998127631245512158117561117410298 9435
 1 3840        2     8789 8388 8234 8202 8340 9121112071312013707139001380513540
 1 3840        2    131821305412802127121363514581141931369913167124401126210010
 1 4840        3     9151 8734 8523 8442 8542 9245111551302913544136681371313517
 1 4840        3    1327313191130671300013886144311398413410128591199810878 9718
 1 5840        4     8832 8431 8182 8095 8217 8915108871274513322133981334913133
 1 5840        4    1279612814126351262913284140181368013200126531184110745 9521
 1 6840        5     8710 8294 8058 8015 8086 8794106671259013214134441357713602
 1 6840        5    1320113141129031270413274136781320212615120561137710466 9464
 1 7840        6     8647 8180 7874 7725 7727 7911 8553 929310346112701168211685
 1 7840        6    1133910969107001064011425124411212711713112591077410203 9457
 1 8840        7     8814 8428 8173 8082 8059 8246 8537 9018 9825105091085011044
 1 8840        7    1104110719104991053211445122841213511842116051099010190 9415
 1 9840        1     8873 8613 8520 8541 8715 9511116871355414131142451427914090
 1 9840        1    137481358213254131591398914879145261403913481126121141210298
 110840        2     9413 8978 8844 8704 8842 9537114961334313892140461409713998
 110840        2    137671363213397133901410114626141571369113053122431115910071
 111840        3     9293 8956 8749 8744 8847 9583111061254013333137021390213925
 111840        3    136691348213347132211410215065148111440813923131301204910896
 112840        4    10229 9945 9770 9800 998910777128011457615090150791497714756
 112840        4    143251419613929137641449915450152621487814444136061252911359
 113840        5    1050510268 9972 99211008310727128041453315075153121533915146
 113840        5    148571481914556143261482415255148911435913817130181205210960
 114840        6    10135 9639 9325 9162 9102 9288 98451067011777125871294112927
 114840        6    1256012178118451174512401132601293912355118641123010525 9784
 115840        7     9132 8700 8411 8279 8277 8409 8745 920710071107811111311323
 115840        7    1132711003107111068511417124871248112129118941135410703 9938
 116840        1     9446 9211 9162 9189 942110190120891367814488148871501414958
 116840        1    146181444914224141411468715299150551460014094132591209910993
 117840        2    10111 9692 9506 9465 958610358124141412914616145401438214098
 117840        2    137061355613294131481385914908146631417713674128221166110509
 118840        3     9708 9497 9264 9223 941910169122501406114558145881460014460
 118840        3    142231419113998138561439915063145891402413429125351137910239
 119840        4     9428 9104 8905 8860 8994 9801115421297913805140351420514142
 119840        4    138241366613386133001385614798145791415113715129291184810703
 120840        5    10008 9674 9554 9544 975410574126581440614911149601481214519
 120840        5    141411395513723135891407415010148051429013839131541226511282
 121840        6    1054010095 9855 9785 984910158108161169712644132361345713321
 121840        6    127931234012016119401263213919139351344913119126141196111261
 122840        7    107221033210144100771011410297106471107911933123931254012597
 122840        7    124141193811517113011192312893130301274212494120641122010547
 123840        1     9953 9736 9596 9566 979210581126891449415095150651492014626
 123840        1    141291387013523132921393715009148141434713838130581185410700
 124840        2     9916 9535 9340 9155 9283 9977119211362114230144051453014431
 124840        2    1416914040137551358014004145841415613563128901195410725 9589
 125840        3     8747 8383 8130 8029 8168 8911108781270713253133601328413106
 125840        3    1266312545123161219712653137861357413174127041191310857 9689
 126840        4     8949 8587 8408 8384 8501 9279113191305813491135451348813272
 126840        4    1290412814126201248212956139761385713446129801217211099 9894
 127840        5     9070 8682 8512 8417 8586 9304113551301113507135701343813265
 127840        5    1289412785124721225312512132631308012584120831138110532 9550
 128840        6     8810 8430 8209 8113 8211 8529 91651008511173119031210812043
 128840        6    1154711077106861056511049124181246111997115941113110521 9799
 129840        7     9206 8781 8493 8358 8322 8446 8736 919610121108351112411300
 129840        7    11219108681052110402109001193712042117331136910805 9969 9158
 130840        1     8601 8298 8182 8172 8321 9135112421318613795139701392913720
 130840        1    1340813296131321305213605143681406013561130011209710991 9827
 131840        2     9003 8577 8440 8331 8468 9219109921253913288136881389113849
 131840        2    136351349313236130931355114521144811398013463126931162110456
 2 1840        3     9725 9406 9266 9283 944210282124391413014570145371445214203
 2 1840        3    137871364713383132071366314775148311447214019132411216611042
 2 2840        4    1033710008 9904 98821010410901129371463815037148511458514249
 2 2840        4    137291348013140128811322214310143941400013533126911161010424
 2 3840        5     9596 9241 9059 8986 9142 9856117661344713870138351374613483
 2 3840        5    1308912926126101240712689133601317412620121201125010308 9264
 2 4840        6     8501 8003 7694 7493 7450 7703 8226 906610179110421151311640
 2 4840        6    112801089410524103661075311614115291104110486 9942 9246 8587
 2 5840        7     7997 7547 7249 7095 7086 7184 7463 7984 8933 98171035710786
 2 5840        7    10896106481043110377108431148911487112101087610233 9490 8770
 2 6840        1     8103 7824 7664 7687 7876 8696107301255313118133181340713181
 2 6840        1    1284012706124851242012912137451377013276127461191910832 9704
 2 7840        2     8924 8586 8414 8371 8491 9309113471309413661137581375913614
 2 7840        2    133391331213094129801341814392144641402713594128601175210546
 2 8840        3     9851 9528 9374 9372 958210387124651414614558145971450614267
 2 8840        3    139171375613489133371369214721148791444913993131691202710823
 2 9840        4     9985 9618 9398 9313 942810159121421385614226142401419414051
 2 9840        4    137291354213274130821341414307145261416613790130401194210775
 210840        5    10000 9630 9491 9439 957010294122991385814529146781446814251
 210840        5    1364413541130891268512803135231355513012124911208210864 9797
 211840        6     9037 8551 8230 8032 8002 8266 8805 965910791116041192611928
 211840        6    11488111131078010757111251178111721111711070710016 9365 8597
 212840        7     8000 7586 7291 7197 7135 7291 7540 7999 8779 9362 9599 9707
 212840        7     9545 9113 8747 8631 897510144107021046610308 9787 9113 8388
 213840        1     7705 7520 7458 7408 7611 8440103791223312921131721315112892
 213840        1    1244812314119941175712080130281321612818123291153210414 9275
 214840        2     8506 8075 7894 7814 7959 8694106291250213150133211339413312
 214840        2    1304012969127651265313012134961332912823122721139810275 9217
 215840        3     8310 7898 7669 7539 7659 8342102621204512717129551307613027
 215840        3    1280412719125411243312801133061315612684121551129610105 9012
 216840        4     8212 7793 7597 7513 7596 8294103161206912815130681316313106
 216840        4    1290612821126431251012722133751347013031125261169310605 9417
 217840        5     8608 8139 7972 7852 7964 8649105551230913105133311339813305
 217840        5    1300912901126941247912668130981308412570120591128710337 9452
 218840        6     8599 8113 7797 7609 7599 7772 8325 916210371111121151411557
 218840        6    11252108541055310371107151140011590110821060110074 9409 8757
 219840        7     8079 7599 7302 7159 7147 7248 7450 7884 8638 9182 9433 9638
 219840        7     9605 9283 9110 9146 9568103271063410277 9971 9558 8992 8298
 220840        1     7670 7356 7115 7034 7072 7446 8354 947110478110331136911469
 220840        1    11235109761073110631111221189612008116021114010432 9643 8770
 221840        2     8040 7719 7540 7488 7665 8368100381167912533127621284512749
 221840        2    1248212443122511212212442131271330312844123361154610608 9581
 222840        3     8768 8383 8174 8097 8265 8936105321214412820130031302512903
 222840        3    1252012323120191175711959126051308012682122901151710517 9472
 223840        4     8690 8243 8022 7946 8144 8776102981190212572127341265612472
 223840        4    12044119121156811386116731235812717123031176611024 9976 8952
 224840        5     8189 7794 7555 7458 7500 8156 96421138412370128121300312979
 224840        5    12717125821237811936119081221712369119781148310723 9936 9048
 225840        6     8290 7822 7513 7385 7403 7626 8107 8993 9900105581069810563
 225840        6    10140 9722 9322 9230 9655105621089610430 9979 9532 8922 8314
 226840        7     7708 7334 7102 6975 7033 7182 7423 7948 8850 9542 993310198
 226840        7    10145 9734 9341 9141 94971033111216110811079710239 9581 8852
 227840        1     8271 8028 7928 7973 8165 8993109551274813357134771344713250
 227840        1    1286512722124291224712470131921358313136126141176910622 9540
 228840        2     8711 8332 8161 8116 8247 9032109001277113554139611421814290
 228840        2    1408714004137681358113819140441395113432127431180910664 9536
 229840        3     8685 8287 8047 7965 8119 8804107001250313204134021350613487
 229840        3    132081316312995128501311813644141121375513336125711149310324
 3 1840        4     9606 9244 9065 9128 929310058118441343813919139901395213836
 3 1840        4    135271340813250130701333513882144321413013608128311169410520
 3 2840        5     9690 9355 9126 9072 922310007117941346713964139281390513759
 3 2840        5    134621332013043127791286513218136631336512894121131126710255
 3 3840        6     9476 9033 8796 8659 8710 9025 94521038611417120351222512096
 3 3840        6    1164711153107371052410779115541232711983115701102910363 9567
 3 4840        7     9041 8614 8364 8236 8266 8391 8587 9095 9773103241052410608
 3 4840        7    10469 9982 9572 9395 96661045411436113761118310617 9836 9023
 3 5840        1     8560 8406 8321 8328 8542 9365113441322113924140691412614087
 3 5840        1    1393313872137321360513935143081429913748131251209610811 9601
 3 6840        2     8811 8474 8206 8070 8251 8897107841255213201133351332113105
 3 6840        2    1273512623124231225312377128261337513094126501186810721 9599
 3 7840        3     8867 8507 8300 8242 8356 9177110441276313206132531321813010
 3 7840        3    127041259912330121351233012928136971350913142124341135510254
 3 8840        4     9586 9303 9186 9192 937910257121461392514417144211427813991
 3 8840        4    135501337113008127591302713627142581395713483127081157410492
 3 9840        5     9698 9379 9217 9242 937510189117481331314229146161478514748
 3 9840        5    143671405113560131341304513416141431387613443126921186410935
 310840        6    10220 9852 9676 9585 9651 9941103631127212158125921269812463
 310840        6    118961137510985107881093911604124921230311930114471078310057
 311840        7     9519 9096 8809 8660 8607 8706 8797 935210152107111090511032
 311840        7    1091110500101541005210498110501199512010118251134810575 9902
 312840        1     9420 9252 9216 9262 951910388123811421814829149841488714675
 312840        1    142741409713656133421352413946146031440913876130801193410807
 313840        2     9976 9631 9459 9374 954910320122111395614644148881495714855
 313840        2    146341456714394141481438714663148551436513744127301153210399
 314840        3     9657 9191 8973 8862 8943 9560109931250013218135841373713729
 314840        3    134471314912776124981266012996137331352413104123101121110117
 315840        4     9407 9080 8916 8846 8975 9719115011304213509134571333313053
 315840        4    1267912524122321192811977122731305612934125511187310772 9655
 316840        5     8901 8560 8357 8282 8425 9106108331249913002130391292012632
 316840        5    1221412023116901142311584118481243912071116081094710069 9252
 317840        6     8485 7952 7672 7571 7582 7839 8313 939410541113011166511656
 317840        6    11254109241059810465107271118811761112981088610282 9657 9080
 318840        7     8376 7968 7717 7548 7537 7617 7774 8460 9397100411050010736
 318840        7    10730103911008710027104831097311436111441100210380 9549 8854
 319840        1     8223 7991 7807 7796 7959 8684104971248713407137711395813909
 319840        1    1359513444132311299313213133921365013310127701183210597 9451
 320840        2     8715 8282 8069 8008 8081 8789105661244113041131301312912988
 320840        2    1267612588123661221812488127841316112814122991142410370 9214
 321840        3     8426 8021 7822 7725 7857 8539104091225512894130851309813036
 321840        3    1279112817126951261212932132151343513089125541161610410 9324
 322840        4     8438 8072 7834 7749 7889 8526102491202512549126671264512486
 322840        4    1216112174119531179311908122361271412562121521133710238 9070
 323840        5     8324 7950 7711 7627 7767 8400101661201812750129291297312847
 323840        5    1252012459121771188411861120101258812390120021129510445 9561
 324840        6     8795 8311 8119 8021 8018 8227 8670 957110629112051127111073
 324840        6    1055410090 9673 9364 9531 9954108691081810447 9979 9356 8679
 325840        7     8146 7665 7480 7405 7367 7439 7560 8098 8771 9296 9496 9640
 325840        7     9533 9119 8754 8625 8848 9258102451051310276 9717 8920 8221
 326840        1     7779 7578 7517 7505 7729 8478103591221212850129931299212789
 326840        1    1237112231119021161511716119321263512671122031141710257 9169
 327840        2     8520 8224 7969 8061 8222 8924107071238312868128191272512511
 327840        2    1213212012116951150211615118681249912563121461134010213 9156
 328840        3     8422 8231 7994 7957 8018 8568104991231312877128721273812624
 328840        3    1231912267122091201712361127461318212934124841165210299 9407
 329840        4     8671 8395 8190 8139 8278 9104106441245113383137901403614147
 329840        4    13832132731283812428123051228012324120931156910839 9859 9049
 330840        5     8471 8208 8020 7989 8086 8686101401179712679129601308513054
 330840        5    1279112668123971217712178122621272712546119861126610363 9432
 331840        6     8646 8182 7915 7757 7745 7870 8404 935510365108541094810764
 331840        6    10269 9815 9452 9205 9333 9695104911061010278 9779 9146 8508
 4 1840        7     7936 7544 7346 7230 7221 7216 7426 7882 8586 9066 9200 9254
 4 1840        7     9065 8619 8287 8136 8326 8693 964110094 9934 9337 8651 7957
 4 2840        1     7450 7247 7202 7214 7400 8091100001175012336123991236912152
 4 2840        1    11795117321151111239113481149112034121251172210896 9810 8777
 4 3840        2     7916 7598 7453 7423 7600 8209100241172312230122481220212042
 4 3840        2    11687116151136911127111471128311830120491166210856 9751 8660
 4 4840        3     7964 7630 7476 7430 7610 8225100681192812522125961263412507
 4 4840        3    1226812221121281200812311125751277612539120941123110021 8923
 4 5840        4     8155 7709 7520 7441 7536 8167 99961191112666129211302312928
 4 5840        4    12819128111263612559127441280512834125611207311159 9966 8835
 4 6840        5     8049 7642 7399 7289 7382 7986 97041156512211123391234412173
 4 6840        5    11878117521149911204111041113011588115491110010429 9545 8604
 4 7840        6     7807 7392 7093 6973 6998 7082 7684 8772 9920105581081210785
 4 7840        6    1043110073 9778 9641 981510271107091059110136 9542 8866 8095
 4 8840        7     7505 7078 6849 6715 6666 6637 6915 7607 8527 9228 9591 9898
 4 8840        7     9867 9520 9180 9128 9444 9795104031068010385 9779 9013 8230
 4 9840        1     7738 7532 7416 7434 7622 8293101631213312904129981298212833
 4 9840        1    1246012396121001188411986122761267512847123601150210334 9256
 410840        2     8539 8113 7953 7891 8038 8670104571226912870129181285512719
 410840        2    1232112324121331199612247125031283412874123601141410277 9158
 411840        3     8349 8010 7792 7735 7863 8530101911214912641127291266412506
 411840        3    12221121531188711716118541202112313123541188410989 9901 8777
 412840        4     7998 7630 7402 7339 7447 8125 98691160712155123221225912082
 412840        4    11794117401146011215112581140211835120221161410890 9740 8634
 413840        5     7862 7523 7336 7286 7418 7946 97431152112100121701217612001
 413840        5    11646115901137211024110671108211519116531118610452 9583 8588
 414840        6     7879 7436 7186 7032 7039 7122 7713 8854 9890105741072010693
 414840        6    1035310011 9731 9628 987310279106111049910067 9504 8789 8096
 415840        7     7504 7081 6824 6688 6647 6651 6917 7640 8590 9304 9654 9928
 415840        7     9952 9695 9475 9404 9695 99311024710180 9982 9450 8754 8075
 416840        1     7487 7215 7026 6990 7114 7599 89931072811857125411285912860
 416840        1    12567123861209411839119621196811970119031148010645 9600 8604
 417840        2     7869 7480 7260 7188 7273 7730 92531105111797120501210311947
 417840        2    11675115871133611103111051107011305116751130610587 9524 8510
 418840        3     7719 7341 7118 7052 7201 7643 92301112711932121901220212108
 418840        3    11863118001159711396116091177511950119471158710804 9682 8622
 419840        4     7817 7451 7199 7113 7220 7749 93131124812195125971273412658
 419840        4    12384122731198111695117871188012072120431165210893 9881 8669
 420840        5     7781 7469 7200 7066 7109 7385 85381003510991113721147011395
 420840        5    110241075310389102121023710356106261085810501 9853 9009 8127
 421840        6     7426 6970 6718 6555 6530 6496 7042 7971 9036 9746 9965 9920
 421840        6     9643 9322 9060 8991 9252 9613100501049010283 9866 9130 8382
 422840        7     7710 7306 7042 6926 6897 6784 7081 7684 8379 8747 8795 8721
 422840        7     8482 7978 7490 7234 7264 7500 8139 9066 9152 8744 8121 7396
 423840        1     6956 6737 6652 6616 6757 7316 90631092111807120331212312031
 423840        1    11738117141144811285114271157411783119561147710631 9488 8411
 424840        2     7615 7309 7106 7036 7112 7662 94141143012272125661268412711
 424840        2    12404124041216412048122141230412339122521172910891 9723 8567
 425840        3     7830 7452 7210 7144 7240 7753 94951147312226125011257712532
 425840        3    12250121911201411890121251218012220122691180310945 9830 8680
 426840        4     7898 7536 7300 7205 7326 7877 96001143812137122151218512008
 426840        4    11636116231135611056109891088611029116221141810643 9564 8460
 427840        5     7731 7397 7159 7119 7176 7658 93091109711787119091195311734
 427840        5    11444113401110510722105631033810539110231078110072 9156 8256
 428840        6     7484 7058 6780 6649 6594 6655 7260 8269 9174 9688 9741 9541
 428840        6     9105 8753 8475 8297 8449 8707 8991 9575 9333 8787 8093 7389
 429840        7     6789 6407 6291 6171 6088 6028 6008 6429 7112 7748 8160 8371
 429840        7     8323 8094 7784 7633 7731 7901 7948 8290 9271 9020 8209 7370
 430840        1     6689 6394 6230 6172 6252 6777 84781054711398117651194211966
 430840        1    11757118381164311402114241131610976108361121110578 9451 8232
 5 1840        2     7398 7002 6734 6620 6660 7122 87881065511465117211187111735
 5 1840        2    11597116471144411160111051092810572104921113110617 9457 8188
 5 2840        3     7427 7081 6856 6758 6850 7397 90731108411827119871205111979
 5 2840        3    11716117461152911232112041100910686106031124810711 9657 8494
 5 3840        4     7694 7344 7138 7054 7201 7747 94581130111887120241200511882
 5 3840        4    11558115751136911127111121106310940110331129310596 9514 8287
 5 4840        5     7554 7222 6996 6868 6958 7572 92881135012152124571255012487
 5 4840        5    12207121261191911704116221150211237110421103910402 9523 8167
 5 5840        6     7621 7215 6923 6705 6675 6822 7244 8366 9431100861029410147
 5 5840        6     9701 9315 8979 8761 8827 8942 8917 8922 9336 9022 8407 7639
 5 6840        7     7014 6617 6328 6187 6190 6152 6254 6866 7626 8186 8387 8465
 5 6840        7     8313 7984 7729 7612 7747 7913 7972 8196 9034 8734 8021 7135
 5 7840        1     6624 6404 6260 6248 6389 6999 87621078911529118171194211828
 5 7840        1    11630116211145511202111291086110473103831103110451 9292 8139
 5 8840        2     7189 6933 6721 6605 6679 7260 88551090011654119191208912222
 5 8840        2    12110121341205511910121071204111589113441130910599 9484 8317
 5 9840        3     7474 7108 6872 6785 6821 7345 90901108111811120051200911918
 5 9840        3    11708117211147911143111281085210479103691105410597 9501 8277
 510840        4     7490 7146 6877 6807 6890 7402 91531114211802119961206711977
 510840        4    11709117111143311146110291075610382102301084910533 9483 8273
 511840        5     7464 7076 6852 6757 6875 7341 90551096711682118431195911869
 511840        5    11564115751134511015107861049510176101561055210066 9147 8130
 512840        6     7362 6880 6561 6379 6349 6437 6838 7914 9086 9655 997310085
 512840        6     9864 9549 9293 9177 9318 9501 9461 9278 9341 8963 8290 7491
 513840        7     6875 6430 6186 6053 5976 5887 6079 6753 7593 8175 8310 8327
 513840        7     8192 7851 7612 7524 7569 7668 7810 8231 8982 8676 7982 7197
 514840        1     6652 6387 6228 6168 6264 6839 85941082911746121261238812417
 514840        1    12153121601188111590115631139710848107461116710631 9524 8328
 515840        2     7507 7177 6974 6929 7031 7528 93461122211885120141189311955
 515840        2    11775117811154811326113521119810878107461118310658 9540 8309
 516840        3     7586 7270 7052 6949 7045 7564 93781130311988121001215612133
 516840        3    11927119351169911474115311133010951106951118510775 9699 8470
 517840        4     7686 7366 7165 7088 7214 7710 95261138811968120261209211955
 517840        4    11722117261150811189111631095910574104131094510664 9594 8356
 518840        5     7627 7294 7104 7015 7149 7616 93081117611749119201191011768
 518840        5    11506115141126010876106621035910069 98181026310048 9234 8198
 519840        6     7433 7040 6755 6602 6603 6660 7231 8228 9223 9818 9891 9733
 519840        6     9350 9024 8756 8592 8687 8814 8730 8668 9078 8863 8191 7423
 520840        7     6825 6407 6121 5953 5880 5763 5952 6540 7440 8080 8369 8500
 520840        7     8509 8176 7891 7808 8012 8199 8342 8620 9097 8762 7948 7161
 521840        1     6635 6344 6214 6159 6269 6671 85041061811538119541221712203
 521840        1    11994120521187211661115901129710736104661095510682 9494 8246
 522840        2     7374 6941 6756 6624 6692 7087 88521086511738121161231312380
 522840        2    12197123811222312107119131157910979106941122210855 9685 8409
 523840        3     7625 7193 6937 6797 6858 7258 89651108812105125591284712991
 523840        3    12829129761286212607124951215611823116571163710908 9833 8518
 524840        4     7723 7258 7020 6858 6897 7286 90921100911867122171237712332
 524840        4    12126121131197011746115791125510802104781090310743 9670 8326
 525840        5     7518 7071 6818 6687 6765 7164 87881082111743121851233512366
 525840        5    12171122911205511734114691106810622102691050710333 9338 8317
 526840        6     7454 6937 6619 6450 6355 6317 6717 7664 8719 9476 9750 9756
 526840        6     9581 9378 9249 9164 9340 9398 9365 9343 9474 9139 8414 7540
 527840        7     6891 6435 6135 5950 5835 5694 5838 6475 7335 7978 8277 8365
 527840        7     8350 8039 7770 7657 7750 7777 7694 7708 8257 8385 7762 6975
 528840        1     6317 5976 5788 5638 5608 5519 5807 6566 7435 8190 8688 9048
 528840        1     9064 8739 8495 8438 8711 8902 8848 8852 9103 8748 7928 7104
 529840        2     6598 6311 6155 6115 6241 6815 86201087011832123001259612633
 529840        2    12449123771229512199123181214511685112641127510685 9556 8342
 530840        3     7553 7179 6993 6858 6901 7448 90091101311985124251266112689
 530840        3    12560126521234312112121691200711587112911135010765 9709 8373
 531840        4     7626 7237 6999 6922 6952 7507 91061117912074124261269312713
 531840        4    12518124301221112036121191198411611112321126610884 9759 8628
 6 1840        5     7792 7279 7071 6941 6999 7453 91161114211965122741240412346
 6 1840        5    12086120481182011520113831118010902107211084210409 9538 8504
 6 2840        6     7692 7208 6910 6715 6659 6751 7191 8202 9344102501070510746
 6 2840        6    1047810096 9749 9502 9504 9586 9434 9163 9259 9156 8498 7717
 6 3840        7     7047 6678 6337 6189 6128 5970 6204 6782 7642 8321 8621 8775
 6 3840        7     8766 8476 8258 8255 8409 8514 8413 8295 8868 9034 8275 7368
 6 4840        1     6824 6539 6427 6323 6432 6900 86111072811676120531233312354
 6 4840        1    12285123391221612019119181155311091107261106910882 9767 8410
 6 5840        2     7585 7157 6903 6797 6877 7248 89101086711899123231265012794
 6 5840        2    1272212794127861266812556121131157211187114931144210251 8880
 6 6840        3     7970 7514 7230 7047 7090 7472 90831122612306127451303113135
 6 6840        3    1305013124129491275412717122971174011388117021154410398 9298
 6 7840        4     8280 7703 7410 7270 7285 7698 93791150412812133871391314118
 6 7840        4    141401432714214141881400013512130361262812888128091155810199
 6 8840        5     9087 8607 8216 7941 7946 8206 98911221213590143851483015061
 6 8840        5    149651507815038148791463714112136461319413242131821214110972
 6 9840        6     9791 9042 8571 8251 8106 7996 8649 986211336123601282612848
 6 9840        6    127111253912412124141251412497122941198712187123051165310593
 610840        7     9646 9001 8518 8190 7954 7645 7862 8719 9802107971130411645
 610840        7    117951171011597116501178611791116381151612036123651151510287
 611840        1     9483 8989 8680 8512 8496 8844105981299814519154001590516091
 611840        1    160971628316243161341585915293145481393213794136391223110573
 612840        2     9407 8764 8348 8079 7978 8250 99201198913035135881394213995
 612840        2    1390814134140971401513866133631272012189122331216211023 9695
 613840        3     8729 8113 7751 7606 7619 7946 96691185313107139141452714808
 613840        3    149661534015440154601530014756139831354413539132261198010474
 614840        4     9531 8890 8591 8386 8402 8740103171237513406138601409614238
 614840        4    1415014389143691431214237137271305212612125291232211117 9643
 615840        5     8596 7987 7656 7414 7447 7668 92181117212096124891258112354
 615840        5    12569123471218111862114891117510753103201037010398 9533 8466
 616840        6     7600 7136 6812 6643 6561 6465 7022 7995 9023 9754 9994 9885
 616840        6     9628 9353 9122 9023 9084 9140 8967 8761 8992 9077 8391 7651
 617840        7     7022 6519 6277 6077 5999 5857 6057 6656 7501 8199 8593 8823
 617840        7     8824 8570 8331 8289 8362 8400 8350 8354 8813 9057 8343 7512
 618840        1     6977 6687 6522 6474 6549 7051 86951082411952126111300113088
 618840        1    12947129731280612599126231237011842114971157111089 9975 8778
 619840        2     7987 7573 7343 7263 7283 7709 93071146812535132181362613874
 619840        2    1388714161141871411914104136701305812510124761247411246 9896
 620840        3     8803 8244 7855 7664 7614 7931 94991155012575131561344613487
 620840        3    1337713604135091334313221127511209111602116631158410385 9102
 621840        4     8224 7710 7436 7227 7215 7527 90631105812147127241295713016
 621840        4    1288513096129331277012609122811172811282113741129610190 8943
 622840        5     8050 7567 7295 7111 7181 7416 89981093412035126581296113002
 622840        5    12860129091280512525122631179011286108611078210620 9819 8725
 623840        6     7879 7374 7030 6839 6742 6698 7198 8202 9422101681052010564
 623840        6    1035210100 9921 9805 9869 9891 9663 9380 9510 9468 8652 8071
 624840        7     7317 6824 6517 6326 6247 6129 6255 6803 7619 8324 8738 9015
 624840        7     9065 8831 8617 8515 8673 8774 8796 8828 9163 9118 8472 7734
 625840        1     7179 6878 6734 6647 6756 7219 86691075012017127321322813368
 625840        1    1324713284131151291212870124901189411378114091136010130 8870
 626840        2     8022 7575 7281 7126 7163 7553 88621080811939123891285212960
 626840        2    12839128431268812476123351196311365109451110910950 9900 8640
 627840        3     7836 7388 7136 6976 7008 7318 87021070211886125111290512958
 627840        3    1282712978129101283512712123931182411343115321154110520 9301
 628840        4     8333 7950 7660 7415 7448 7822 91871119912503132211371013870
 628840        4    1381713988139771377413525130881251012083121451208110925 9520
 629840        5     8761 8203 7841 7646 7668 7932 92301115312417131101361113796
 629840        5    1369213668136231337013162126861210511670116811150510528 9349
 630840        6     8416 7817 7278 7183 7073 7047 7501 8350 9495103711082010932
 630840        6    107091043210183 99811001710030 9844 9530 9684 9661 9034 8244
 7 1840        7     7559 7003 6696 6470 6382 6210 6350 6906 7741 8560 9079 9415
 7 1840        7     9504 9330 9119 9056 9169 9259 9206 9126 9484 9625 8969 8151
 7 2840        1     7471 7100 6881 6799 6827 7128 84331033911796126751320313433
 7 2840        1    1346413572135261340413465131561260512175122011219911176 9806
 7 3840        2     8791 8162 7830 7610 7573 7710 89471086512166130331348113685
 7 3840        2    1359813681136501330612920124531181211285111521094010083 8911
 7 4840        3     7928 7348 6957 6698 6538 6370 6628 7358 8343 9199 9615 9841
 7 4840        3     9817 9598 9440 9435 9542 9585 9409 9267 9449 9540 9197 8531
 7 5840        4     7755 7406 7205 7081 7130 7484 87271071412151130371353513781
 7 5840        4    1381013846137911366013527131031266312281121901174110681 9517
 7 6840        5     8582 8051 7697 7505 7523 7781 89631066811870125861292212952
 7 6840        5    1281012781126791241912230118961148711017109721087410158 9172
 7 7840        6     8293 7772 7460 7196 7119 7111 7452 8290 9409103861093011131
 7 7840        6    109181055910193 9968 999310005 9783 9477 9561 9422 8759 7982
 7 8840        7     7321 6810 6477 6275 6161 6071 6150 6628 7439 8199 8640 8954
 7 8840        7     8972 8686 8457 8334 8430 8530 8421 8339 8714 8960 8348 7612
 7 9840        1     6845 6516 6346 6238 6320 6615 7805 974810955116951209612211
 7 9840        1    12154121541203411856118011153311044107081084410628 9626 8445
 710840        2     7650 7198 6924 6772 7033 7307 8152 994911381120181240912572
 710840        2    1253012667125721246112386119861146611028111781120710185 9020
 711840        3     8100 7617 7322 7182 7201 7512 87691060811874125881307113171
 711840        3    1310113091129931286012773124731204911698117431134810358 9210
 712840        4     8386 7812 7572 7389 7455 7784 89991096112284130161337813488
 712840        4    1343313557135641345613434131181267512156122671227811207 9906
 713840        5     8844 8285 7870 7637 7546 7757 89771096812359132771366513812
 713840        5    1374213805137751357713398129771249312004119641186610881 9714
 714840        6     8713 8054 7660 7361 7239 7110 7540 8650 9895108831144411767
 714840        6    1154111446114051143411559116231142511166113081131210749 9748
 715840        7     8941 8309 7887 7574 7391 7180 7292 7989 9033 99871061511124
 715840        7    1129111173110351104611199112101101210819110731122310361 9281
 716840        1     8604 8180 7970 7826 7936 8301101131176413135140871457214598
 716840        1    1453714522144771433514244138041322312583125761239211216 9908
 717840        2     8902 8378 8051 7822 7828 8095 93441138112705134651380413934
 717840        2    1383813995139291383613730132421269412147121481209411080 9734
 718840        3     8759 8229 7926 7735 7757 8141 94061132812532132751366013733
 718840        3    1355413459132331298212889124931192111357115111139110421 9165
 719840        4     8317 7885 7514 7345 7380 7668 89351084212139127891318913322
 719840        4    1319213296132151302512975125301201111535116801155210545 9276
 720840        5     8376 7786 7461 7299 7300 7581 88521075112234129981336013479
 720840        5    1336813482134131318612901123171197211492115371141510360 9323
 721840        6     8474 7893 7507 7261 7159 7156 7559 8577 9577105741101511099
 721840        6    109001047110349101941015410171 9926 9733 9877 9619 9020 8207
 722840        7     7609 7112 6802 6626 6519 6422 6507 7095 8001 8803 9349 9720
 722840        7     9793 9661 9536 9591 9828 9913 9826 97641030010533 9858 9017
 723840        1     8377 8046 7800 7741 7691 8075 92481130212839137991441014727
 723840        1    147121483714801146461454714153135261296213089130471187610463
 724840        2     9486 8921 8591 8402 8429 8801 99941207413363141851455114665
 724840        2    1455414658145941443514272138611315512506124921231711141 9708
 725840        3     8736 8152 7769 7596 7559 7834 90811104412232129181317213236
 725840        3    1312113191131141291912848124721187811355114681132210257 9044
 726840        4     8093 7607 7301 7154 7165 7444 86461057011806125121291613089
 726840        4    1294513082130261283112730123621181711350116221127310392 9136
 727840        5     8307 7814 7516 7339 7403 7816 89331081812049126991303513042
 727840        5    12738125791233211968118551155811158107831073210185 9315 8368
 728840        6     7613 7112 6819 6655 6565 6658 6965 7849 8673 9295 986210038
 728840        6     9826 9699 9476 9328 9421 9473 9299 9065 9404 9443 8741 8108
 729840        7     7186 6679 6382 6175 6103 6003 6038 6632 7759 8707 9090 9216
 729840        7     9183 8850 8608 8567 8703 8804 8789 8670 9142 9184 8641 7739
 730840        1     7322 6919 6788 6634 6665 7156 84291034611676125311306913369
 730840        1    1332713378132601302112869124761190611529117231137010277 9035
 731840        2     8184 7664 7390 7249 7280 7637 88321083212047128681345213621
 731840        2    1357813758137551361913614132311266112183125191204910957 9695
 8 1840        3     8724 8227 7865 7685 7690 8063 92501124612545134111405314317
 8 1840        3    143911456414584144861443614068134671310113318129491178810533
 8 2840        4     9512 8891 8521 8301 8275 8644 98011176713237140681455514748
 8 2840        4    146621484614630145261437213981134811303313332128471173310514
 8 3840        5     9487 8906 8502 8222 8258 8581 97471169713239142141475614879
 8 3840        5    148081496014823145651427313789132531282812993126451163810431
 8 4840        6     9175 8859 8287 8021 7892 7872 8161 918410369114231214812433
 8 4840        6    1243612178119771192411966119801183011509118331162810834 9893
 8 5840        7     9016 8372 7917 7643 7490 7361 7358 7939 8856 97521040310737
 8 5840        7    1094210742105451045510562106701057010575111621116410364 9312
 8 6840        1     8628 8174 7918 7797 7831 8204 94501164713196143351494015309
 8 6840        1    153511550415488153511528914922143501389614193136381237610963
 8 7840        2     9931 9293 8878 8683 8551 8967101411222113576144471499415274
 8 7840        2    153311561715449150261469514176135851311913392129131184510493
 8 8840        3     9537 8911 8540 8304 8291 8699 99181179913235140381455314719
 8 8840        3    147471487414801147071466014239136211315513475129881181110428
 8 9840        4     9454 8917 8516 8307 8306 8733 99311185613153137441406514169
 8 9840        4    140351411714067138531374713395129511265312901123561131710078
 810840        5     9147 8566 8245 8035 8030 8436 95821143412793135451398714130
 810840        5    1408214135140051375913539130771260212204124761193810994 9842
 811840        6     8921 8342 7941 7702 7590 7707 8003 8826 9993109041133311476
 811840        6    11168110041083110717108121084210682105361082510526 9801 8953
 812840        7     8217 7659 7348 7117 7006 7006 7005 7449 8260 9055 9518 9862
 812840        7     9997 9771 9597 9537 9704 9793 9799 98791034610149 9531 8807
 813840        1     8206 7780 7504 7408 7454 8018 91661114912551134081395214166
 813840        1    1401814104139281376213753134841295212640129281233311232 9925
 814840        2     9024 8511 8206 8022 8030 8489 97331179613167140371460514778
 814840        2    146961483914791146211451814104135501330013606129741181210594
 815840        3     9481 8940 8542 8351 8465 8958101711214413613144911516615463
 815840        3    153721559415615155031551615022144251393714260135291232610913
 816840        4     9802 9086 8677 8398 8336 8680 98071188613362142971492715165
 816840        4    151681547415489153701533114908143881409814082133141218210724
 817840        5     9714 9083 8692 8438 8456 8849 99791183713170138791424014336
 817840        5    1423014297141391386613577130501249312037122891169510595 9478
 818840        6     8397 7836 7437 7272 7165 7220 7417 8414 9429102801059510573
 818840        6    1029910062 9823 9784 9863 9912 9734 963410005 9636 8890 8065
 819840        7     7408 6947 6657 6478 6335 6365 6340 6863 7729 8396 8921 9233
 819840        7     9323 9120 8945 8900 9082 9248 9228 9416 9769 9417 8741 8001
 820840        1     7602 7153 6914 6848 6934 7473 86461066311998127421312513224
 820840        1    13113131531301812772127081233311713114011168911065 9856 8719
 821840        2     7890 7416 7145 7050 7046 7526 86291053811709123371269812799
 821840        2    12710128031270212591125841221111761114471178611123 9946 8764
 822840        3     8003 7533 7246 7120 7169 7635 89091060411921127021308113216
 822840        3    1314713315132731313613096126201208611865122081157810372 9174
 823840        4     8353 7885 7583 7430 7498 8009 92391118712532132611368213782
 823840        4    1366213771137161345213331129361240612217125011178610610 9455
 824840        5     8531 7972 7635 7436 7472 7899 89861090912122128221331813347
 824840        5    13179132531300712767124881209111598114631163310979 9911 8835
 825840        6     8082 7517 7177 6948 6876 7012 7285 8248 9404102661059310551
 825840        6    10272 9972 9693 9566 9632 9691 9520 9561 9802 9442 8693 7901
 826840        7     7245 6773 6468 6282 6195 6216 6230 6802 7636 8415 8813 9084
 826840        7     9127 8917 8739 8719 8921 9053 8978 9180 9769 9383 8669 7920
 827840        1     7326 7017 6816 6654 6785 7307 85801054111925128171330313546
 827840        1    1349313625135031330413216128391225012109123271161610367 9190
 828840        2     8353 7859 7572 7422 7447 7909 91831110512407132451369313905
 828840        2    1391414076139841381313740132811265712547127371201210781 9581
 829840        3     8727 8235 7935 7796 7830 8424 97651175913062137771427614450
 829840        3    143991456514481143551426913762132011312813245124631129710025
 830840        4     9096 8569 8301 8122 8158 8682100221207113280142801474614954
 830840        4    148891506514975147921464514177136761352913603128911168810624
 831840        5     9391 8874 8504 8298 8306 8783 99721194713391141891458214763
 831840        5    1455614559143751395913666131001248912344123581151710473 9244
 9 1840        6     8265 7650 7212 6974 6892 6924 7083 7862 8947 97661009210100
 9 1840        6     9861 9608 9369 9268 9374 9472 9313 9499 9676 9226 8491 7748
 9 2840        7     7062 6603 6299 6088 6009 6012 6020 6524 7330 8019 8425 8584
 9 2840        7     8689 8395 8158 8041 8135 8209 8217 8582 8850 8452 7914 7223
 9 3840        1     6623 6220 5983 5835 5837 5871 6120 6473 7345 8299 8985 9285
 9 3840        1     9213 8864 8581 8459 8724 8938 8965 9238 9249 8748 8008 7236
 9 4840        2     6721 6420 6277 6202 6295 6905 85051052311678122161262912712
 9 4840        2    12574125131238712146121251202311740118351171910926 9717 8489
 9 5840        3     7658 7246 6997 6865 6930 7508 91931093011750122051242512427
 9 5840        3    12264123771221512011119761172611285114551161510813 9551 8390
 9 6840        4     7587 7173 6936 6837 6911 7517 92261100411745120501222412187
 9 6840        4    12035120881193111741117011149011201114821157810742 9565 8408
 9 7840        5     7636 7242 7025 6867 6925 7551 92641109611825121191225912193
 9 7840        5    11975120801192411613114051110010818110441099310307 9306 8301
 9 8840        6     7567 7047 6747 6599 6578 6719 7138 8121 9196 99201016210123
 9 8840        6     9786 9498 9217 9065 9158 9283 9203 9581 9622 9060 8333 7592
 9 9840        7     6973 6531 6258 6064 6004 6046 6090 6635 7569 8291 8661 8863
 9 9840        7     8860 8646 8436 8368 8543 8651 8710 9375 9582 9040 8184 7406
 910840        1     6813 6553 6408 6351 6452 7080 89031091111930124191287512990
 910840        1    1284412967128811265712659123431205312158121211125510002 8823
 911840        2     7997 7594 7321 7174 7246 7896 95651154312578130511352013664
 911840        2    1354313809136701357613483131491265912948127661182910569 9340
 912840        3     8420 7936 7669 7458 7447 8052 97431157512396128231309813088
 912840        3    12892129661283012604125441222011770120441185610990 9751 8516
 913840        4     7722 7282 7032 6925 6984 7613 93101116711925123431255312510
 913840        4    12370125821248012332122791208311791121521196711044 9928 8717
 914840        5     7958 7571 7327 7213 7327 7947 98121173112838133261368313649
 914840        5    13483135581329613045126711222611865119261165210870 9848 8784
 915840        6     7946 7422 7132 6861 6785 6922 7430 8231 9406102881073710804
 915840        6    1052410176 9858 9686 9754 9911 991010010 9662 9139 8403 7712
 916840        7     7034 6532 6258 6049 6037 6145 6260 6837 7770 8403 8682 8861
 916840        7     8798 8522 8221 8139 8334 8536 8749 9478 9468 8937 8119 7340
 917840        1     6801 6518 6374 6342 6461 7176 91211102611770120881221112153
 917840        1    11890119621176111568115901149811242117381146810682 9419 8254
 918840        2     7508 7110 6925 6827 6957 7595 95171128311907121011220912147
 918840        2    11983120441183711750117621157611317118191148310735 9515 8365
 919840        3     7548 7138 6954 6861 6929 7433 92851109711848120561221212234
 919840        3    12266122041213011976119911178811505120151168210807 9623 8412
 920840        4     7646 7205 7001 6889 6958 7560 93001109611908122731262112650
 920840        4    12598127651271712631124651220312007124121206211177 9967 8778
 921840        5     7932 7498 7205 7027 7059 7641 92701107411941122981251812500
 921840        5    12260123071211611773115601125111062114491105210344 9309 8316
 922840        6     7544 7067 6807 6634 6601 6811 7272 8246 9354100001023010083
 922840        6     9728 9413 9125 8978 9115 9270 9434 9921 9620 9052 8340 7590
 923840        7     6991 6538 6266 6105 6059 6098 6279 6747 7666 8342 8720 8976
 923840        7     9019 8848 8643 8594 8839 9059 934810050 9898 9320 8493 7685
 924840        1     7149 6857 6706 6648 6776 7457 93661136812402130371342413587
 924840        1    1367113704135981342713357130211274513190126591167110363 9151
 925840        2     8234 7740 7474 7312 7364 7970 98411165212615131021352313672
 925840        2    1366913901138091365413665131981296913452128891188710601 9351
 926840        3     8443 7987 7714 7596 7613 8256101051198612919134201360613326
 926840        3    12876127651240812184121301190211802121151170210776 9642 8490
 927840        4     7691 7311 7087 6929 7046 7713 95051130111913123761234512154
 927840        4    11957119491175011511115201160011806121211161310804 9658 8444
 928840        5     7703 7278 7069 6983 7289 7785 93611104712005122651227012225
 928840        5    11936118771166511353113301125511420116011110310402 9437 8408
 929840        6     7581 7088 6827 6678 6636 6841 7382 8323 9424101231030610164
 929840        6     9782 9415 9112 8918 9008 9220 9562 9965 9594 9055 8397 7623
 930840        7     7014 6610 6344 6170 6131 6246 6462 7016 7867 8506 8752 8860
 930840        7     8816 8496 8218 8123 8316 8597 9152 9808 9517 8902 8117 7384
10 1840        1     6838 6534 6407 6369 6506 7190 92041119712053124171254312527
10 1840        1    12342123881225212133124031251212562124531185710951 9803 8562
10 2840        2     7757 7352 7144 7036 7123 7822 97691171712459127461287612881
10 2840        2    12670126221238712258123951244812548125801205211182 9978 8699
10 3840        3     7934 7534 7348 7255 7346 8017 99741186712377124861249112284
10 3840        3    12054120541196411848119771195512226122421177710931 9760 8575
10 4840        4     7741 7340 7103 6981 7066 7752 97081152412185123081239712284
10 4840        4    12047119701177411524114611144811767121541177311019 9779 8582
10 5840        5     7795 7400 7193 7069 7189 7830 97351170812371125051252012340
10 5840        5    12026119671175011269112081110811499117341138010750 9883 8850
10 6840        6     8061 7600 7365 7260 7292 7536 8093 907010116106361066710395
10 6840        6     9878 9433 9067 8873 9017 9363 999510316 9994 9548 8895 8194
10 7840        7     7593 7194 6973 6845 6829 6970 7227 7773 8651 9132 9214 9151
10 7840        7     8943 8513 8187 8044 8239 8566 9304 9643 9392 8858 8265 7581
10 8840        1     7358 6908 6746 6665 6667 7067 8036 938310589112191157411609
10 8840        1    11395111321084110608108331112111587117021123710434 9419 8335
10 9840        2     7417 7002 6831 6782 6872 7513 94981147312242126861277412716
10 9840        2    12502125121221811944119361204212398125321210211251 9843 8556
1010840        3     7638 7215 6975 6861 6922 7550 95491144512155123711240812388
1010840        3    12116121711197111756118451187112135121751166310856 9676 8493
1011840        4     7658 7267 7058 6935 6991 7693 96461149412125122861234212219
1011840        4    12029121101191811699116731156112047121461164810793 9629 8472
1012840        5     7622 7189 6990 6853 6913 7577 95111123211978122021231612259
1012840        5    11998120781186411540113531118111655116011108510327 9436 8359
1013840        6     7528 7045 6748 6549 6535 6722 7310 8155 9322100631025010150
1013840        6     9737 9388 9072 8886 9029 94201009710056 9606 9075 8380 7652
1014840        7     7040 6626 6303 6106 6053 6170 6419 6858 7812 8561 8936 9095
1014840        7     9064 8783 8532 8437 8714 9087 9772 9898 9632 9046 8211 7457
1015840        1     6867 6598 6483 6449 6588 7360 94791147712176123901243812290
1015840        1    12036120521179311588116061163912150121151156910802 9562 8381
1016840        2     7591 7213 7054 6921 7025 7740 97891150612154122221221212185
1016840        2    11942119731181411606116371164812171121351160610775 9601 8393
1017840        3     7613 7221 7027 6960 7019 7696 96701162512226123651236312199
1017840        3    11996119731178311593116251179312340122511176110943 9685 8677
1018840        4     7794 7370 7181 7074 7176 7902 99331183412419125201254012351
1018840        4    12132121421191111665116101168112256122381170110881 9747 8531
1019840        5     7770 7382 7117 7000 7097 7732 96691151212241124271252712388
1019840        5    12101121041188711588114391146812001117281119110468 9516 8452
1020840        6     7667 7122 6820 6652 6639 6813 7351 8232 9317101001036510255
1020840        6     9921 9580 9238 9050 9161 94531024110136 9642 9057 8155 7769
1021840        7     6980 6502 6253 6077 6031 6118 6371 6766 7686 8383 8785 8986
1021840        7     9004 8723 8465 8466 8767 923210009 9926 9485 8911 8174 7395
1022840        1     6872 6585 6397 6359 6457 7155 92021124512077124851271712728
1022840        1    12567125811237512204122681249612801124451180110917 9635 8434
1023840        2     7634 7183 6938 6774 6881 7515 95211146012081123681251712448
1023840        2    12153121191197011826119331217612581121741161510733 9565 8373
1024840        3     7593 7170 6950 6836 6927 7528 95971158812234124081253012429
1024840        3    12157121381192811752119551203512485121881167110867 9740 8532
1025840        4     7736 7308 7131 6982 7087 7792 98011168912248123301240812222
1025840        4    11898119291171311484114651166812433121471163910835 9638 8486
1026840        5     7673 7259 7044 6927 7032 7636 95471167412384127041288712823
1026840        5    12561125471231312080120901225812424119061131510571 9632 8584
1027840        6     7826 7258 6985 6792 6770 6993 7534 8489 9614104161072910635
1027840        6    10274 9919 9598 9481 9741102571069210262 9717 9218 8512 7830
1028840        7     7211 6561 6212 6092 6102 6221 6518 7350 8364 8865 9125 9297
1028840        7     9175 8842 8594 8567 91371032910238 9856 9447 8758 7978 7275
1029840        1     6762 6553 6428 6381 6534 7301 92801120912015124621264012579
1029840        1    12394124061227312149126401323112811122001156110591 9428 8295
1030840        2     7533 7140 6922 6855 7014 7799 96871145112035121661220312085
1030840        2    11811118771170211535120121304612780122471170110742 9637 8522
1031840        3     7744 7329 7151 7068 7196 7931 99001163112176122781231312211
1031840        3    11984119941178911625121001296012479119211150710771 9657 8649
11 1840        4     7838 7458 7406 7226 7359 8145100551187212443124851247012360
11 1840        4    12060120361192211736123281321213006124961190310968 9822 8567
11 2840        5     7792 7326 7111 7004 7095 7773 96861158512303125851267912579
11 2840        5    1224112146119271168212049129411267612168116591091710023 9012
11 3840        6     8239 7740 7517 7401 7480 7758 8316 933610320108421085910588
11 3840        6    10079 9643 9306 92531003311409112731081710359 9786 9132 8471
11 4840        7     7854 7428 7181 7080 7081 7249 7457 8021 8827 9305 9425 9444
11 4840        7     9341 8990 8747 8895 9802107961054510206 9837 9212 8412 7653
11 5840        1     7095 6826 6567 6603 6762 7522 95511161012399127061287612821
11 5840        1    12578125071234812191127081339812989124281188710925 9743 8553
11 6840        2     7773 7337 7121 7084 7230 7971 99001169012365125081254112466
11 6840        2    1219012221120641198312627134601309212587120851126510141 9011
11 7840        3     8243 7798 7619 7546 7694 8473104671222412797128621283612663
11 7840        3    1231212283120891205512790138941354713123125351176110645 9454
11 8840        4     8657 8323 8168 8077 8239 9113111411284113268132791319612910
11 8840        4    1257112511122901216612934139161365513195126311179610642 9463
11 9840        5     8590 8158 7904 7796 7926 8674106161237712921129651294412746
11 9840        5    12380122721203911819123781313412750121631159810796 9840 8849
1110840        6     7955 7426 7124 6969 6964 7180 7695 8686 9775104441065910524
1110840        6    10077 9658 9335 922710015110521072710196 9751 9231 8548 7881
1111840        7     7182 6667 6365 6270 6231 6330 6484 7006 7881 8561 8986 9309
1111840        7     9487 9388 9169 9229100151059110309 9846 9461 8916 8312 7681
1112840        1     7013 6660 6465 6401 6462 6973 8059 940210496111881156411640
1112840        1    11435111921102510978119231280612200119001139410598 9558 8553
1113840        2     7788 7402 7214 7110 7268 8073101291201912695129321303012965
1113840        2    1284712872127701285413794143181393613389128271192310784 9561
1114840        3     8735 8278 8120 8049 8204 9029109991285413331134321346513274
1114840        3    1295112840126361251913353143561399413449128901204510880 9640
1115840        4     8765 8390 8216 8142 8320 9122111291276313196131421318612973
1115840        4    1263212631125471252113378139021354412959124201158210394 9176
1116840        5     8301 7855 7624 7546 7650 8387102821188412446126351253112443
1116840        5    1219712171119391180912482131881286012321118291113810267 9193
1117840        6     8386 7858 7607 7467 7522 7844 8439 941210507111351136011229
1117840        6    10933105741032410301112401224711975113821093810396 9679 8972
1118840        7     8289 7823 7574 7435 7419 7538 7818 8377 9243 99831031010484
1118840        7    1039810034 9766 9892109271162511415110361071810056 9254 8442
1119840        1     7864 7536 7413 7384 7545 8341104641245613246135011357813406
1119840        1    131361305912816128111378014702143361392313543125321133210058
1120840        2     9301 8860 8670 8633 8831 9678116651346413920139161393213720
1120840        2    133701335113114130631401114841144911405513551126981145410283
1121840        3     9414 8955 8734 8655 8845 9673116511336413912139981393613697
1121840        3    1325913169128391264113410141391383613411129481209510956 9756
1122840        4     8810 8286 7969 7831 7857 8066 8491 928110283107891092110772
1122840        4    10186 9331 8650 8370 8888 9414 9541 9571 9646 9487 9072 8480
1123840        5     7893 7629 7455 7418 7499 7853 8641 969910752112901138011256
1123840        5    10961105731026510263112931205511770113521093810330 9586 8815
1124840        6     8127 7728 7478 7340 7368 7594 8069 8805 9862105521062710495
1124840        6    10147 9749 9503 95931061811526112941083910431 9934 9316 8616
1125840        7     7991 7576 7540 7294 7243 7403 7689 8053 8878 9603 9881 9985
1125840        7     9835 9419 9056 9104102971134511270110061062610004 9252 8441
1126840        1     7898 7645 7488 7505 7735 8548106821256013164132321310912857
1126840        1    1244412348120761195412917137631339612898124271158910468 9314
1127840        2     8501 8118 7932 7915 8059 8901109201276013201131481297712713
1127840        2    1239012325121121204313086138071345212911123911158310389 9189
1128840        3     8339 7953 7712 7608 7749 8517105551234212869128841286412689
1128840        3    1241512357122201219813115136951320412669121541129310119 8856
1129840        4     8004 7599 7343 7259 7386 8059100701199812651128371289212819
1129840        4    1262612642125711259113402138091349113017125161170210506 9342
1130840        5     8458 8087 7793 7718 7816 8593107051243612931128871284612536
1130840        5    1221312120119181176812638133081296112447119561127110326 9323
12 1840        6     8461 7949 7628 7455 7492 7747 8340 930710368110121107710921
12 1840        6    10544102651007410078110151182011482109911052710017 9356 8623
12 2840        7     7931 7470 7198 7031 7033 7166 7452 7927 8858 9457 9792 9990
12 2840        7     9871 9534 9285 9459106671157811475111711087910272 9485 8693
12 3840        1     8062 7800 7687 7716 7882 8747109961300013691138341388913859
12 3840        1    1364413691136181369614588147531424313714130721222710980 9707
12 4840        2     8850 8447 8219 8192 8336 9161112691301413573136621357213417
12 4840        2    131611317412982130031414414916145111399813496126501142410103
12 5840        3     9257 8809 8586 8532 8684 9460116901346313856137681366013410
12 5840        3    130651294912829128541399014762144531399513500126061143310168
12 6840        4     9248 8892 8660 8617 8756 9506114511318513834140751416014063
12 6840        4    137311366413456133751431614846144501398713408125771137010205
12 7840        5     9310 8907 8726 8646 8806 9569116861349013968140201398013789
12 7840        5    134621339613171131611418114834145671406113561129201196610899
12 8840        6    10010 9519 9186 9035 9034 9295 99391085311933124081244512165
12 8840        6    1164811245109701101512098129321261612083116371111510404 9547
12 9840        7     8838 8319 7992 7841 7820 7928 8291 8762 9598101481034710373
12 9840        7    10172 9844 9603 9714109571199311944116611139710812 9941 9060
1210840        1     8411 8117 7952 7902 8087 8947111261316413914141741423014082
1210840        1    1376613725135111349614450148291437413822132631231310989 9618
1211840        2     8748 8307 8093 7940 8101 8893109711293513529135981357013431
1211840        2    1315213125129591302314047145951417113627130961224611000 9738
1212840        3     8803 8230 8017 7923 8004 8871109461282113403135211348013389
1212840        3    1313313117129701296614022146511414813621131071224511079 9645
1213840        4     8716 8254 7964 7774 7936 8666107311254512990130351290412704
1213840        4    1234512295120881206613048138101345412993124961173410639 9343
1214840        5     8434 8001 7750 7703 7864 8645107691271713391135681357813568
1214840        5    133441342813313133391414714529141341357013037123101140110240
1215840        6     9302 8697 8350 8184 8143 8415 90531010411377123871283912830
1215840        6    1251712123118541185612757134131306712483119721140810717 9787
1216840        7     9001 8372 7992 7787 7764 7850 8137 8638 9634104531089611161
1216840        7    11078107791052910608115911228612093117921145610796 9913 8903
1217840        1     8099 7688 7481 7406 7516 8324103701240013065131891309712873
1217840        1    1252512381121541207113075140311373913284128221198110927 9582
1218840        2     8620 8125 7874 7779 7952 8696108311269213248132901314412886
1218840        2    1253812485123331239913526142731389913367129221220210969 9606
1219840        3     8989 8185 8003 7984 8105 8912108601291513492135991372613717
1219840        3    1358913650136371373614659149561452614018134701258111429 9993
1220840        4     9044 8581 8346 8237 8377 9094111911304613564136401345413183
1220840        4    128271270512545124541345414380141911379813389127181160910266
1221840        5     9255 8755 8501 8383 8539 9365114421335713984140131398713735
1221840        5    132301304112769127151374814454141221366413113123681134310191
1222840        6     9130 8545 8180 7938 7852 8010 8448 925710304111301140811316
1222840        6    10903104611009210072110811214611955115321109410577 9958 9134
1223840        7     8344 7785 7473 7292 7283 7448 7852 8395 9272 98251020610330
1223840        7    10168 9810 9480 957110654118391174911565113421089110184 9176
1224840        1     8279 7802 7558 7459 7453 7789 8540 951210529110611105910808
1224840        1    10389 9976 9770 987310911115701094110229 9796 9476 9066 8557
1225840        2     7801 7182 6729 6477 6456 6625 7111 7863 8645 9163 9435 9540
1225840        2     9453 9022 8656 8594 93121016010291103471044110251 9713 8960
1226840        3     8333 7995 7878 7847 7967 8534 99351156212748132841359513606
1226840        3    133881316612879128361384014630143531395713469126831165010530
1227840        4     9629 9235 9002 9001 9126 9699110751277613907144511469614816
1227840        4    147001455314306142261505115489150651453213928130601190910629
1228840        5     9782 9342 9042 8936 9016 9509107581239013386139671430814376
1228840        5    1414513888135801327913773141491373613059124411153710489 9481
1229840        6     8567 7963 7594 7364 7315 7411 7879 8482 9388101491048710438
1229840        6    10137 9756 9491 94081022211330111561070310245 9644 8944 8138
1230840        7     7390 6849 6559 6377 6343 6429 6709 7136 7920 8845 9457 9815
1230840        7     9819 9456 9189 9160102071132411227109421067710229 9594 8792
1231840        1     8112 7764 7583 7547 7658 8154 92631044511387118761197611850
1231840        1    114861120210922109591190612620120921133910602 9975 9488 9031
