 1 1850        2     8568 8044 7555 7214 7159 7187 7462 7720 8228 9023 982810486
 1 1850        2    10723106331032210293109181143211360110911073410082 9305 8432
 1 2850        3     7801 7472 7333 7278 7403 8221102861229813078134541373013791
 1 2850        3    1361413629134221334114108145751413313667131591226311070 9879
 1 3850        4     9033 8676 8498 8466 8631 9419114971337313997141201420214140
 1 3850        4    138381382613603134651427615101148551440513895130221182310603
 1 4850        5     9753 9361 9148 9139 9268 9991121621404314576145901460314422
 1 4850        5    140591397113717135491408314575142251365413083121951125510241
 1 5850        6     9355 8836 8534 8395 8419 8682 92121000711003118111223812312
 1 5850        6    120541169111341113091220313339131881269712229116721097210199
 1 6850        7     9516 9068 8779 8677 8633 8766 9042 944010171108021111011293
 1 6850        7    1126910907106511067311585124701227511948115881093610185 9389
 1 7850        1     8736 8482 8407 8392 8606 9470116791374814407146521479414784
 1 7850        1    145651451114393143381505515544150591446813909129471167910421
 1 8850        2     9615 9244 9074 9038 9185 9988119871365314134144671451714564
 1 8850        2    143401427314139141371502616010157871535914859139431283911543
 1 9850        3    107511041010299102621043311292134971515115621156501560215504
 1 9850        3    151021500414786147181549516480161491573315255143801317411837
 110850        4    110971068610429103831053011404134951508915583156841566715390
 110850        4    151701500014712146591530816108158221539214816139551282311648
 111850        5    107591042410307102341034511143132091503115575156961567115500
 111850        5    150651499114644144601490915590152811470614160134001246411393
 112850        6    105751006410053 9819 974710025104341142912544132051339613174
 112850        6    126711222711848118021248913680134731292312472118861111410389
 113850        7     9737 9261 8998 8871 8876 9032 9336 978910609111601138911538
 113850        7    1148111098107491067411450125271251312212118871130410508 9753
 114850        1     9122 8920 8856 8866 9085 9996122021403114657148121480214609
 114850        1    143311414113831135661419315153148021427113655127401160710422
 115850        2     9611 9202 9025 8946 9101 9807115821321913905141151416714046
 115850        2    137381368313582135851435815564151631488114601138561273811651
 116850        3    109371058710521105411074811649137951567116126160401604915873
 116850        3    154801531414977148281554016584163261584115371144551325511874
 117850        4    109941066310479103131047211215132411467415427156591571415556
 117850        4    152391494314712145441509615809154321496414384135381241111222
 118850        5    1046210125 9950 98901007510883129611470915123150661489214556
 118850        5    141161398413696135511410014905146411411013619128191202310863
 119850        6     9972 9537 9220 9084 9116 9344 99791083312014128211315113111
 119850        6    128141242812078119901253113388132591274112203116031097610275
 120850        7     9585 9145 8913 8845 8875 9044 9388 987910835116481213512582
 120850        7    125911241112116120261259813654135611322613087125281183211005
 121850        1    104961030410229102561046911385135551535916182162811627116085
 121850        1    157741574615454153321593716942167951633715811149781367112438
 122850        2    116501118210972109141102011800138971554615964159411586815564
 122850        2    150651491514555143241485515871156451510014543136611249211191
 123850        3    10370 9970 9761 9702 984910592126991439014780147211475514517
 123850        3    142701414013905138091435715379151241473514225133351207310943
 124850        4    10127 9669 9467 9363 953410335123711422914687146371457914408
 124850        4    140131388313628134341401514964147961438513891130601178510696
 125850        5     9856 9514 9325 9262 943010214122291413414662147351478714572
 125850        5    142031406913749134901378614540143831388113382126151172510711
 126850        6     9951 9522 9271 9180 9217 9529101351101912082127431294112858
 126850        6    123971194911587115021204213368134301293512485119521126410516
 127850        7     9941 9503 9243 9128 9134 9269 95831005610924117251201812160
 127850        7    120571159811171110601166012864130351279912504119001108810266
 128850        1     9746 9525 9359 9412 954910360125391448214995150661498514638
 128850        1    140991389913654135371413615055149151443913885129841184410647
 129850        2     9831 9462 9352 9334 957710481126171437814800146121454014289
 129850        2    140221392713650135221407215193150841466914162133161209410935
 130850        3    10201 9914 9727 9753 999710882130801479015198150571480014534
 130850        3    140871390613607133261397814969149601459914202133301219411056
 131850        4    1032510016 9910 99241009010985131531502515415154461538815190
 131850        4    148511477614584145071482915597154241490414242133081203110766
 2 1850        5     9938 9530 9291 9255 937010094121231398114542146841476414665
 2 1850        5    143321424613942136631386914477143261379813151123221136910323
 2 2850        6     9472 9002 8656 8491 8493 8757 93351022111347121821249412544
 2 2850        6    1237111973116721162612099130191298712449119661137210633 9874
 2 3850        7     9173 8753 8504 8400 8442 8636 9008 950810328109121113211324
 2 3850        7    112401090410675106621122712440129031270012470118841112710320
 2 4850        1     9892 9742 9674 97301000510946132091498215418154051522314907
 2 4850        1    145111428513992137741420315287153941499814535136721252111383
 2 5850        2    106101026610123101271037511194134121512315555154811539215111
 2 5850        2    147301475414469144121488515700155331507614447135651220911140
 2 6850        3    10280 9965 9753 9699 988910690124491396414710151231530215271
 2 6850        3    150191483414559143581473115562156541514414597137341243911251
 2 7850        4    1040610078 9887 98471000910832129221459614994150101487414579
 2 7850        4    141761410513851137331412915180154861513714671138571272211568
 2 8850        5    107871049110359103321057311387135521520115670158321585315686
 2 8850        5    154451534415141150221530016114162301571615170143161332712285
 2 9850        6    114221096010706105831059110819114021222213249139711413913875
 2 9850        6    132861267812358121121245413573139401346712940123451161010890
 210850        7    10175 9711 9460 9300 9299 9413 96851005410790112631141011440
 210850        7    1121710719102751018410557117951232712099118671118510507 9868
 211850        1     9115 8959 8890 8904 911110027120991385514329143021417813800
 211850        1    134401324412965127611310014149144021395813476126011145910322
 212850        2     9496 9138 8941 8860 8996 9775117091340014074142011421414125
 212850        2    1389113797136431360914058146781447313883132781227911172 9929
 213850        3     9069 8641 8429 8327 8402 9204112201288113618137821388213764
 213850        3    134551340313222131251349214177142021370113252123981126710064
 214850        4     9280 8885 8705 8644 8817 9631117051338813819138551383513593
 214850        4    132401314312893127791306213908141921379013307125511144310278
 215850        5     9463 9121 8909 8859 8980 9773117551353614107142691422613971
 215850        5    135751350313186128681287913532139061347013042122981139710395
 216850        6     9609 9192 8958 8842 8895 9217 97661060311562121581231512160
 216850        6    1164511172107631058610998119851248512091116681119810503 9798
 217850        7     9196 8796 8520 8376 8353 8442 8700 9154 9986104741065210742
 217850        7    1052410046 9634 9560 99211083311412111411087210379 9734 9051
 218850        1     8512 8225 8104 8038 8158 8624 95961087511760124041269212623
 218850        1    1223511851114591134611729125871300712681122421155010668 9727
 219850        2     9043 8726 8579 8526 8657 9403110811288013675138451390013703
 219850        2    132731305812667123651264613391138471343412995121841110110021
 220850        3     9261 8906 8701 8633 8863 9638113771305513791138711383913650
 220850        3    132261301212721124511268313436139551357313128124001136210240
 221850        4     9456 9154 8973 8958 9155 9941116661331013917139451382613590
 221850        4    131031300812680124371272113486139201353113073121511112610013
 222850        5     9117 8703 8454 8339 8430 9112106861237713241136011370713598
 222850        5    1322012930125321212512149125931296412490119521114710232 9266
 223850        6     8427 7937 7626 7455 7436 7701 8215 908310171110521142011479
 223850        6    111841074210414101161028010920113771088810398 9883 9207 8521
 224850        7     7883 7422 7166 6999 6943 7054 7248 7735 8548 9201 9577 9793
 224850        7     9681 9296 8915 8771 9025 9808106131037710094 9433 8693 7924
 225850        1     7366 7038 6843 6814 7012 7808 98521180112612128321295712883
 225850        1    1260112470121431186712125128071330712972124821162110520 9422
 226850        2     8597 8243 8069 8041 8173 8954109151269513269132621328313102
 226850        2    1271212691124931235312789133611353213078125021159510484 9361
 227850        3     8514 8087 7900 7767 7943 8629105511237612974130931308812942
 227850        3    127181271212487123141258413233138441353913162123791131510325
 228850        4     9480 9185 9039 9072 926210137119731381714346142951416613837
 228850        4    133461313012784125161264913271139621374913302125071129010132
 3 1850        5     9340 8945 8731 8654 8784 9582113871309713532134771331613025
 3 1850        5    1256712399121211182211956124751298312540120001124010339 9298
 3 2850        6     8493 8013 7734 7568 7541 7791 8303 922210314110201109710968
 3 2850        6    1046210031 9663 9472 96671043611262109901056210066 9450 8814
 3 3850        7     8217 7833 7564 7475 7503 7675 7879 8458 9306 99931022710363
 3 3850        7    10248 9829 9454 9364 97091052611526114851119810662 9913 8709
 3 4850        1     8742 8581 8520 8529 8783 9704117621377414504145841454414503
 3 4850        1    142811436614267141791455715042151041458914028129791164610505
 3 5850        2     9601 9226 9014 8846 8921 9643112831301213757138771397713921
 3 5850        2    1357313352130641278013038134431404113656131791230811140 9957
 3 6850        3     9257 8960 8811 8829 9019 9923119171373514210142601421013988
 3 6850        3    136451347013170129071307013591143691412413667129041174710610
 3 7850        4     9897 9591 9424 9461 965310507124341411914444143681424613935
 3 7850        4    135131339513123130331335313840143541400213400125521127610111
 3 8850        5     9285 8879 8703 8605 8691 9407113351312713747138691382513627
 3 8850        5    1323912810125801221312198124111297612589120391139310485 9480
 3 9850        6     8716 8281 8034 7939 8001 8250 8669 962110560111571129511139
 3 9850        6    1061710103 9696 9487 96271028611266110251060710120 9490 8874
 310850        7     8256 7897 7651 7520 7541 7685 7863 8520 9225 9742 9891 9957
 310850        7     9832 9341 8951 8809 9060 971110874108431066110068 9344 8577
 311850        1     8099 7879 7812 7822 8027 8991108881274413233132291311312873
 311850        1    1248312396121691200912330127991328512899123441139010244 9112
 312850        2     8365 8008 7823 7751 7892 8646106831256613359135661371713725
 312850        2    1333813308129791283913020132951357813186126371174310599 9414
 313850        3     8597 8214 8012 8004 8102 8895107741257913200133621338813294
 313850        3    1292612821125291230512503127891335913088125581169210453 9287
 314850        4     8510 8157 7997 7896 8005 8825105861243913006130341297012815
 314850        4    1249612516122661220412338125901325013039125961178410641 9553
 315850        5     8772 8477 8268 8222 8343 9123108791261913198133631337613311
 315850        5    129941289712650124411246612717135281334212919121561128410315
 316850        6     9530 9105 8873 8758 8830 9067 94721043811375119431202311794
 316850        6    112121066710167 9900100121054311564113931096510471 9779 9066
 317850        7     8440 8054 7788 7694 7650 7727 7831 8423 9207 97771001910159
 317850        7     9999 9605 9293 9211 95331007210830108481060810060 9330 8677
 318850        1     8181 7969 7914 7936 8123 9023110441320113878141641430214166
 318850        1    138351369713410130981325213531141561396413441125971137310286
 319850        2     9585 9282 9168 9186 937810175119781363914031140041386913555
 319850        2    1313012952126161227512439127681348113400128871208310911 9723
 320850        3     8713 8563 8364 8294 8385 9125111661267613058130191292512712
 320850        3    1235712253120211180711981123071287412696122881149110327 9354
 321850        4     8696 8424 8384 8399 8589 9426113261310913653136761362213456
 321850        4    130911294012699123461245712719134891350413082122511113010368
 322850        5     9259 8968 8834 8811 9007 9762115231316313666136351344213148
 322850        5    1265512514120951174411676118471261112519121201144710526 9623
 323850        6     8815 8403 8152 8047 8071 8265 8777 985810803113401130611062
 323850        6    1055410148 9727 9535 970610212109641083910434 9901 9274 8621
 324850        7     8015 7623 7473 7459 7229 7304 7207 8139 9038 9632 9842 9934
 324850        7     9747 9316 8968 8903 9233 9764106701074610503 9962 9222 8305
 325850        1     7997 7841 7782 7860 8032 8887107951272913403135311352913413
 325850        1    1305512893126401236512506128181355113515130881223011041 9960
 326850        2     9226 8841 8703 8658 8857 9587113811309513593135251345913254
 326850        2    1284812703123811212012203125161316213097126461179110650 9506
 327850        3     8722 8354 8207 8138 8313 9025108641242012855127881266812408
 327850        3    11981121231187811628117131196812555124781202111063 9937 8759
 328850        4     8036 7592 7420 7346 7439 8149 99041166312299124001240412215
 328850        4    11987119571180511577117771191912406122371170610852 9687 8593
 329850        5     7768 7412 7178 7052 7158 7740 94891131012057121901224512186
 329850        5    11847118861163511297112101119611690115831112510367 9394 8484
 330850        6     7692 7275 7008 6878 6875 7032 7602 8763 9996107841093410817
 330850        6    10288 9781 9367 9171 9281 9652104881058110178 9661 8989 8240
 331850        7     7713 7296 7075 6943 6946 6895 7133 7852 8665 9268 9531 9718
 331850        7     9692 9470 9274 9335 978810327109551090510610 9968 9199 8452
 4 1850        1     8022 7792 7669 7633 7799 8587104921260213475137411379413770
 4 1850        1    1345413325130361279813020132401349513313127101184210644 9488
 4 2850        2     8656 8264 8084 8004 8150 8869107781270313176130601322713125
 4 2850        2    1287812777126381257812783129601333213229127481184510621 9522
 4 3850        3     8717 8419 8252 8203 8397 9064108651258613131131281302212937
 4 3850        3    1268012794127191268112973133761356813385128751190010672 9494
 4 4850        4     8701 8321 8120 8046 8194 8793106771241612962130271302312919
 4 4850        4    1260412512122001185811810118491246912551121721137910233 9014
 4 5850        5     8201 7779 7561 7475 7533 8004 92321079411623118701190111709
 4 5850        5    11352111191083710514104801068511223112481081310146 9297 8330
 4 6850        6     7692 7185 6964 6802 6766 6820 7233 8270 9441102071054410483
 4 6850        6    10216 9764 9398 9198 9423 9564101331034710006 9522 8842 8088
 4 7850        7     7389 6986 6684 6523 6548 6498 6840 7594 8415 8854 8952 8968
 4 7850        7     8816 8354 7878 7663 7631 7902 8790 9467 9457 9080 8353 7686
 4 8850        1     7182 7005 6916 6956 7140 7863 98401185812628128421290512818
 4 8850        1    1253412437121471191511932122051262312802123781146510293 9132
 4 9850        2     8418 8144 7972 7979 8108 8760106331248413093131751312312947
 4 9850        2    1259212529122621203012145123411289413131128021196610802 9689
 410850        3     8987 8691 8524 8483 8708 9328112101287613351134281333713132
 410850        3    1268712596123011199712053122251281613081126661180410600 9414
 411850        4     8671 8290 8090 7999 8154 8749106961255113093131191302112842
 411850        4    1248912422121351187911893119841243512694122691144010243 9141
 412850        5     8397 8061 7905 7883 8054 8650104781216412759128171277412564
 412850        5    12228121271177511414112121112911598119611155710888 9979 9019
 413850        6     8262 7864 7619 7512 7529 7614 8142 921510220108101081310707
 413850        6    10272 9801 9436 9312 9531 9999105921068810334 9739 9008 8343
 414850        7     7715 7315 7069 6940 6917 6908 7148 7886 8824 9597 996210263
 414850        7    10255 9910 9593 9509 9708 9969103341047210129 9486 8831 8080
 415850        1     7489 7216 7010 6967 7049 7469 89121060711476117601171711810
 415850        1    11538114121115311026112221139311584117201122410412 9339 8345
 416850        2     7629 7249 6996 6943 7004 7493 90791096611925121771230512314
 416850        2    12059120451188011658116581170311878120511161210757 9671 8562
 417850        3     7781 7456 7277 7261 7445 7987 97251161312439126631273212613
 417850        3    1230312205119381161911626116291194812434121221133110237 9192
 418850        4     8457 8124 7955 7919 8048 8539101791211012874131391314613020
 418850        4    1277012700124821222712222122111244812702122341138910234 9077
 419850        5     8307 7912 7669 7571 7697 8060 96671138612217124671255512375
 419850        5    12093120451188711568115061141611631117491125010502 9542 8592
 420850        6     7803 7383 7117 6950 6910 6949 7564 8586 9555101451030110131
 420850        6     9702 9316 9011 8818 9004 9466 982510131 9795 9261 8550 7874
 421850        7     7325 6906 6589 6466 6468 6278 6570 7196 8008 8549 8766 8897
 421850        7     8770 8500 8215 8128 8340 8642 9169 9829 9594 9147 8236 7494
 422850        1     6943 6779 6615 6541 6657 7183 90171099611905122631244412551
 422850        1    12388123641209811833116641170711880121601169710836 9611 8514
 423850        2     7766 7403 7188 7096 7206 7687 95171142512165123891253012395
 423850        2    12138120931182311563115491148411689122391189411005 9849 8737
 424850        3     7956 7614 7444 7348 7450 7990 97671176012499126621270812640
 424850        3    1233612353121011187511858118501198512377120561119310034 8872
 425850        4     8158 7799 7565 7494 7534 8023 98381170812351125131245012315
 425850        4    12066120331184811617115701151111717121191175710842 9697 8546
 426850        5     7762 7335 7087 6963 6988 7444 92851115911994122681237312335
 426850        5    12053120851188211579113471103911094114691110510327 9349 8384
 427850        6     7548 7047 6748 6556 6484 6438 7141 8263 9332 99391012710023
 427850        6     9674 9308 8961 8762 8879 9050 9323 9936 9648 9025 8414 7784
 428850        7     7076 6699 6309 6421 6323 6289 6300 6794 7460 8154 8586 8761
 428850        7     8840 8655 8513 8526 8730 8940 9113 9310 9700 9389 8551 7624
 429850        1     7143 6855 6707 6635 6727 7355 91161125112085123611249112374
 429850        1    12125121041186411607114671123710875107711146210909 9756 8627
 430850        2     7621 7278 7072 6962 7064 7647 93261125911985122311238412280
 430850        2    12116122531210111953119191152511085109841162811092 9897 8652
 5 1850        3     7748 7306 7052 6923 6985 7545 91801117111967123501252912534
 5 1850        3    12349124281223912000118431156211188110811145410891 9723 8558
 5 2850        4     7660 7241 7034 6923 7039 7607 93021129912089122961238812284
 5 2850        4    12045120791186611657116171156111374114201164410977 9817 8595
 5 3850        5     7767 7407 7190 7081 7160 7830 96001173212584129591316113138
 5 3850        5    1293512908126101230812198118901143811171114391094710058 8954
 5 4850        6     8190 7744 7466 7324 7364 7468 7904 8889 9790102831029910155
 5 4850        6     9738 9341 9007 8802 8875 8967 8885 8928 9535 9241 8622 7753
 5 5850        7     7200 6781 6505 6387 6312 6313 6387 7103 7993 8670 9039 9256
 5 5850        7     9208 8924 8607 8496 8746 9020 9191 9323 9649 9242 8475 7581
 5 6850        1     6996 6724 6577 6541 6618 7323 92811155312449127761301913066
 5 6850        1    12861128621256712465126231257812258120491194611190 9954 8712
 5 7850        2     7966 7551 7347 7223 7295 7887 97011177012327124981259112467
 5 7850        2    12098121731196211692116321140511038108861140310885 9834 8490
 5 8850        3     7710 7290 7079 7016 7118 7715 95981157912237125061249112392
 5 8850        3    1211612082118421154911528112921097310878115591114610006 8824
 5 9850        4     8035 7676 7486 7426 7617 8216101011196312493125531251012308
 5 9850        4    12045120051178911502114181119010857108301143311013 9850 8624
 510850        5     7811 7393 7161 7055 7128 7635 93621132312098123731249112465
 510850        5    12292123491218811934116651129010917107161108910693 9722 8644
 511850        6     7767 7232 6883 6689 6618 6613 7102 8201 9393101431040310327
 511850        6    10022 9804 9598 9560 9659 9730 9608 952010023 9780 9035 8204
 512850        7     7454 6892 6578 6364 6262 6147 6223 6879 7778 8516 8845 9030
 512850        7     9003 8729 8463 8350 8395 8463 8498 8790 9460 9217 8427 7572
 513850        1     6971 6696 6587 6505 6568 7173 90461116512162125831286313000
 513850        1    1285213028129791286812769125031196011655120681162810359 9036
 514850        2     8072 7567 7287 7137 7169 7605 93561147212416127851298512953
 514850        2    12709127591247412177120521173911157109091136210950 9807 8542
 515850        3     7659 7306 7121 7067 7173 7711 94761138911958121411202412113
 515850        3    11957120531187311643115871130410846106711122910810 9662 8469
 516850        4     7646 7209 7029 6922 6980 7586 93171132512189123671255912580
 516850        4    12412124981234612097120051172411345112271159811092 9900 8710
 517850        5     7825 7413 7191 7021 7049 7574 92501131712195125611275312719
 517850        5    12566126001236412070118071140111003108181113810574 9708 8596
 518850        6     7723 7076 6901 6728 6674 6731 7153 8159 9313101581055710623
 518850        6    1039410042 9686 9469 9498 9440 9354 9167 9447 9273 8672 7875
 519850        7     7227 6763 6476 6309 6256 6192 6367 7014 7877 8658 9056 9233
 519850        7     9192 8857 8488 8286 8416 8474 8507 8662 9345 9244 8488 7571
 520850        1     6998 6694 6578 6522 6632 7140 90451109112013124371258012722
 520850        1    12568126521254912399122311182811343110431151311166 9933 8717
 521850        2     7771 7330 7073 6946 7013 7441 91811136212237126711297813044
 521850        2    12929130611290612642125761240712009116581168211106 9889 8628
 522850        3     7788 7378 7121 6985 6916 7482 92541122012148125371272912716
 522850        3    12530126361251412324122061183611324110091147211181 9977 8693
 523850        4     7776 7320 7091 6956 7034 7463 92731122112020125091266012644
 523850        4    12478126071243312196120061162811185109771136011092 9869 8577
 524850        5     7794 7347 7087 6987 7041 7447 92041116012046124311267012678
 524850        5    12512125551238312106117961138510910105911086310634 9656 8527
 525850        6     7649 7100 6809 6632 6552 6506 6864 7775 8830 9529 9783 9757
 525850        6     9523 9243 9017 8950 9038 9148 9090 8941 9319 9230 8514 7724
 526850        7     7020 6569 6277 6104 6000 5843 6054 6697 7628 8295 8614 8750
 526850        7     8700 8443 8195 8101 8324 8259 8436 8481 8907 8745 8059 7314
 527850        1     6708 6324 6078 5942 5896 5902 6212 6950 7900 8734 9179 9323
 527850        1     9272 9003 8833 8850 9078 9272 9261 9376 9717 9406 8594 7725
 528850        2     7089 6795 6609 6540 6625 7164 90511128812454129411318113275
 528850        2    13026129701277612495124811233711829113811151110893 9696 8634
 529850        3     7679 7275 7098 6964 7025 7517 92691125412020122871240412377
 529850        3    12183122201206211841117551147110983106431106510897 9767 8516
 530850        4     7678 7260 7059 6992 7031 7478 92301114911959123011251412507
 530850        4    12348124351232312091119581160211161108451120610963 9861 8690
 531850        5     7751 7324 7060 6998 7005 7399 91921119312117124611271212741
 531850        5    12585126811250412156119241154911101107671102210759 9730 8662
 6 1850        6     7831 7355 7017 6819 6687 6731 7121 8130 9390103111073510712
 6 1850        6    10344 9982 9652 9490 9512 9590 9410 9222 9427 9388 8694 7870
 6 2850        7     7130 6661 6370 6212 6121 5940 6301 6729 7859 8617 8921 9111
 6 2850        7     9087 8822 8658 8683 8841 8952 8874 8879 9405 9647 8818 7883
 6 3850        1     7241 6937 6748 6648 6730 7212 90151123112451131351351813750
 6 3850        1    1356413807136141341713220127241193511768119581162910357 8956
 6 4850        2     8066 7579 7326 7143 7199 7571 93601140712331127971302213096
 6 4850        2    1296613053128961267512561121421152611124114111126810066 8732
 6 5850        3     7854 7390 7159 7059 7091 7526 92611131712172125551277312785
 6 5850        3    12637126641248312280123681231911920115981155310998 9876 8695
 6 6850        4     7908 7406 7168 7046 7125 7633 93471138312244126381277812789
 6 6850        4    12649125171250112223121241185711428111351129411049 9888 8634
 6 7850        5     7797 7352 7139 7032 7076 7496 92501122712089124621263512690
 6 7850        5    12375124441225912061118201139810884105431066010634 9728 8649
 6 8850        6     7732 7150 6832 6650 6621 6572 7023 8052 9189 99801034110386
 6 8850        6    10179 9919 9566 9304 9453 9547 9359 9148 9354 9326 8643 7892
 6 9850        7     7155 6718 6433 6245 6204 6022 6229 6864 7772 8562 8921 9134
 6 9850        7     9164 8958 8736 8662 8795 8837 8907 9020 9467 9402 8619 7727
 610850        1     7148 6838 6734 6662 6724 7223 90891131712545130661341613409
 610850        1    1325913392132411311313003125471193811491116411158210296 8959
 611850        2     7989 7550 7272 7116 7166 7558 92511137412337128221308913104
 611850        2    1299813193130691290812833124151182811442116311152110256 8983
 612850        3     8100 7620 7397 7289 7345 7798 94661158912544129731330713417
 612850        3    13120131201294212665126261239911891114861143810990 9817 8629
 613850        4     7793 7386 7158 7068 7120 7605 92921131112327126921293012904
 613850        4    12684127051248812238121761182311374110451119411012 9919 8641
 614850        5     7818 7349 7175 7016 7110 7451 91591112312054124501265512731
 614850        5    12465123651221011856116421124110856104571062510494 9665 8694
 615850        6     7700 7173 6916 6734 6689 6650 7176 8207 9321101231034610237
 615850        6     9942 9654 9400 9285 9341 9423 9260 9034 9309 9386 8741 7889
 616850        7     7238 6785 6488 6310 6271 6176 6308 6856 7760 8568 9124 9490
 616850        7     9502 9237 8973 8850 8923 8950 8951 9080 9418 9357 8604 7781
 617850        1     7204 6855 6680 6584 6774 7167 88131103712191127711319913247
 617850        1    1309113295130871287812807124371186011408116331159210398 9071
 618850        2     8133 7689 7377 7265 7325 7824 94011152712652132211366813768
 618850        2    1362413588135831333313283128581231011866119461185310707 9394
 619850        3     8383 7881 7596 7445 7444 7821 94171152012688132751350413543
 619850        3    1331713313131291292112819123781173611317114641144210380 9040
 620850        4     8118 7604 7157 7240 7272 7696 93451124212420129331324413365
 620850        4    1328213331131821303312871124791191211541115701131710258 8979
 621850        5     8105 7599 7338 7162 7201 7502 90121107412293128941323613240
 621850        5    1312413140129911263612437119681143710959110101101010061 8938
 622850        6     8021 7406 7121 6919 6810 6721 7300 8370 9594104601083510802
 622850        6    105221025310039 99421002910077 9822 9579 9784 9876 9172 8401
 623850        7     7638 7127 6849 6631 6549 6507 6649 7124 7941 8761 9332 9713
 623850        7     9743 9519 9296 9168 9291 9364 9288 9196 9587 9857 9192 8311
 624850        1     7625 7303 7114 7059 7133 7556 91621128912762135711404614231
 624850        1    1422614126137551341313173127541205811527115121136210245 8942
 625850        2     8010 7483 7262 7095 7142 7474 88801090412096126131295413026
 625850        2    12824128091265812424124221209011572112111133611097 9999 8736
 626850        3     7880 7408 7194 7033 7075 7472 88911085611846123661268012758
 626850        3    12599126171245612245122191194611506112181124710959 9926 8793
 627850        4     7892 7442 7198 7058 7138 7578 90201088112026125941289212955
 627850        4    12763126601241812175121831201611636113491129710944 9901 8690
 628850        5     7874 7418 7178 7026 7060 7529 88371070211789124211274612793
 628850        5    12527124711219011889116721143511091107561070910406 9646 8434
 629850        6     7581 7117 6856 6645 6569 6596 7007 7951 9094100261048910569
 629850        6    1034110019 9652 9449 9490 9542 9382 9163 9257 9281 8665 7848
 630850        7     7191 6673 6389 6247 6140 5986 6187 6749 7658 8478 8992 9165
 630850        7     9139 8858 8637 8545 8698 8773 8691 8620 8968 9331 8738 7885
 7 1850        1     7052 6646 6440 6346 6355 6698 8071 991211216120301246412573
 7 1850        1    12523125031246212319122811189111313108921104310967 9869 8624
 7 2850        2     7718 7240 6992 6830 6864 7151 84131016011389119331243012610
 7 2850        2    1256112564124841240512360120691149711038111621112810095 8816
 7 3850        3     7891 7340 7148 6963 7010 7269 85191034511619124281284313012
 7 3850        3    12945129461274812540121641189911289108601085810768 9858 8771
 7 4850        4     7790 7186 6840 6594 6482 6294 6582 7411 8362 9032 9333 9361
 7 4850        4     9261 8969 8721 8672 8860 8913 8824 8671 8821 9006 8677 8055
 7 5850        5     7391 6896 6656 6499 6460 6530 7454 905110480113871187612007
 7 5850        5    1199012063120491194512111119501145310971109691081010023 9003
 7 6850        6     8136 7580 7227 7052 6941 6898 7270 8144 9378102461089711096
 7 6850        6    11081108191067110626107331073710491102601042710225 9566 8733
 7 7850        7     7998 7432 7087 6860 6788 6675 6766 7360 8236 9125 9678 9984
 7 7850        7    10015 9821 9616 9578 9743 9799 9604 9446 9716 9997 9298 8389
 7 8850        1     7624 7229 6980 6833 6888 7202 85321051811911127201315013266
 7 8850        1    1313713224131211296112871125431205411577116281161310466 9364
 7 9850        2     8285 7729 7457 7281 7275 7526 88871086912299131261348513762
 7 9850        2    1373213873137811373413705133041269612216123251205911126 9781
 710850        3     8777 8165 7920 7718 7758 8115 94711141312782135661409414417
 710850        3    144891463814512143451418713609131011266212779125561146310077
 711850        4     9177 8545 8262 8024 7993 8265 96431163212977137101402014083
 711850        4    1393013949138841371113650131691263712064120841199310830 9455
 712850        5     8464 7880 7569 7359 7373 7591 88541078912135128211327513440
 712850        5    1333913376133401319813027125251205311708117191122110171 9097
 713850        6     8244 7687 7375 7122 7056 6988 7453 8512 9740106581112311183
 713850        6    10990108241067110619108081086510697104131054210590 9870 8977
 714850        7     8168 7569 7221 6970 6862 6751 6915 7530 8490 9326 989110284
 714850        7    1052910380102881031710569107011070810703110381112510394 9448
 715850        1     8661 8268 8019 7849 7900 8302 98071201713541144821507315305
 715850        1    153081541815328150901496914521139201345413542132001202610636
 716850        2     9457 8916 8596 8422 8475 8860102651238513718144731482614983
 716850        2    148521498614877147731475514350136821308113124128331169010331
 717850        3     9212 8616 8255 8059 7999 8302 95661152012658134391378113924
 717850        3    1381313967139191377913690133141266212193121931201110996 9690
 718850        4     8674 8088 7783 7614 7621 7950 93631144912817135571401414232
 718850        4    1412914292141811407713924134671291812403125191225611201 9903
 719850        5     8914 8312 7971 7788 7750 8088 94031153612977138671442714663
 719850        5    144801467714594143521413613599130011252512568122861132210094
 720850        6     9147 8494 8145 7917 7839 7814 8284 927010557116731224212353
 720850        6    1227312054118501182311975120151180611458115871163710887 9888
 721850        7     8981 8261 7849 7555 7343 7157 7224 7930 8892 97361026110649
 721850        7    1081010589104931055810681108031070710527110491120010479 9471
 722850        1     8707 8248 7967 7800 7816 8258 95821163013065140301467515053
 722850        1    1505915160151061484814745141611357712866128611262011345 9936
 723850        2     8777 8174 7828 7624 7590 7893 92111110812339129581331213394
 723850        2    1324613272131671300612959125751197811496116041144410340 9060
 724850        3     8134 7656 7329 7191 7238 7571 89281085912106127991319813353
 724850        3    1328013427133211320113204128251218111673117941160010509 9263
 725850        4     8302 7779 7498 7344 7362 7759 91251110512491133181382514032
 725850        4    140471421114294142331414313725132361278713003128711185710583
 726850        5     9627 9058 8759 8540 8552 8859101571225313758145431493714993
 726850        5    146601451614293139311367213124128461256512575121241118610170
 727850        6     9139 8476 8117 7869 7750 7722 8032 915110218111691149611440
 727850        6    11167109061071210663107521076210618102851048010417 9711 8779
 728850        7     8011 7437 7130 6959 6721 6600 6752 7354 8228 8977 9406 9624
 728850        7     9666 9544 9369 9421 9555 9690 9601 94901001210114 9428 8551
 729850        1     7812 7458 7208 7157 7187 7555 89261101812472133391388914173
 729850        1    1415214280142021397513790133581268012209124251200210811 9545
 730850        2     8575 8073 7794 7632 7671 8077 93471153112858136801420314502
 730850        2    1449714733147081457914501140481332712864130661264111400 9876
 731850        3     8988 8380 8085 7811 7836 8176 94311135412597131231345713527
 731850        3    1341313372132021296612989127501226011948119031130310280 9164
 8 1850        4     8387 7859 7571 7384 7355 7777 89821081212031125251283012974
 8 1850        4    1282112859127601256212419120961164511169114131112510079 8780
 8 2850        5     7997 7531 7218 7089 7117 7472 87221063611879125291288312897
 8 2850        5    12805128031263912383121601176711253108711108710730 9854 8791
 8 3850        6     7912 7324 7030 6820 6743 6795 7166 8075 9259102261057210614
 8 3850        6    1038910126 9873 9910 998510016 9801 9637 9946 9804 9132 8274
 8 4850        7     7532 7050 6739 6555 6471 6401 6485 7097 8094 8869 9312 9611
 8 4850        7     9670 9461 9322 9359 9581 9730 9671 95801019110201 9426 8515
 8 5850        1     7891 7480 7279 7198 7258 7626 90961099412631135011396014396
 8 5850        1    1436614440143241421014095137471303712523127041229811020 9814
 8 6850        2     8753 8225 7946 7738 7784 8133 95621146012805135881408114259
 8 6850        2    1420714321142031405613952135031276812232125001199310742 9479
 8 7850        3     8517 7996 7716 7494 7585 8020 93361130912647134281391514052
 8 7850        3    1394814094139751378813632132311263212320125941206910949 9747
 8 8850        4     8830 8348 8077 7907 7956 8421 97961177413116139391426514312
 8 8850        4    141881415714097139941389213599130191266212927124331134410119
 8 9850        5     9091 8498 8135 7924 7966 8317 95661162313124140671463114781
 8 9850        5    147301486714759146031433613874133081280713051125691147110205
 810850        6     9202 8541 8165 7886 7775 7851 8147 908210321113171181411977
 810850        6    1187211709115351146911563116021133811094114821114310383 9443
 811850        7     8596 8056 7707 7495 7332 7319 7318 7909 8814 97351031310824
 811850        7    1103411005109231091011029110561081810751111681105610249 9286
 812850        1     8601 8155 7873 7712 7721 8216 93911139112743136031401514137
 812850        1    1404614142139871375213717133211264812162124711184610635 9380
 813850        2     8377 7875 7573 7418 7439 7836 91271106012341130981350213629
 813850        2    1356213741137211364113634132511266912279126471209810973 9694
 814850        3     8786 8301 8012 7895 7974 8537 98891205613631146691537315794
 814850        3    158651616416229160841601115582150541475315165145571324811821
 815850        4    1073010051 9681 9409 9398 9851111601326514913158871653316788
 815850        4    168331706117036168221668116199156341537315515147991337311866
 816850        5    1077210143 9786 9531 9491 9907110591310914619153771565815574
 816850        5    1523214974145901416213738131201251712137123631176910728 9581
 817850        6     8655 8078 7654 7424 7337 7414 7747 8685 9886108081120811201
 817850        6    10942107011050410440105651062810421102251073710309 9505 8594
 818850        7     7981 7587 7224 6998 6823 6816 6825 7366 8230 9030 9451 9782
 818850        7     9846 9658 9492 9414 9530 9609 9541 969110145 9863 9176 8380
 819850        1     7795 7471 7279 7175 7325 7936 93451139812642134191396614065
 819850        1    1392413867136371336113277129391240512226123371157410434 9302
 820850        2     8410 7936 7683 7569 7637 8016 95261150212817134471396714062
 820850        2    1396714063139061368313596132011261712318126141190010751 9448
 821850        3     8569 8050 7757 7617 7644 8154 93521134012481132941371013810
 821850        3    1367813673135851329113220128701238112132124401173710613 9395
 822850        4     8498 8003 7714 7562 7622 8110 94351132912521131791350913606
 822850        4    1353813647134991328313076126651214811995123001157810468 9247
 823850        5     8377 7854 7553 7387 7430 7900 91041103012253129911342613560
 823850        5    1341813472133131294712693122601177511579118291115510134 9044
 824850        6     8160 7607 7277 7081 7034 7152 7465 8473 9669105501092810961
 824850        6    107181050710198100591014010207100801018010406 9935 9185 8406
 825850        7     7763 7265 6992 6786 6705 6755 6859 7328 8230 9070 9616 9994
 825850        7    10143 9874 9666 9534 9732 9871 9812 987710101 9659 8998 8245
 826850        1     7675 7344 7220 7137 7263 7851 93181129312747136051416414342
 826850        1    1421414318140451391013882135421309912956129961226811049 9774
 827850        2     8829 8369 8059 7894 7986 8466 98681180513184139311436314566
 827850        2    1452414705145311443514265137601303012788129661218410957 9628
 828850        3     8718 8149 7843 7665 7712 8229 95011145312790135471397614148
 828850        3    1408514216141431394913802132661279812703129511215710970 9761
 829850        4     8759 8212 7938 7740 7772 8334 96281154312762134761383613886
 829850        4    1372913757135821329513079126411214912186123421155910442 9288
 830850        5     8391 7910 7595 7460 7531 8012 93601117612525132161354513596
 830850        5    13465133211303912671125741230411999119361161010802 9824 8781
 831850        6     7917 7401 7089 6879 6836 6889 7197 8118 9010 98941034010392
 831850        6    10137 9791 9522 9347 9453 9624 9630 9643 9824 9394 8619 7835
 9 1850        7     7106 6728 6406 6203 6172 6187 6228 6811 7721 8652 9018 9125
 9 1850        7     8812 8515 8276 8155 8169 8353 8437 8932 9093 8588 8125 7351
 9 2850        1     6734 6363 6136 6029 5999 6091 6329 6795 7763 8728 9409 9732
 9 2850        1     9688 9362 9052 8875 9043 9181 9078 9560 9952 9383 8609 7720
 9 3850        2     7115 6755 6615 6512 6611 7224 87781088412023127861317713335
 9 3850        2    1321613328132971309913025127411229512524125671166210381 9085
 9 4850        3     8247 7771 7564 7437 7543 8377100521209613230139911455514841
 9 4850        3    148521517515115150241494214563140741421514326133651199110719
 9 5850        4     9485 8917 8554 8362 8356 8965107721275513920146581508115286
 9 5850        4    152011535915334151371509614660142221433414164131941175710405
 9 6850        5     9440 8932 8621 8377 8365 9016108291275113802144011476614820
 9 6850        5    1469814794146391431714076136941324113107128001190810842 9711
 9 7850        6     8741 8126 7765 7544 7385 7548 8011 8848 9957108711136011406
 9 7850        6    11108107821052710402104071044510304106411076110065 9325 8631
 9 8850        7     7904 7426 7072 6897 6817 6864 7011 7644 8553 94971018810721
 9 8850        7    1102610948108241080110938111031110511690117321109810215 9326
 9 9850        1     8474 8239 7762 7614 7664 8330101191213813247137201395413886
 9 9850        1    1366813609134201312913125130151267912725122971134410083 8878
 910850        2     8046 7550 7325 7214 7315 7899 98761181412415127971305813223
 910850        2    13199131531298012598127451261812324123901196611006 9814 8559
 911850        3     7739 7268 7098 6935 7044 7662 95531139212120124661285012824
 911850        3    12599126691248412184118921167211431117291163110801 9539 8332
 912850        4     7506 7094 6932 6778 6911 7634 97871165012338125571264612463
 912850        4    12072121851202511736119161169011555119351163910798 9585 8355
 913850        5     7546 7140 6914 6831 7001 7622 95181148812315125521259012506
 913850        5    12279122291202611692115651126010912112481109010300 9357 8331
 914850        6     7379 6994 6745 6589 6582 6795 7304 8391 9442101681027010103
 914850        6     9656 9292 9059 8866 8959 9161 9195 9653 9582 9026 8314 7551
 915850        7     6926 6455 6182 6044 6006 6102 6263 6880 7749 8430 8774 8930
 915850        7     9186 8850 8529 8292 8472 8628 8791 9550 9469 8863 8055 7216
 916850        1     6639 6390 6280 6210 6363 7117 89461089511766121561237312451
 916850        1    12276123801224212001122421193311476119011156010625 9361 8128
 917850        2     7670 7259 7059 6940 7068 7746 95401139212141124721268112704
 917850        2    12587127251257212398123641210611819122781193210991 9718 8513
 918850        3     7701 7288 7096 6986 7075 7732 96731150312291126281283712875
 918850        3    12789129751284712690126251231712063125291213811206 9931 8698
 919850        4     7876 7450 7213 7094 7180 7842 97171159212433128571316913382
 919850        4    1334713627135591345913362130221272013242128281183410499 9148
 920850        5     8301 7829 7528 7403 7436 8088 99171177112803133501386114072
 920850        5    1413314328142301403713820132791293213244126821176410696 9528
 921850        6     8550 7964 7631 7362 7295 7496 7920 885710135110601151211590
 921850        6    11377111841097810885109301096410990114331107610408 9519 8674
 922850        7     7911 7364 7018 6807 6675 6716 6887 7317 8196 8912 9271 9493
 922850        7     9520 9281 9045 8956 9130 9339 96601025510027 9408 8586 7762
 923850        1     7208 6902 6765 6701 6787 7595 95931162712563129751318613199
 923850        1    1305513096129881275412846127051255912777122251128810040 8790
 924850        2     7992 7580 7346 7245 7347 8030100431198512885133691366913703
 924850        2    1357213658135341337813492133951321513227126141163510376 9134
 925850        3     8226 7746 7501 7375 7436 8071 99261165612512129491314413123
 925850        3    1296413057128921269512654124191223212628122001124310017 8743
 926850        4     7928 7464 7273 7137 7220 7885 98631165112349126141280112768
 926850        4    1265812591126021242912406122791244812819122321139910247 9084
 927850        5     8162 7606 7350 7184 7288 7912 95581143212509126411183410625
 927850        5     9121 7585 6335 5190 5005 4984 5095 5382 5405 5254 5057 4793
 928850        6     4564 4432 4360 4337 4367 4547 5007 5711 6683 7379 7787 7865
 928850        6     7843 7687 7568 7561 7695 7861 8085 8509 8223 7776 7212 6585
 929850        7     6026 5745 5551 5422 5423 5450 5628 6115 6994 7670 8007 8210
 929850        7     8139 8193 7930 7899 8074 8261 8679 9319 9074 8469 7816 7024
 930850        1     6476 6215 6091 6072 6190 6863 85761044711300118471220812242
 930850        1    12133122521220611990120411181711788121881169210730 9545 8382
10 1850        2     7437 6997 6671 6542 6623 7255 91921101511809121461240612603
10 1850        2    12571127221244612292123451208912228126311203711084 9803 8439
10 2850        3     7759 7330 7080 7007 7074 7751 96491137912274127561313513114
10 2850        3    13039130871289912711126401258412660126931218411137 9938 8604
10 3850        4     7790 7333 7139 7034 7122 7792 97651169912520127801297612875
10 3850        4    12732127421258412380124951253312644126201203511173 9977 8700
10 4850        5     7881 7458 7193 7092 7179 7742 97941173412522128371295512934
10 4850        5    12689127191239812145121661212112313121341158210780 9834 8726
10 5850        6     7885 7442 7069 6925 6883 7085 7726 8630 9815106831114311194
10 5850        6    109641068310438102881023810369105891063610182 9531 8852 7928
10 6850        7     7244 6733 6525 6395 6358 6444 6730 7159 8109 8803 9181 9345
10 6850        7     9303 9032 8738 8605 8809 8995 965910131 9835 9388 8484 7682
10 7850        1     7083 6768 6675 6626 6845 7571 95901171012373125771262812571
10 7850        1    12291122871207711869118831188412205124361190710977 9839 8498
10 8850        2     7811 7428 7282 7185 7372 8118101821201012567126851271812592
10 8850        2    12285123391214411948119951201512445125391197711072 9884 8712
10 9850        3     7769 7446 7209 7146 7229 7910 99741181512534126961284512792
10 9850        3    12603125831244212244122281217412489126661212111214 9957 8769
1010850        4     7838 7425 7248 7138 7234 7892 98321172912510128111298212952
1010850        4    1281212815126901248512470124881293912849122771139710145 8924
1011850        5     8326 7781 7494 7388 7480 8164 98561146712364125981266912586
1011850        5    12374122931208211711115321146511910119841134810760 9931 8937
1012850        6     7953 7468 7256 7040 7090 7342 7930 8956 9983106021073310485
1012850        6    10070 9677 9276 9112 9255 9723104991053910103 9544 8858 8004
1013850        7     7350 6885 6621 6502 6468 6588 6872 7400 8448 9374 994110314
1013850        7    1041910096 9757 9621 9797100351031910212 9762 9210 8537 7831
1014850        1     7132 6769 6574 6506 6618 7084 8148 938910449111351148311503
1014850        1    11288110581081310692109141124411726117231116810377 9324 8312
1015850        2     7533 7137 6989 6899 7031 7686 97151175712585129071311913137
1015850        2    1300013049128771274012875129731320312875122971132510092 8814
1016850        3     7912 7475 7245 7106 7237 7889 99141165112347125981273612686
1016850        3    1248012532123571222412289122301261412575121101119710046 8784
1017850        4     7955 7533 7371 7277 7435 8195103051215412759128331279712690
1017850        4    1234112346120851184211807119161264612662121221133010130 8955
1018850        5     8116 7703 7501 7465 7579 8352103761221112801128911290212649
1018850        5    12384123081206011717116011165112272120541145910685 9735 8679
1019850        6     7807 7295 7032 6895 6859 7073 7698 8692 9796106351104811042
1019850        6    107761046910189100541015610488109561065510167 9564 8839 8024
1020850        7     7336 6870 6586 6447 6463 6527 6821 7317 8269 9004 9307 9455
1020850        7     9391 9171 8678 8710 9060 9631104841049210168 9590 8745 7909
1021850        1     7333 7082 6980 7017 7143 8069103591235612956131401310812966
1021850        1    1258312532122161193112030122341294912816122851137110219 8994
1022850        2     8154 7739 7651 7581 7787 8628107461267213109131181304012834
1022850        2    1247912456122091196212013121911287412744121741132910283 9012
1023850        3     8131 7756 7626 7568 7719 8570107421261113077131501304112811
1023850        3    1247512437122411200212005121781288112676121991129610115 8871
1024850        4     8084 7710 7510 7472 7605 8395105901246612973131221302212833
1024850        4    1252712509123121209612208124741307312754121251130610097 8844
1025850        5     8000 7569 7322 7188 7285 7953 99471184212594128321289112749
1025850        5    12506124481216111802116071164912226118911129510576 9602 8546
1026850        6     7774 7239 6909 6754 6764 7028 7688 8637 9788105331067710504
1026850        6    10030 9571 9202 9000 9124 96281055310343 9917 9353 8753 8097
1027850        7     7375 6702 6389 6329 6358 6645 7192 8022 8837 9202 9327 9322
1027850        7     9177 8842 8596 8644 9522105251051710033 9562 8634 8036 7292
1028850        1     6803 6532 6491 6451 6731 7632 98151175712621128351285812768
1028850        1    1247512459122391216912618137471350913095122581138110183 8996
1029850        2     8292 7920 7695 7820 7998 9002111261286913346133861331513076
1029850        2    1278712714124951233612931141451376313282127211181110514 9418
1030850        3     8595 8268 8106 8089 8277 9162111631289113369133781338813168
1030850        3    1278712754125531244413051139871364813156125431149510375 9133
1031850        4     8458 8061 7915 7840 8077 8866109621268013132131851313012891
1031850        4    1256412492122951212212629135531324412821123531160410433 9160
11 1850        5     8686 8320 8188 8156 8312 9268111641285913246132491317912928
11 1850        5    1254112471121981198612343132971305812520119741119110215 9169
11 2850        6     8321 7809 7592 7438 7437 7678 8280 931210442110751132611228
11 2850        6    108991059310355103341103811922116031101310517 9900 9162 8409
11 3850        7     7746 7289 7042 6885 6956 7071 7181 7910 8901 9592 993610161
11 3850        7    10151 9911 9730 97751059511555113481098510537 9930 9043 8175
11 4850        1     7563 7311 7218 7146 7368 8236103971234013137134671356113531
11 4850        1    1327113312130861303913826144151394113326127121172210491 9272
11 5850        2     8398 7969 7815 7721 7843 8627106451249113200134561360713636
11 5850        2    1336613304131181302813743141981369613127124421146610259 9099
11 6850        3     8128 7694 7515 7402 7530 8294103171210812863130811320913179
11 6850        3    1292812818127701268713337139391351012966124141143010269 9109
11 7850        4     8225 7810 7601 7524 7641 8441103741214312689128531288312708
11 7850        4    1243012442121921203412698136421338612946123191144410251 9085
11 8850        5     8191 7819 7590 7442 7572 8379103431204712661128011285612754
11 8850        5    1236312339120581183212318132381296712455119091119410271 9171
11 9850        6     8411 7910 7769 7639 7676 7891 8386 935110374108481093710776
11 9850        6    1042010046 9759 96891050511682113891085810333 9735 8973 8288
1110850        7     7585 7092 6839 6683 6648 6719 6929 7422 8310 8992 9352 9510
1110850        7     9484 9212 8956 8993 9905108881060310162 9780 9222 8535 7855
1111850        1     7237 6911 6748 6690 6834 7365 85331001511230121151266912952
1111850        1    1285812687124941252813342137681334812858122651139210353 9213
1112850        2     8455 8030 7857 7819 8000 8814109941306913847140971427914253
1112850        2    1408814041139171389314587149471436013808131121209710833 9562
1113850        3     8646 8215 7984 7929 8047 8780108101255613126132741326613113
1113850        3    1285212883127931283013603140791363113020124651150710284 9059
1114850        4     8216 7838 7620 7543 7672 8480105171229312981131551318513081
1114850        4    1291313024129601309313895142671390013352127481175610569 9315
1115850        5     8505 8097 7884 7890 8070 8917109621275513444135721359513414
1115850        5    130661301712774126561338414229139631343512910121561117910097
1116850        6     9246 8838 8575 8472 8565 8875 95221050811624122601241212216
1116850        6    1183911570114161151612509130971277012198116301098710174 9384
1117850        7     8572 8075 7722 7564 7449 7529 7760 8222 9123 98831016010376
1117850        7    10274 9949 9653 9647106621172011581112771077610124 9306 8507
1118850        1     7820 7545 7408 7425 7632 8442106711250913125132211320013007
1118850        1    1267412602123861228813186141661376413254127061180210601 9381
1119850        2     8575 8190 7997 7970 8135 8910109981279613279132441316412948
1119850        2    1264712587124231241813443140311358713003123791143810201 9007
1120850        3     8119 7712 7462 7413 7496 8289102711210112705129401297312906
1120850        3    1264912654124801237813188139681346812802122091129510080 8887
1121850        4     8037 7618 7365 7360 7457 8257103761220312881129681296312885
1121850        4    1260512639124221242513452141871389713472129261215610933 9634
1122850        5     8897 8530 8264 8222 8350 9169113311325913931141301419614132
1122850        5    1401414003138481383314417145811414913522128531199211045 9730
1123850        6     8974 8447 8167 8034 8067 8368 90161002411132117621180111581
1123850        6    1111210679103581033111407124351223411746113371081210061 9354
1124850        7     8637 8145 7830 7701 7696 7842 8149 8649 9518100741032510489
1124850        7    1042510143 9882 9979110991211911922116131119510549 9782 8899
1125850        1     8300 8014 7935 7986 8196 9076113661320413816139771399313779
1125850        1    134021327513137130141412114937145911410413627127141139910123
1126850        2     9297 8844 8663 8608 8796 9716118931369814264145541470214658
1126850        2    145341457314416143591535715555151231459513976129271157010296
1127850        3     9186 8538 8373 8294 8442 9237112601305213792140331417314053
1127850        3    1372413622134581327113851140071365713213126761184910867 9877
1128850        4     8856 8298 7971 7858 7942 8126 8662 950810793118211234012511
1128850        4    12100110581039210147104831067310628105641049210268 9706 8968
1129850        5     8304 7984 7814 7719 7840 8236 90991018611381121871248012562
1129850        5    1225211970117131179312664131981283412317118181117710381 9441
1130850        6     8771 8247 8056 7795 7940 8158 8665 951710665114761178411775
1130850        6    1152011190110271114412061126091225511800113591082210113 9287
12 1850        7     8584 8093 7804 7614 7643 7775 8075 8535 9443102471064410876
12 1850        7    10900106491044810547115521217712023116681120910580 9723 8817
12 2850        1     8110 7726 7558 7440 7617 8448105931255013272134851353713521
12 2850        1    132761333213181131871429414945146221427113735129441178210553
12 3850        2     9683 9216 9064 9011 924310099124201416214744148051470214500
12 3850        2    142141410213914139391514215940155811518814646137481246611126
12 4850        3    10246 9872 9690 9662 983210780129271473615108150791501514767
12 4850        3    144581433114154141001506015674153401482114311134811219010881
12 5850        4     9980 9629 9404 9402 958010459126401444114907148141474714564
12 5850        4    141531409913916139531490915428150981464614049131991189710620
12 6850        5     9615 9272 9010 8920 9126 9919121291405814668147421473114613
12 6850        5    142601422914031138931470215045146231403713459127521174110672
12 7850        6     9709 9250 8991 8864 8942 9286100251106012106125961262512364
12 7850        6    1190211549112381126012440133521305812578121051155310776 9928
12 8850        7     9151 8570 8263 8110 8088 8175 8491 8998 9989106671093711070
12 8850        7    1095510601104061059011796125691243012169117961117410274 9334
12 9850        1     8680 8364 8234 8259 8457 9356116791365314376144711432714238
12 9850        1    138561380213650136651484315379150051445413948130031174110426
1210850        2     9514 9070 8915 8896 904110013122291420014529143551428514078
1210850        2    136561362013555136731486715414150081452413897130351167610293
1211850        3     9284 8868 8663 8605 8753 9569117751371514381143841436214326
1211850        3    141241416314014142061517115412150281444913874130441166410225
1212850        4     9359 8881 8642 8547 8734 9539117201371614280141961449814313
1212850        4    139501390113794136491463615280148761448813994132221198710621
1213850        5     9669 9235 9042 9028 920310032125131426414857149821494614839
1213850        5    145731451014379143691513515426150391437613664128011172710494
1214850        6     9527 8989 8620 8547 8517 8811 95671049411710124331264012579
1214850        6    122371191811691117651296314020137851336012950124551170910802
1215850        7    10098 9589 9249 9166 9143 9348 97081024111151117951205212097
1215850        7    119061145611240114631260113659135171329212970123951135110329
1216850        1     9600 9195 9084 9088 925110175124731449215028151211499614640
1216850        1    142351407113803138421496015916155781507614598136601239510989
1217850        2     9884 9312 9038 8951 9192 9994123421416514666147261466314435
1217850        2    140511382813621136961486815838156241518314813140061264611158
1218850        3    10144 9700 9493 9381 959710473128471461614994151021516415033
1218850        3    147351476214634149581594316991167701630815818150631379512396
1219850        4    114041097010757107031088311809141311571516237161421592215616
1219850        4    151841492014715146461570816598164461606615653148751366412204
1220850        5    112191081010565105291072711572138861555115987158721555515124
1220850        5    147351441214256143071526415784154981490514370136771264711452
1221850        6    10470 9871 9568 9408 9401 9701103981130912512132261340313256
1221850        6    127601239612134122851339114328141111367913247127551199611075
1222850        7    10289 9740 9463 9380 9414 9595100271058811490120601218512197
1222850        7    120071172411503116901287713709136371334013050124761159010495
1223850        1     9551 9199 8992 8931 9071 9641111261281613808143821436514103
1223850        1    136301329213030128561382314716144021402013568128891182110581
1224850        2     9521 8887 8576 8448 8488 8946101301153912648131841314412729
1224850        2    1194011356109621083711804125261190811203107751046710033 9431
1225850        3     8650 8037 7598 7353 7321 7537 8010 8792 9693103021063410807
1225850        3    107241038810081100451068811205113371145311545113801078710023
1226850        4     9448 9136 9038 9000 9247 9838112421277413883144801472614720
1226850        4    144041413013827137921488915666155551509214606137971265711462
1227850        5    1049310050 9862 9766 989510382117031322614175147941494414907
1227850        5    145791421013665134821414214949146521413313518127371177310686
1228850        6     9742 9259 8978 8822 8800 9060 96221032111384122411257712610
1228850        6    122361177611503115141256813679134941309412757121631144210656
1229850        7     9875 9401 9105 9040 9074 9237 96521011610881115571191811968
1229850        7    118911151411234111541216013191131201279012469119231111210209
1230850        1     9535 9180 9077 9046 9199 9895114241303913970143601443914278
1230850        1    138941362313357132431417115162148761438013923131291200010800
1231850        2     9922 9494 9319 9216 9324 9852112451275313587139751404313814
1231850        2    1331612972127241260513248136291309212271114771084710184 9699
