 1 1860        3     9167 8618 8136 7843 7721 7836 8127 8391 8967 95151009310519
 1 1860        3    1052710315100461004911094122731228812167119121129910543 9813
 1 2860        4     9078 8784 8668 8627 8835 9622117841369514340144741446014309
 1 2860        4    139141377813510133821421715075147881431613730128591161410411
 1 3860        5     9422 9014 8785 8730 8814 9541114931328914007143431449514542
 1 3860        5    144471444214129138101431314813144841388113308124791150210462
 1 4860        6     9554 9098 8895 8958 9003 9366100551088411889126391293412864
 1 4860        6    124321198811669116481257313703136121312012631119821129310458
 1 5860        7     9681 9116 8851 8711 8677 8788 9071 950710421112981186412328
 1 5860        7    124281212211876116381238813314131451280712471118441091910046
 1 6860        1     9415 9202 9090 9100 931010228124911443314969151491519115118
 1 6860        1    148781474214534144331528616190158741536914766138911264611382
 1 7860        2    105801021110048100121021911118134111524315741157351558615416
 1 7860        2    150621497214739146981567616676164591596815603147351348412205
 1 8860        3    114641112610981109531118012109143371615116479165221639516051
 1 8860        3    156951548815167150381592016916165801613215610147241341112095
 1 9860        4    112221086710652106091073911580137591552215855157371557815291
 1 9860        4    148241455814226140731479315794155391512114481135841224610936
 110860        5    10084 9655 9412 9313 946810306124631425414746148121480314600
 110860        5    142471414213878137121425814838145611401713432127301170110641
 111860        6     9751 9307 9103 9006 9111 9430101041103012066127541302112887
 111860        6    123591187611446113671217113479134211297712563119851129510503
 112860        7     9761 9289 9009 8819 8810 8866 9173 960310498111831149111571
 112860        7    1138710922105581047211181123051206411899117121102910205 9404
 113860        1     8784 8523 8457 8475 8708 9617119561383114436144721448914243
 113860        1    139251381413541134591424615261150151453114008131971205111013
 114860        2    10284 998410025100391032311314137031557716105162031624316052
 114860        2    157671566415420154701627017206168971645615870150141377612575
 115860        3    117951157111435114781171112707149921665217050170891704816829
 115860        3    164141619115902157961643917430171951671516134152241386312648
 116860        4    118791147811256112031133812145143101606016374161981597515603
 116860        4    151411487914499143091492416017159211550614980141631284611675
 117860        5    109391062610369104131061911403136151534915714156421540014997
 117860        5    145281428713907136661421214807144741385813248124361139210335
 118860        6     9386 8916 8686 8511 8562 8831 93661017711171117341198611821
 118860        6    1150810821104291028410920120981208011733113441075610049 9247
 119860        7     8720 8272 7922 7770 7755 7854 8294 8854 9915108601123711556
 119860        7    11648112781106211003116371242212104115361107410445 9648 8924
 120860        1     8241 7923 7749 7714 7808 8565102141191512868134681386013908
 120860        1    1363413351131361297213684144841419013685130921216910993 9832
 121860        2     9023 8634 8427 8413 8534 9407116251342513897140131406613952
 121860        2    136941354213219130571364314845147091424213671128371160910362
 122860        3     9590 9201 9035 9010 919110084122971406514433144301422613949
 122860        3    1354713404131371295113619144881438413803132331235511132 9959
 123860        4     9128 8800 8668 8694 8854 9811120821397014449144941444714244
 123860        4    140121392913706136331419315261151661482514317134721226011158
 124860        5    1034410037 9894 98701011311022131901501615404153971534315048
 124860        5    146321442914102138331428115314152601481314292135811259811603
 125860        6    107341031410051 9961 996710239108821185313036138561421014229
 125860        6    139191352813183130621349314309140161342612805121291122210256
 126860        7     9443 8925 8562 8333 8230 8275 8543 9034 9940108911150211919
 126860        7    12001117041137311236115441174711451112281085010530 9776 8925
 127860        1     8343 8060 7861 7828 8007 8826109231288813574139221404114034
 127860        1    139521390813771136441402414892147721425013722128151159210420
 128860        2     9744 9393 9181 9208 943510417126191465315256154911563615474
 128860        2    150741515214953149491548216523163571581215366144311314111959
 129860        3    112161082810648106281083311787138581548815962158951580415558
 129860        3    153251511214889147911536216275161051552315077141361284411543
 130860        4    107171034810137101001029511235133381527615790158171572815410
 130860        4    149311464114320141001455215649156961530114802139021267411418
 131860        5    106461022210016 99551011611012131421490515279152361508814813
 131860        5    144551428514066137771406015016150641460814089133741238011367
 2 1860        6    1057210253 9937 99001000310341110491192512963135151361913354
 2 1860        6    128451238412086120121256613703137071315412670120541132710561
 2 2860        7     9832 9301 8978 8822 8715 8759 9084 940310338110651137111570
 2 2860        7    1155211239109841094911429124911270112403120221149110658 9848
 2 3860        1     9205 8964 8873 8939 913710088123901425814732147401464314445
 2 3860        1    140351387513525133261379115007151101469714149132521205310833
 2 4860        2    10063 9710 9622 9607 984910786130121487515406154271534415208
 2 4860        2    149271485814692145731500815884156341508314505134641220710980
 2 5860        3    10067 9666 9442 9382 943510255122801397914673151081482414745
 2 5860        3    145171432914041138481406414967150611459514045130961189310670
 2 6860        4     9767 9407 9197 9181 939010285125171428514764147551478514577
 2 6860        4    143051415913908138021428715407152601487314896139901276211617
 2 7860        5    108091047810340103281054711381136021538816042161511622315977
 2 7860        5    156631549115172148521509315716156411504814439135901258211506
 2 8860        6    1058710147 9895 9775 979810080106781154912644133841347113185
 2 8860        6    127171226311867117011205813142135821304812577120161132610638
 2 9860        7     9984 9604 9384 9311 9346 9539 98611041711224117471187911925
 2 9860        7    116791125010856107661125712468129351269312299117321090210346
 210860        1     9538 9289 9268 9303 952110395126541453715011149931488014675
 210860        1    142881411613821135931399915005151431462214089131131192710811
 211860        2     9951 9568 9415 9393 957910503126601459715168154401557415453
 211860        2    151211493214573143211461615471155911506814500135371231111149
 212860        3    1041010069 9936 99781016911129131981488115242150961503514866
 212860        3    144361423213931138021416115254155961515214663138581267311494
 213860        4    107031041810302102531049311369135291519515481153641532215063
 213860        4    146591446114146139811428415228156431527214786139991282311636
 214860        5    108501049010305102771049011383134971514515549155831540415147
 214860        5    147681466614407142051440415061152131466714134133531234211134
 215860        6    10361 9873 9555 9440 9480 9703102841119212149127011280512662
 215860        6    121661174411434114581187412836132731275812290118061114710413
 216860        7     9743 9403 9159 9083 9130 9277 96051014410874113591148611706
 216860        7    1159311148107911074811167121781265212321119921160310856 9855
 217860        1     9264 9108 8939 8893 9021 9496106181190412992137531429914374
 217860        1    142201395013698135791406514563144261384313236123951127710289
 218860        2     9522 9171 9004 8928 9090 9851117731361014472149191512715162
 218860        2    149451486914670144621471515228151561455013832130001179510604
 219860        3     9747 9346 9135 9081 9244 9932117071350314336146991478014700
 219860        3    144741431014037138341413914786148651440513828129171175510627
 220860        4     9753 9333 9127 9109 9269 9995117821349614310144751453614269
 220860        4    138101358313316130951336614137144721410013548127201158510447
 221860        5     9509 9099 8865 8780 8951 9651114341320314119145471468814677
 221860        5    145461447014222141111416614418143461388613208124001140510433
 222860        6     9628 9208 8975 8851 8916 9233 98051071211695123141252312336
 222860        6    1185311288108921075011147121021261112287118671126210632 9918
 223860        7     8950 8600 8483 8463 8469 8630 8936 934610218109321149811962
 223860        7    1184111475111681108711347122451281012352118711112610180 9386
 224860        1     9136 8907 8852 8877 912810070121851404914594147441462114340
 224860        1    139551379013519133061377714534148081440313786128781169410511
 225860        2     9665 9317 9157 9089 933810189122361402914544145781458214436
 225860        2    141521405513913137941413214832153651496214460136181250411397
 226860        3    106251030310178102061043111368134601516615609157201558915358
 226860        3    149231471114358141021440415148157561540114929140381280811655
 227860        4    108761046410325103491051311407133811507715493153681516114889
 227860        4    144191417313769134721364014365150751477514216134151222411094
 228860        5    1037210033 9910 98851011811020129931463315098150391486814586
 228860        5    141081388213488131391314613720144071405013544128541192310973
 3 1860        6    10161 9782 9562 9509 9552 9868104251139312270127831282812555
 3 1860        6    119981145310978107551098611840126701230411901114471066110035
 3 2860        7     9445 9022 8818 8702 8719 8866 9156 965410394109301114111255
 3 2860        7    1114410775104211032410632113811238512214118781135610502 9644
 3 3860        1     9163 8927 8884 8944 911310119121971398514436143351420413974
 3 3860        1    135961341213133129061312513789144261409213597127181150610294
 3 4860        2     9581 9238 9153 9130 931910200122021397914413142351406313773
 3 4860        2    133641327813088129241321213811143851401313467125881134610130
 3 5860        3     9339 9002 8833 8844 9031 9915119981376714165140361391713682
 3 5860        3    133511324912989127851300813551142651396713457126691145110298
 3 6860        4     9515 9221 9060 9015 915010071121321395914403144451433414126
 3 6860        4    138251380113629135261393814503146691429313673127321144810301
 3 7860        5     9493 9099 8994 9014 924610115121081386814496146821469314619
 3 7860        5    143781427314039139181409814585153141489414506137631291911990
 3 8860        6    112251086210694106821076711101116731265313654142391431614093
 3 8860        6    135321287612373120161211912808137601344012981123841159910865
 3 9860        7    10150 9713 9525 9281 9271 9417 96461031911307120361244012608
 3 9860        7    1256012083115731132311489121461291712649122491157210675 9867
 310860        1     9327 8993 8929 8936 9091 9968121261409814888151221522715090
 310860        1    148191467814378141181437814744150331454413954129451166310415
 311860        2     9590 9135 8934 8825 8914 9644115051325613909138631387813730
 311860        2    134921334513056128401303113433142071395613434125981138510183
 312860        3     9373 8977 8857 8880 9068 9961119081363914018139401386013616
 312860        3    132081313312938128311320913721141501381713324124071127310001
 313860        4     9245 8872 8708 8669 8798 9660117181368714436146451479814828
 313860        4    146461451714291141231436814571147891443113753128511149010419
 314860        5     9490 9042 8841 8725 8909 9654116941359114295144471447814359
 314860        5    141201403013843136961385014052141801373113142124761124810283
 315860        6     9422 8877 8570 8399 8446 8688 92801032111480121971235712090
 315860        6    11536109811049210217103221086211749114881104910518 9842 9084
 316860        7     8488 8003 7717 7567 7541 7710 7857 8541 9504101671047310550
 316860        7    10377 9941 9604 9638 99951060911399113411109210415 9665 8901
 317860        1     8304 8023 7918 7896 8152 9030109871284713411135731358813387
 317860        1    1307412927126471235512431127961352213372128811204310895 9696
 318860        2     8905 8528 8349 8317 8493 9311112431297713441134201335313091
 318860        2    1275812669124191216812264125731342613284128071190510706 9542
 319860        3     8784 8386 8211 8134 8268 9087110691309913989142711431114123
 319860        3    1384213731134921323113346133731366913335127321179210617 9435
 320860        4     8617 8207 8085 8045 8270 9110111381306113787139241398013847
 320860        4    135001355913234130571330813741144841442914039133591219611163
 321860        5    104701020310099101361038511217130301481115312152351509614804
 321860        5    143231406913562131981309213316141781408013640129821201211073
 322860        6    10352 9914 9753 9673 973310034105521146112359128581288012501
 322860        6    1192511297108241051210662111541214912160117151121610601 9917
 323860        7     9239 8816 8620 8499 8546 8607 8807 937810041104511058310606
 323860        7    10386 9949 9576 9453 97071033011423115521129510644 9855 9084
 324860        1     8553 8348 8266 8264 8513 9345113031311913744139361396613836
 324860        1    134751335312995127161284113072138561383813356125561135310279
 325860        2     9532 9238 9040 9016 919910005119031353913968139841382313653
 325860        2    1327913112128401259112693129071357513473129311206110770 9595
 326860        3     8821 8394 8199 8124 8291 8994109141259513049130781307412860
 326860        3    1249712450122451197811982120711283612815122911140810202 9009
 327860        4     8237 7826 7639 7571 7686 8395102981222312925130791318013136
 327860        4    1296612991128881275012952130621333413047124731162810463 9331
 328860        5     8516 8080 7910 7785 7888 8417 97171121011944122301220711973
 328860        5    11592113601106010786107201093311740116911135010676 9828 8933
 329860        6     8180 7727 7529 7378 7392 7531 8007 911310141107301076510572
 329860        6    10133 9719 9416 9277 9446 9813106841074210370 9838 9100 8258
 330860        7     7536 7051 6796 6645 6648 6658 7016 7838 8605 9056 9129 9104
 330860        7     8932 8501 8123 7898 7943 8190 9187 9719 9631 9119 8312 7560
 331860        1     7083 6848 6757 6776 6873 7569 94781153212347127091276712763
 331860        1    12485124471223211923118571184612480126381214011131 9929 8721
 4 1860        2     7987 7636 7543 7486 7687 8308102941210412640127391275912616
 4 1860        2    12311123081215411837118471195012501127021212211157 9881 8705
 4 2860        3     7990 7605 7430 7356 7485 8109 99701200712521127301279712736
 4 2860        3    1252712503122731198011972119941241712663121651123310024 8881
 4 3860        4     8106 7732 7551 7523 7659 8332102661205912620127041273712652
 4 3860        4    1234512243120671187111779117921246712733122301141910206 9085
 4 4860        5     8345 7925 7767 7712 7897 8558104911237012929130071304912956
 4 4860        5    1267412728125131232012295124871285712612119271113110146 9164
 4 5860        6     8490 8008 7801 7671 7732 7847 8478 947810521111441107110933
 4 5860        6    1048410077 9695 9551 97861031011181112301076410194 9445 8733
 4 6860        7     8099 7697 7476 7350 7400 7392 7636 8434 9412102161068810986
 4 6860        7    11057107731051610481108581116911658114981107010404 9529 8714
 4 7860        1     8082 7786 7647 7607 7747 8531106131279813536136411361913514
 4 7860        1    1320913077127981264212785128591317613118125801165110375 9257
 4 8860        2     8489 8071 7910 7835 8005 8750107271283713569137131376213619
 4 8860        2    1344613375131051295713036130481337713253126281175010487 9307
 4 9860        3     8507 8113 7978 7922 8130 8776108181268613238132051323913115
 4 9860        3    1285012785125321248812710129521333813287127341185010563 9416
 410860        4     8611 8254 8081 8006 8139 8782108231269313214133351335513229
 410860        4    1301412903127451255312694128841331313334128021193610585 9612
 411860        5     8775 8411 8244 8191 8341 9027109831278513346134991345713293
 411860        5    1305112965126821239312409124161277912834123641162310664 9709
 412860        6     8857 8372 8150 8077 8101 8188 8847 989110914114811159911416
 412860        6    11006105621022310053101591035110917112341085710244 9611 8883
 413860        7     8285 7859 7673 7566 7578 7470 7764 8355 9109 9598 9759 9779
 413860        7     9597 9160 8822 8728 8990 9384102051073310470 9922 9059 8290
 414860        1     7780 7523 7490 7470 7698 8386103711225912905130121303112873
 414860        1    1255112464122091194611896118411221712630122241130810076 8985
 415860        2     8249 7877 7758 7728 7909 8516104611206612737128211282612617
 415860        2    1238912370121341187511904119721232412632121551127510022 8914
 416860        3     8183 7822 7673 7616 7743 8384103351237013100132501327713146
 416860        3    1286312787125261230312439125981291513002124741163010414 9220
 417860        4     8424 7997 7863 7778 7893 8476104241224812925130491301812894
 417860        4    1267312621124161213612145121571252312788123711151410260 9110
 418860        5     8295 7880 7723 7669 7757 8383103171214912793129311294312833
 418860        5    1250812410121121176111567113981171812160117521107910055 9096
 419860        6     8302 7837 7609 7555 7532 7568 8213 917110164106441071110495
 419860        6    10075 9645 9310 9143 9271 9510100101059010272 9703 9071 8387
 420860        7     7768 7376 7174 7112 7065 6999 7273 7873 8645 9113 9245 9262
 420860        7     9129 8775 8491 8399 8672 8984 962810224 9993 9403 8607 7885
 421860        1     7368 7116 6987 6926 7058 7510 90761096312057124961269012728
 421860        1    12538124621230912229125421263812639125111188010996 9887 8839
 422860        2     8133 7689 7489 7455 7569 8156 98161164212484127141281312678
 422860        2    1243912421122301196711957119611222012492120411122710054 8791
 423860        3     8130 7754 7590 7543 7705 8309101621188113377137591393813952
 423860        3    1369313618134371317613366133961339013315128241194110736 9641
 424860        4     8740 8324 8081 7965 8070 8556102851199512752129491304812955
 424860        4    1263912609123691204411940117301190812453120901132410192 9069
 425860        5     8251 7831 7657 7559 7651 8199 97841171112623129481297612993
 425860        5    12690126001235811961118381162511753120241163910918 9896 8942
 426860        6     8082 7589 7273 7078 7103 7142 7743 8836 9956106681091710873
 426860        6    1047610041 9759 9602 9690 9958102831060310285 9691 8918 8185
 427860        7     7734 7327 7222 7074 6891 6848 6781 7023 7817 8656 9276 9701
 427860        7     9755 9528 9202 8949 8991 9112 9226 945110115 9857 9094 8100
 428860        1     7454 7131 6936 6893 6983 7649 94631150612432127551295212954
 428860        1    1271012707124631218812085118451148111463120831147410268 8967
 429860        2     8085 7633 7399 7268 7337 7931 96901177812581127561287212815
 429860        2    1262912655125501227212150119091153111537120601141810208 8942
 430860        3     8091 7645 7447 7322 7406 8032 97331181812610128691300212976
 430860        3    1274312725125491224312126118841150411436120361147210300 9014
 5 1860        4     8146 7714 7477 7374 7469 8076 99051186812630128181292312857
 5 1860        4    1267912688125361223112101119411175511769120451140510210 8954
 5 2860        5     8086 7650 7429 7344 7421 8029 97381172212494127241282812728
 5 2860        5    1242312370120811172411567113311110811132116431114310283 9207
 5 3860        6     8418 7968 7730 7605 7617 7750 8241 931110374109721114710912
 5 3860        6    1052010125 9759 9566 9626 9760 9860 99791055810203 9565 8799
 5 4860        7     8189 7777 7539 7405 7363 7349 7566 8152 8986 9664 991110054
 5 4860        7     9916 9537 9145 8937 8998 9096 9179 95091034710029 9134 8257
 5 5860        1     7631 7365 7244 7183 7335 8073100681224613068133631341113297
 5 5860        1    1299812943127011245912466122651195911912122001143310188 8972
 5 6860        2     8070 7657 7440 7290 7401 7980 98521193312723130231317113187
 5 6860        2    1301613043128951259112548123221196611870121961154810241 8975
 5 7860        3     8134 7699 7536 7412 7488 8163101121221713008132511342613330
 5 7860        3    1320413111129111270812688125251219912048123181168210406 9133
 5 8860        4     8262 7863 7635 7537 7623 8241101261224913080132891342513355
 5 8860        4    1315213121129371272712732126661247112409125121183610646 9363
 5 9860        5     8527 8175 7948 7831 7969 8614104861253613245133471326413091
 5 9860        5    1279812708123361193811652113551104710935115421120510335 9286
 510860        6     8432 7948 7674 7517 7538 7623 8174 919710155107261075110513
 510860        6    10140 9740 9415 9252 9302 9428 9367 9361 9941 9754 9063 8247
 511860        7     7542 7096 6867 6720 6714 6658 6839 7552 8425 9009 9219 9259
 511860        7     9125 8858 8563 8393 8435 8513 8570 8837 9729 9674 8802 7990
 512860        1     7420 7157 7062 7072 7187 7895 99431214712938132651341613355
 512860        1    1315513097128361264212618124101205811936122721156810323 9066
 513860        2     8170 7809 7620 7495 7595 8164100371196812605127531285512748
 513860        2    1251312563124851212512071118121137511140117081130010082 8806
 514860        3     8010 7608 7423 7372 7479 8080 99891192312541127171279812725
 514860        3    1250412556124001218112113117551140911192117891131510143 8871
 515860        4     8036 7656 7457 7371 7507 8075 99461191812621128181291612833
 515860        4    1261812656124871221212129118311142211218118441142010209 8938
 516860        5     8085 7656 7455 7351 7406 7962 97651175312589128381297812963
 516860        5    1276412774125341235412142118081150511335115531106410056 8947
 517860        6     8107 7599 7296 7087 6992 7128 7623 8718 9895106371100010965
 517860        6    106341031510023 9926 999010042 9996 98361026910096 9375 8443
 518860        7     7731 7258 6931 6691 6646 6481 6709 7483 8478 9289 9612 9769
 518860        7     9817 9578 9467 9496 9628 9785 9795 98881066610573 9679 8638
 519860        1     7934 7588 7375 7223 7268 7786 96681194713157138861437014561
 519860        1    1455414793147161448114304138221320312800131401260011207 9793
 520860        2     8755 8274 7967 7766 7785 8267101441226413256136591395413998
 520860        2    1391314011138611362913489131201255612309125171196710660 9349
 521860        3     8432 7951 7732 7631 7709 8252101061221713138135511383913904
 521860        3    1379713768135981343813398130401260812318125001189810677 9338
 522860        4     8456 7965 7739 7566 7630 8199101241217213112134991375513716
 522860        4    1355613528133381316213051128041247412250123951181310567 9300
 523860        5     8476 7894 7615 7457 7538 8060 99491196612926132821347913520
 523860        5    1335313390131631276612503121021180811525115881109110119 8849
 524860        6     8053 7526 7228 7009 6957 6902 7297 8273 9439102611058910564
 524860        6    1036910097 9819 9660 9733 9822 9797 9707 9970 9658 8983 8115
 525860        7     7428 6946 6656 6466 6402 6295 6550 7190 8145 8892 9216 9327
 525860        7     9261 8994 8722 8609 8671 8740 8713 8716 9235 9300 8635 7772
 526860        1     7105 6653 6432 6282 6269 6250 6610 7407 8375 9111 9417 9482
 526860        1     9329 8980 8766 8651 8808 8922 8870 8989 9653 9654 8747 7725
 527860        2     7147 6851 6715 6662 6813 7397 93761150212438128331306813141
 527860        2    1308913297132161306713027126821217511931122581186710578 9204
 528860        3     8342 7885 7639 7524 7592 8129 99991206812985134701377013882
 528860        3    1386214004139181368713589130461252312094123721217110830 9411
 529860        4     8267 7799 7652 7476 7560 8001101121200012969134641379213907
 529860        4    1380814018139701385613812133791284212501128261249811261 9922
 530860        5     8915 8400 8088 7899 7948 8380101311237413496142601451714709
 530860        5    146711487214820146211442613867132711287213008127161164710393
 531860        6     9318 8676 8318 8040 7904 7835 8421 960610942119731233712226
 531860        6    11894115911128711078110371103110802105161080910765 9828 8847
 6 1860        7     8087 7547 7268 7047 6968 6809 6962 7598 8566 94621005610546
 6 1860        7    1071410698106161070210819108451082110771111481112110126 9129
 6 2860        1     8383 7988 7752 7676 7707 8263100481215313141134611365713599
 6 2860        1    1333213301130011272312629123271172611317115261133910182 8905
 6 3860        2     8095 7655 7452 7380 7449 7948 98471178312507127131267212811
 6 3860        2    1261412624124671224812263119891150611166115101140010240 9020
 6 4860        3     8125 7671 7408 7327 7425 7852 97591170712580128911305413087
 6 4860        3    1298613150130191290112803124261183311506117201169210450 9147
 6 5860        4     8278 7801 7567 7455 7506 7934 97661191412856133681366813768
 6 5860        4    1377113885138071366413602132621283212581126401213310901 9646
 6 6860        5     8676 8124 7859 7728 7772 8326100011213613169136081383413831
 6 6860        5    1352913493132091290712737124341204211660116011111310153 9039
 6 7860        6     8213 7668 7354 7146 7115 7194 7664 8747 9903108261121011278
 6 7860        6    109891062910337101741024610401103101013710236 9936 9282 8455
 6 8860        7     7745 7230 6932 6745 6664 6562 6770 7426 8378 9290 988810334
 6 8860        7    1048010350101781013810324104151035610261106401096510002 8854
 6 9860        1     8030 7597 7386 7236 7290 7742 97111197412825134071361113622
 6 9860        1    1342713507133831315813105127101212911725118791178610563 9205
 610860        2     8285 7818 7555 7421 7479 7908 97891186012818133281360513728
 610860        2    1357813822137551355913463129881235111929121301202410775 9412
 611860        3     8523 8036 7774 7634 7758 8339101221227913242136501394814087
 611860        3    1384814003139101376613733133681279812342123231192910729 9345
 612860        4     8535 8054 7738 7604 7676 8179 99731212213053134301362213668
 612860        4    1350513535132641305012990128261243912176120591155910501 9140
 613860        5     8266 7833 7606 7485 7547 8071 98611193712710130371324613186
 613860        5    1293612918126781244612219118911145211201113061109210173 9201
 614860        6     8211 7649 7351 7132 7102 7063 7643 886810111109281122211154
 614860        6    10840105381033710223103361041110272 99981019810337 9624 8699
 615860        7     7921 7344 7058 6845 6752 6536 6803 7515 8494 9355 982210110
 615860        7    1016410011 9896 991710067101421010410115106951104910227 9148
 616860        1     8406 8049 7789 7722 7764 8314101891255313956146601517715324
 616860        1    152621538715281150951495514428137471330513372129531167210242
 617860        2     9239 8707 8330 8194 8253 8574102401214013062134581369513606
 617860        2    1346213473133301314113046126561205711616116981166910463 9143
 618860        3     8247 7791 7584 7423 7495 7897 96631160912636131161332513344
 618860        3    1317413217131031287112769124321187911484116311158510458 9149
 619860        4     8283 7783 7588 7444 7495 7937 95971162712685132381355313619
 619860        4    1349713637135331334013216128261229011966121041188610745 9435
 620860        5     8538 8050 7818 7653 7730 8239 97521180013062136871400614081
 620860        5    1377913683133881293112686121941168411265112461121610333 9168
 621860        6     8273 7708 7422 7222 7155 7130 7719 8798 9969107671101010921
 621860        6    105661025410005 9896 994810013 9843 9634 9801 9914 9243 8376
 622860        7     7641 7149 6801 6669 6615 6388 6690 7360 8293 9077 9494 9704
 622860        7     9733 9557 9377 9354 9527 9643 9536 9504 991410263 9526 8567
 623860        1     7877 7529 7357 7240 7377 7819 94781169713082137931430814522
 623860        1    1447214587145651443914432139291317612589125251243711204 9749
 624860        2     8827 8292 8007 7861 7795 8153 97731190913223139851442214543
 624860        2    1432014267141231392013872134051276912226121681195710789 9407
 625860        3     8499 7969 7670 7510 7530 7901 93581145412508130071327613315
 625860        3    1313913146130181279112688123341178511331114031140610274 9049
 626860        4     8223 7743 7537 7420 7471 7866 93521125312358128681322813315
 626860        4    1315413259131591303712916125641205111655117421174610672 9368
 627860        5     8501 7976 7724 7561 7633 8049 95061153312779135131401614274
 627860        5    142451432914254140001376513281128291245212501122301122210116
 628860        6     9119 8481 8108 7896 7819 7900 8430 951010811119401241512448
 628860        6    122801211111927118801190111956118001152711613117621101910000
 629860        7     9145 8446 8028 7768 7592 7342 7574 8250 9190100161050210763
 629860        7    10810105591043910413105681056010428102221033510542 9760 8747
 630860        1     8021 7610 7417 7305 7320 7611 90981104712435131541347113566
 630860        1    1341313471133431313413067126981212811648116911165810490 9281
 7 1860        2     8277 7776 7568 7402 7413 7739 91531109712278129491326513389
 7 1860        2    1325713349133401325413219127791215111666117481175310719 9387
 7 2860        3     8362 7844 7641 7469 7550 7991 93221107012235129531333913449
 7 2860        3    1334813037127531247412493122651180511417114051114910108 8899
 7 3860        4     8020 7545 7306 7152 7160 7532 88551071611919124601279712881
 7 3860        4    12670126631241412030117861150511094106971057510432 9593 8570
 7 4860        5     7632 7015 6712 6498 6426 6287 6581 7271 8481 9063 9041 9370
 7 4860        5     9446 8944 8122 8192 8443 8290 8341 8312 8535 8637 8338 7820
 7 5860        6     7182 6754 6554 6424 6347 6359 6615 7378 8517 95841017910494
 7 5860        6    1054110418102951029110551107191067810541107381077310182 9313
 7 6860        7     8537 7950 7592 7344 7183 7095 7166 7795 8777 97421039110736
 7 6860        7    1086110635104481040810527105971049910423107101069810101 8984
 7 7860        1     8189 7769 7516 7398 7471 7901 93281145613063141591495415405
 7 7860        1    156071598916003159611595115565151071469614881147771360112060
 7 8860        2    1084110153 9734 9445 9296 9465108531295614357150931548115598
 7 8860        2    154721557615551154091532814903142701372413720136811251911042
 7 9860        3     9985 9339 8982 8729 8821 8941104801237113587143801476314972
 7 9860        3    149591515615017148571477214349137301323513222131151196210457
 710860        4     9341 8674 8303 8023 8005 8249 96701165312808134641366613717
 710860        4    1358513592135351337413334129481242711934119231178810711 9414
 711860        5     8467 7937 7622 7418 7473 7728 91041106512272129071315813239
 711860        5    1318713187130711285512676123321180511385114081136610335 9379
 712860        6     8327 7763 7483 7297 7231 7264 7692 8570 9609105131094311104
 712860        6    11018107491039510250103251047110297 997710132 9871 9188 8494
 713860        7     7833 7335 7018 6800 6728 6682 6781 7370 8285 9211 979810098
 713860        7    10200 9943 9698 9555 9683 9881 9870 9813 9995 9744 8986 8178
 714860        1     7556 7212 7050 6953 7084 7579 90441101612324131031353613746
 714860        1    1366513736136271346213445131401257112090120541182410705 9434
 715860        2     8345 7663 7714 7793 7643 7974 94621157712799135091395013997
 715860        2    1393514020139011379313754133871274612313124761229011154 9790
 716860        3     8767 8240 7879 7693 7769 8172 96091169413006137681416214311
 716860        3    142291436714302141351407413637130611260212634125941140910035
 717860        4     8971 8421 8142 7945 7980 8333 98111191113303141161468114863
 717860        4    148691499314911146661448914026134771303413129129321176910492
 718860        5     9412 8837 8489 8260 8324 8754101211225413725146371520315527
 718860        5    154561558915528152871508814585139421353013516132041215010864
 719860        6     9834 9123 8689 8438 8336 8335 8758 972810885118411231112369
 719860        6    1206211866116491152011551115581132311113111841102010242 9373
 720860        7     8544 7987 7626 7390 7286 7205 7322 7901 8804 96091016610471
 720860        7    1064610504103341027210390104491051210426108371073710053 9165
 721860        1     8497 8128 7954 7888 7993 8514100341237513993149431548515575
 721860        1    155741563715588153451524714813141471349213555132961206810628
 722860        2     9560 8907 8516 8298 8257 8618100161199713247138681432614466
 722860        2    144561461014618144811449014104134211281312925127011156810190
 723860        3     9229 8621 8324 8127 8179 8571100341210613577144311501915216
 723860        3    151841535615316152711521714841143081367113802136391238310904
 724860        4     9782 9141 8784 8527 8513 8849102681241513902148221543315771
 724860        4    158251594315993157871570215204146001403414107138081252711103
 725860        5    10107 9537 9168 8957 8925 9301107241289814378152341574515913
 725860        5    158691604416028158331550014984142561378713691133871235511063
 726860        6    10108 9452 9059 8794 8708 8777 91981032311668127501331813547
 726860        6    133891324413114130651304712941125881224312387121211133310320
 727860        7     9551 8966 8600 8365 8210 8164 8241 8771 9649104971115711644
 727860        7    1174911548113521130411412115121138511294116691162910847 9802
 728860        1     8970 8534 8289 8192 8287 8795102071229713693144801491915115
 728860        1    151141522215188150741504714663139901349213664132181201110610
 729860        2     9644 9098 8776 8623 8646 9135105121243613825146381516615340
 729860        2    153181535115296151041491714443138651345513420126041151210064
 730860        3     9216 8617 8393 8206 8293 8800101931227213470140661459414668
 730860        3    1443914408142991375613536133641284712452123711172210651 9419
 731860        4     8592 8004 7752 7638 7703 8177 95351146612621132581365513710
 731860        4    1354713487133301305012941127021229711984121881172410599 9402
 8 1860        5     8547 8073 7784 7646 7722 8231 95861148712852135281395414013
 8 1860        5    1394114007138831367213431129751244612090122821174910761 9687
 8 2860        6     8764 8156 7780 7586 7520 7609 8073 900510323113451191512089
 8 2860        6    1198511843116961163211743118401163711377114481110310289 9422
 8 3860        7     8685 8161 7807 7619 7455 7448 7516 8031 8994 99521067611122
 8 3860        7    1122911090109661088311030110901101410995114971150310665 9601
 8 4860        1     8847 8365 8146 7953 8005 8427 97961189413433142831478714883
 8 4860        1    147601490714874146351461014206136041305613347128621159210158
 8 5860        2     9119 8557 8259 8067 8079 8483 98361183613201141271445114492
 8 5860        2    145921475814714146381459714168135711307713405129101163610258
 8 6860        3     9254 8686 8395 8225 8247 8712100381217113479142581479315081
 8 6860        3    150681525015210150281494714519138271342613703131941196110648
 8 7860        4     9671 9078 8788 8579 8642 9128105491254513950146961516115311
 8 7860        4    152171528715097148571459814207135691329913344127701180310546
 8 8860        5     9573 9017 8730 8499 8583 9086104411255614080150821554115716
 8 8860        5    155711560615307149111461514048135391314813264127491174810575
 8 9860        6     9549 8920 8521 8356 8200 8277 8621 978611031122331285912961
 8 9860        6    1267612513124351226912334121271186411497118161150310645 9706
 810860        7     8833 8257 7894 7627 7497 7348 7426 8130 9158100091049010787
 810860        7    1094410776106771069410888109811088210892115571138710589 9633
 811860        1     8896 8460 8282 8151 8242 8844101651228813912149481554215676
 811860        1    155811556215358151601499214437137031322213502128371154110125
 812860        2     9211 8647 8353 8151 8151 8665 99261180013008137881412714253
 812860        2    1413314248140941392813819135041283812445128391224110996 9767
 813860        3     8801 8225 7952 7830 7848 8366 95961155812813136081408014162
 813860        3    1404414233141851391713734133921275312377128081215511020 9640
 814860        4     8769 8207 7945 7810 7862 8375 96811161512922137591418614355
 814860        4    1429814384143661404113948134991291412608129231235711173 9825
 815860        5     8917 8356 8089 7920 7939 8454 97091163012996138891429814502
 815860        5    144261454414470141331390313383128901254312862122381123510070
 816860        6     9103 8590 8243 8031 7958 8145 8513 949410785118441235312434
 816860        6    1222911876116481151111529116311151511430119081151810758 9837
 817860        7     9058 8465 8153 7916 7802 7780 7866 8480 9520104921113611613
 817860        7    1166811512113351118411346114661140911531118561152010781 9758
 818860        1     9036 8567 8350 8234 8294 8978103831251713998149091541215514
 818860        1    153191517314975146561455514227136411325013392125591135710104
 819860        2     9144 8636 8350 8228 8291 8870102941225613666143641478214781
 819860        2    146971457014562143831426414056133921309713408126131143710097
 820860        3     9207 8674 8403 8204 8258 8788101451214113484142851466914747
 820860        3    1477014845146621445114352137831324712908132581261011320 9989
 821860        4     9052 8531 8226 8053 8084 8646 99821194813215138931426514375
 821860        4    1418714242141751379113637133551296712942129091212710975 9705
 822860        5     8840 8345 8083 7920 7987 8514 97981172113118139411442814551
 822860        5    1441914479143011398813699132051263412353126221187610802 9635
 823860        6     8745 8168 7800 7568 7529 7661 8012 903810078109651138411498
 823860        6    11212109241064310609106981082510732108581101210491 9741 8932
 824860        7     8260 7761 7498 7294 7177 7160 7145 7818 8899 96981005010174
 824860        7    10123 9878 9733 9418 9508 9615 9615 970210305 9894 8926 8242
 825860        1     7620 7257 7099 7038 7135 7769 91381103512321132971347113387
 825860        1    1347013467134621317213040127301225012139124551168210498 9233
 826860        2     8357 7916 7654 7553 7627 8198 94911144612645133111368413793
 826860        2    1372013858138011363113560131781264412678128301204510922 9636
 827860        3     8793 8295 8132 7976 8065 8678102541221713649143411480114982
 827860        3    1485514974149171469314565140321346913359134021257711321 9992
 828860        4     9107 8476 8055 8001 8004 8535 98881175012868133981376613699
 828860        4    1343013350130671275012597122751189111881121641151210394 9188
 829860        5     8344 7843 7595 7485 7575 8113 94461132612358129341308013058
 829860        5    1279512767125131212811897116331136711433116881099510019 8978
 830860        6     8109 7600 7328 7167 7117 7250 7559 8450 9497102591051910430
 830860        6    10174 9877 9629 9514 9624 9767 9723 995610232 9772 9048 8242
 831860        7     7539 7050 6805 6593 6539 6629 6624 7220 8162 8906 9289 9494
 831860        7     9429 9164 8962 8875 8995 9129 9081 9364 9809 9379 8733 7947
 9 1860        1     7286 6855 6619 6480 6463 6517 6625 7267 8260 9221 9695 9837
 9 1860        1     9737 9406 9170 9118 9324 9518 9494 998510385 9811 8900 8031
 9 2860        2     7395 7076 6940 6875 6993 7684 93581136812542132561371013852
 9 2860        2    1375913877137951358013451132161279413001130871211110829 9448
 9 3860        3     8549 8065 7851 7733 7797 8483103711233513191136691397414012
 9 3860        3    1377313712135301329213279131621288312898126311167510384 9166
 9 4860        4     8291 7860 7646 7577 7608 8345103041230113109134891370713653
 9 4860        4    1346213434133091301813045128491259012803126311171810445 9187
 9 5860        5     8348 7902 7663 7544 7612 8320101571207612977134381368513704
 9 5860        5    1354113611134431321413019127691247212543123111149910516 9381
 9 6860        6     8548 7984 7677 7455 7464 7661 8177 913610421113141185211864
 9 6860        6    11533112241098510838108251080010629109091098910398 9570 8682
 9 7860        7     7960 7454 7117 6919 6815 6871 6983 7508 8494 9292 9737 9969
 9 7860        7    10040 9751 9536 9438 9504 9601 96381022510417 9852 8980 8102
 9 8860        1     7489 7159 7119 6999 7179 7933 98741184012613131961328313282
 9 8860        1    1308413134129781277912765125651217612485124091150510192 8955
 9 9860        2     8147 7699 7491 7366 7448 8208101351202912743130451324413238
 9 9860        2    1310513270131661301512960127131232812650125541159810262 8964
 910860        3     8144 7714 7474 7360 7496 8185101271197612757131651341413478
 910860        3    1336013438133411318913129128641250412867126701176010471 9239
 911860        4     8456 7951 7753 7625 7749 8457104751249913391137861411314236
 911860        4    141771438114314141471410313822134641384713605126611135810051
 912860        5     9097 8597 8315 8173 8258 8983110071302514144147481498115055
 912860        5    1484214902146361436114125136191318013361129701210210975 9762
 913860        6     8801 8182 7771 7558 7480 7690 8059 910110330111701141311292
 913860        6    10936106091037510227104171043310436108151073610132 9347 8514
 914860        7     7834 7316 7045 6829 6737 6791 6929 7555 8549 9249 9585 9767
 914860        7     9748 9476 9259 9134 9312 9517 96591035510433 9787 8958 8093
 915860        1     7523 7224 7072 7048 7181 7941100451203112913131601333513249
 915860        1    1305513090129731268712731125221234412818124781149310197 8985
 916860        2     8168 7755 7557 7509 7580 8240102691218612890132201335413292
 916860        2    1306013022128091261312619125551239412771125241159210269 9044
 917860        3     8250 7858 7663 7578 7694 8459105171236612940130981314413067
 917860        3    1283012889127191255612486124031222812711124711153510278 9037
 918860        4     8223 7831 7636 7543 7666 8429104691231912927131011321113119
 918860        4    1296113005128391263912583125281258712884125421162710337 9101
 919860        5     8266 7852 7622 7491 7584 8330103331232113092134101355713465
 919860        5    1326513293131421279212602122931214012529121041129110271 9126
 920860        6     8252 7761 7458 7264 7261 7447 7962 894910268111061145111368
 920860        6    11017107061046310268104501069710895110241059610012 9234 8391
 921860        7     7776 7568 7521 6898 6808 6899 7136 7648 8669 95611006810392
 921860        7    1043710093 9787 9625 9770 9986102241072910558 9859 8954 8131
 922860        1     7447 7234 7067 7023 7161 7882 98431183512690129911318113088
 922860        1    1285412896126891243412569125911268512904123201137810092 8928
 923860        2     8170 7754 7544 7425 7520 8290103281230813127134731373813739
 923860        2    1362213769136001345313571135951339113382128241178010556 9267
 924860        3     8425 7974 7719 7623 7736 8597105941248013242135621380713884
 924860        3    1370813647135241341213367131331301013072125601180510566 9281
 925860        4     8366 7958 7689 7572 7669 8375103821222412966133851353013544
 925860        4    1343413507133891316013067128291278513274127051177910500 9266
 926860        5     8368 7933 7676 7540 7624 8319102411218312964132961350413445
 926860        5    1325413281130841283212752125311266212817122961140810407 9317
 927860        6     8428 7862 7530 7337 7304 7509 8074 904410332109471124111118
 927860        6    107301032610031 9813 986610104103971085910482 9929 9177 8217
 928860        7     7706 7266 6992 6856 6773 6888 7146 7713 8784 9381 9682 9833
 928860        7     9781 9493 9227 9147 9324 9666101931078910472 9843 8930 8090
 929860        1     7499 7178 7083 7008 7152 7882100611207212963133761364313714
 929860        1    1357113778136131345313512134231348513608130261198510644 9406
 930860        2     8506 8060 7817 7733 7840 8636107801277213632141321446314592
 930860        2    146381481914832147061467714317143571469514077130051167710258
10 1860        3     9347 8849 8708 8523 8730 9449111571328013867144081477614547
10 1860        3    1451114541143481407013900135141345913731130671211010769 9465
10 2860        4     8586 8086 7873 7720 7856 8523105601246013212135771375413703
10 2860        4    1349513519133901314313257132161338213359126941177810507 9200
10 3860        5     8343 7922 7689 7563 7646 8356103571216212934132111336213328
10 3860        5    1310513099129291286112784127751295212763121751136910328 9258
10 4860        6     8443 7907 7630 7428 7397 7624 8201 914510405112771161511586
10 4860        6    11289110721068910524106041092411399114461103710417 9605 8720
10 5860        7     8002 7444 7117 6881 6799 6843 7099 7584 8625 9437 9804 9992
10 5860        7     9995 9731 9440 9332 9453 9743103721084910559 9917 9083 8230
10 6860        1     7579 7260 7173 7110 7271 8088102741234913091133221346913381
10 6860        1    1313713080128821266412726129271327013485129201194210680 9414
10 7860        2     8566 8193 7977 7954 8148 8958112281305713594136611363313467
10 7860        2    1312213011127941252112548126581308813412129041198110732 9486
10 8860        3     8661 8354 8175 8098 8222 9077112711306813558134891349913355
10 8860        3    1304813027128121260312624125961306513170126301169710374 9254
10 9860        4     8337 7877 7679 7558 7650 8469104961244113078133731349213500
10 9860        4    1345613506134181317413166131181340313372127091174210467 9123
1010860        5     8351 7949 7712 7621 7773 8563107331267013362135341357513344
1010860        5    1303812940126731236612284122201267112864125321178110829 9813
1011860        6     8937 8424 8225 8090 8116 8402 90571005811164117101171511392
1011860        6    109081048010116 9893100001036311105112991094710409 9648 8936
1012860        7     8316 7734 7485 7375 7313 7443 7751 8316 9308100461026010302
1012860        7    10159 9796 9468 9343 9526 9885105041073010450 9859 9109 8333
1013860        1     7672 7322 7142 7080 7150 7598 87271001011030117891221612272
1013860        1    12112119401176911707120061223112563123871182010987 9909 8846
1014860        2     8114 7707 7515 7435 7517 8264104451248413243135571379613805
1014860        2    1367013631135061327013321132631366213454128731185510676 9446
1015860        3     8422 7892 7661 7544 7688 8488105871248913064132501326913196
1015860        3    1292812934127291252912558126441320513213127751186610723 9500
1016860        4     8618 8197 8033 7918 8099 8942110831305813631136651359413385
1016860        4    1309813080129451268912756131041344713338128441199310725 9431
1017860        5     8632 8203 8017 7914 8059 8816109091288513544136321369713520
1017860        5    1329713276130791276012775128611330813014124421170410687 9605
1018860        6     8693 8215 7922 7776 7778 8070 8792 979710908114901162011371
1018860        6    109301051510141 9967100921050711414114041106310513 9874 9219
1019860        7     8473 8051 7758 7678 7638 7793 8152 8724 9657102761042110458
1019860        7    10249 9795 9419 9268 9450 993810994112211092310226 9474 8719
1020860        1     8042 7648 7536 7489 7678 8532108291283513487136521360613445
1020860        1    1312213058127941258112594127131347313370126961178110545 9313
1021860        2     8454 8128 7936 7897 8000 8798110731298813514135261350513340
1021860        2    1310213037128541266212787129921357613352126361168610509 9231
1022860        3     8331 7920 7738 7655 7775 8564107461263113203132451331813201
1022860        3    1298712970127771250312463126211332013191125591163610454 9261
1023860        4     8371 7886 7697 7568 7684 8436105921248113032132711337713305
1023860        4    1309513138129641275012812130121352813262126811167210543 9397
1024860        5     8482 7954 7727 7624 7696 8452106151254613139132561329913163
1024860        5    1284612827126001222012081121611300712732122101147110553 9540
1025860        6     8700 8239 8060 7955 8002 8280 90231005511226117801180411505
1025860        6    108981044110051 9850100181062411563113411089210310 9667 9062
1026860        7     8520 7608 7250 7179 7185 7378 7836 8781 9665102781055310672
1026860        7    105381029910120102671105611935115821113710643 9922 9115 8393
1027860        1     7822 7585 7458 7428 7629 8535108221277413582138331394513908
1027860        1    1370713661135011336813858145661405613485127251179210637 9548
1028860        2     8593 8075 7835 7759 7913 8692107921260113203133401341513376
1028860        2    1312713183129241269913128141421386913230126001159510312 9170
1029860        3     8410 8041 7906 7838 8075 8938110251282513252132811324513137
1029860        3    1289612870127161251612943140421379713229125821160910315 9079
1030860        4     8290 7906 7682 7612 7740 8586105931236112940131621324813123
1030860        4    1285012877127051256113126139501384813278127621199410740 9549
1031860        5     8755 8407 8256 8257 8454 9359114741329613731137741361613396
1031860        5    1302112865126291247312838137891354013014125731183810855 9843
11 1860        6     9056 8578 8370 8243 8251 8538 90931010911057115161155011330
11 1860        6    10829103731008210037107471201011771112631073310096 9337 8580
11 2860        7     7915 7420 7086 6982 6962 7040 7273 7862 8901 97211026410591
11 2860        7    10687104841032210449111121199711832114051105210368 9529 8708
11 3860        1     8137 7927 7895 7906 8164 9121113581332613841138901383713661
11 3860        1    1333213242129991289113708148021448613972133321227810976 9765
11 4860        2     8885 8453 8242 8145 8302 9148112341311113686138111379613624
11 4860        2    1323413212130281287413503145521438113881133161240311188 9993
11 5860        3     9227 8839 8711 8659 8860 9778119391381914465145851454714404
11 5860        3    141831414014056140731493015606153211471314011129801158110357
11 6860        4     9475 9056 8842 8759 8892 9729118251371514354145811465414530
11 6860        4    1419814201139181366814403150961477514220135251257611235 9967
11 7860        5     9136 8663 8487 8377 8513 9341114201334113938140131402613908
11 7860        5    1356813517133001316213719143591392913337127461188610860 9773
11 8860        6     8891 8343 8047 7865 7878 8151 8658 983811052120371227212283
11 8860        6    12003116761149011457121011259312218115901106710411 9595 8777
11 9860        7     8110 7578 7323 7133 7088 7174 7434 7971 8974 98471032610642
11 9860        7    10615103861020010293110421172711558111581080410182 9336 8526
1110860        1     7901 7586 7527 7556 7790 8750109201285113602137941385013717
1110860        1    134571335213136129781385214821146191419813471126061143110287
1111860        2     9379 8952 8710 8618 8761 9345105291198613038136791405214305
1111860        2    142141408013906138441470715291147771417813449124941120910029
1112860        3     9214 8870 8681 8656 8849 9730119231365314149141301404413819
1112860        3    135261346813281131751407115141148551439413854129421162610399
1113860        4     9536 9138 8956 8980 913210018121341406314567147021467514482
1113860        4    142361420614024140061500016062159341555515070141401286411589
1114860        5    107471035510205101551033611299133941505015522153341523814915
1114860        5    144691436114004138711463815503152191468214128132931226111150
1115860        6    10260 9781 9611 9440 9511 9812105031144512472129851293612629
1115860        6    1212111726114821155912490133931299012464119251134910508 9727
1116860        7     8958 8494 8251 8089 8033 8207 8492 9067 9968105291073610878
1116860        7    1075910401100571011911189124771240012077117441115710262 9437
1117860        1     8821 8528 8374 8367 8582 9474117671363014281143371424413912
1117860        1    1358113569133891340314353150261462114108134531247411153 9963
1118860        2     9102 8648 8466 8445 8647 9535117141363714207142641421813974
1118860        2    136731359713405134341443315331148901437013666127641150310296
1119860        3     9465 9130 9011 8931 8996 9770115191300913860142851448314503
1119860        3    143031418013956139531490716011156401522214773137271248711294
1120860        4    104801013510030100061023411157132911515115600157301565315478
1120860        4    151291520814999150491588516310159291536914659135651218410876
1121860        5    10003 9587 9327 9180 931910052120521389114562147461484214727
1121860        5    145841453214331143091503215483151141463014042131851217311020
1122860        6    10218 9697 9486 9334 9357 9667103671136512474129961301912749
1122860        6    121951173911418113961244113521133431282012377117921109510256
1123860        7     9561 9120 8892 8787 8818 9008 9328 995110766113391150211560
1123860        7    1135210964107341090012026129191274912324118671112210129 9253
1124860        1     8570 8231 8096 8031 8214 9048113061327114017142071417214101
1124860        1    138661390613763136481445915126147541427013708128021155010283
1125860        2     9366 8937 8812 8755 8952 9832120271385314264142561410513920
1125860        2    135561347213264131261417815154148771448513969130361182910534
1126860        3     9686 9237 9085 9015 922010061122401413214756149361499214916
1126860        3    1466414689144311423514775148961442813877132451225510928 9555
1127860        4     8500 7880 7533 7353 7342 7636 8140 894010104109131122311238
1127860        4    10732 9869 9119 8850 9367 997410093102041023210107 9635 8984
1128860        5     8435 8158 8034 8022 8178 8640 95601064311634120511204811802
1128860        5    1142511082108471087612010128331257312160117071108710341 9442
1129860        6     8747 8334 8103 8003 8088 8344 8942 972610802114381157711420
1129860        6    1105010634103291043411557124801228611837114581093310284 9480
1130860        7     8842 8395 8146 8080 8158 8385 8719 928410161108251117411340
1130860        7    112551092410711108801218613239132941302912720121061119810283
12 1860        1     9701 9478 9431 9446 973310720130551505215508155491545515169
12 1860        1    146661453214294142221536916203159161549014871139841264711309
12 2860        2    10443 9938 9749 9740 993310765130101489615372153291529315089
12 2860        2    148031476514702148691585416135157331512514468134141204610615
12 3860        3     9677 9204 8964 8825 8933 9652117331365214281142201430414217
12 3860        3    139651379713628135211438514962146511405113498126211141910056
12 4860        4     9167 8764 8584 8573 8825 9694119101379714282142841422314101
12 4860        4    138321379713631136361470315565153461487514309135491216010762
12 5860        5     9960 9551 9381 9348 947910348125761442314849148431470214495
12 5860        5    142371419413952138141476215428150571452214029132621228511153
12 6860        6    10248 9785 9563 9427 9519 9900106891172312851131561320812900
12 6860        6    123161188311552115821273613744134371295612582119291112310304
12 7860        7     9572 9005 8745 8616 8623 8845 9292 986210768113561154111631
12 7860        7    1153411261111471144312690134701328412999124751179210778 9780
12 8860        1     8977 8684 8570 8552 8775 9742121191411514668147661469614602
12 8860        1    142861428114140142161543816419161751570815167142961292411585
12 9860        2    105941025410105100661030111193134121535315977161661622416255
12 9860        2    160051597915756157431666416952164001583115047139501248711069
1210860        3    10112 9625 9417 9331 941710259124611436914842149771468114581
1210860        3    141481401413803138361493315697153471485914348135261224410927
1211860        4    10011 9585 9483 9365 959110431127991479815369154371538915266
1211860        4    150011490714937150981609616481161931578715229141851272311244
1212860        5    10261 9778 9551 9470 958410476126101452515017150341495614832
1212860        5    145331444914281142311512915719153871482814327135481256011405
1213860        6    10406 9839 9593 9488 9600 9986108481196013273138781402413852
1213860        6    133461297912684127781410415253150471456114123135921282411915
1214860        7    111321058910377102531025110437108831138512325128911305113125
1214860        7    128691241112081121881339414357143511438214097132051207410904
1215860        1    10094 9736 9599 9580 972710698129561509715582156911560615407
1215860        1    149951483714596145951574416453161371558614942140591267811166
1216860        2    10199 9706 9519 9416 960710521127761483015415154481544915206
1216860        2    149261486614720147171578416461160911556714934140461259311079
1217860        3    10128 9654 9464 9394 953810531127421475115346153781539115301
1217860        3    149641490514762148001582816528161361558214947141101280111301
1218860        4    10262 9764 9558 9463 962610453127241473315301153521534515249
1218860        4    150191508314933150431603716407160561551714867138861246811082
1219860        5    10024 9464 9254 9116 922810091121921416714906151391526215013
1219860        5    146601443614169140681489515519152381466814123133741234011086
1220860        6    10053 9442 9161 9018 9001 9294100181098212135128971298812890
1220860        6    124861214711895119631314414036137901328212898123551160010738
1221860        7     9894 9348 9020 8892 8869 9072 95001010611056117481203312155
1221860        7    119851160611325115251264813977140261383513555130691206210952
1222860        1    10208 9845 9725 9787 991810827129561489515623156991549315157
1222860        1    146241440114067140381522016122159981556015121143291317811701
1223860        2    10624 9924 9642 9582 971610502124891437015165151821502914687
1223860        2    142411399813703135671461215654154551501114570137901263211231
1224860        3    10193 9572 9300 9183 9287 9897113861296813885141091387413383
1224860        3    125491198711601115941270013383128091200311539112161074310085
1225860        4     9284 8620 8150 7961 7807 8031 8475 922610069107371103311143
1225860        4    1092110353 9829 9716101981060010593105571047010253 9652 8780
1226860        5     8110 7708 7554 7496 7574 7993 8791 981010929117491219212297
1226860        5    121871186711673116771272413714135331310412645120121117610214
1227860        6     9375 8889 8631 8503 8514 8789 93501002510982118211220912276
1227860        6    119721144611062110621216113417133441298112631121241135210555
1228860        7     9773 9257 9007 8884 8907 9058 9397 987110789115121192112116
1228860        7    120091157711191111691220713359133541304312773121951138910447
1229860        1     9639 9230 9088 9024 9185 9846114161320514268147931497814922
1229860        1    146011435914083139491488215654153361476714152132461200410761
1230860        2     9800 9332 9117 9026 9141 9776112721302913993145001481214927
1230860        2    147351460414464144971538115861155031495414371134541224210959
1231860        3    10020 9489 9249 9120 9221 9823112481291713877142651424514029
1231860        3    136091324712779123571312014233138881315412435118151122910822
