 1 1870        4    10295 9828 9398 9122 9138 9267 9612 981510360108851128811622
 1 1870        4    1162011381112141128512188129621275212466121421156410750 9899
 1 2870        5     9180 8786 8650 8621 8697 9245103981184112874136181405414272
 1 2870        5    140591373613442133031419814830144051384213195124081147110569
 1 3870        6     9730 9170 8963 8848 8852 9126 97031041411452122431259712682
 1 3870        6    124771214011919119001285714215140641358313148125171171910886
 1 4870        7    10121 9634 9409 9307 9281 9466 98641035111108116911194912130
 1 4870        7    120061164711440115741269613817136751332412942122681133710390
 1 5870        1     9781 9509 9487 9506 973910762131551509715540155161544215181
 1 5870        1    147651455914257141031502916132159921546814899139101259311397
 1 6870        2    104951015710040100361022911166134521534815655155621534615064
 1 6870        2    146291450414331143401523116180159181537114737137121239711034
 1 7870        3    10149 9701 9537 9453 954010388125711442514935151401515015016
 1 7870        3    146521450914300141911498815843155311502614463134991215810874
 1 8870        4    10075 9687 9562 9550 976310798131551490715347153251531315083
 1 8870        4    147821464314386143321510516239160451565115072141061283811535
 1 9870        5    107121033310173100961020411061133951522115561154731527114980
 1 9870        5    145571439214140138671453615411151811464814145133301231111262
 110870        6    10374 9810 9569 9424 9462 9713103721145812662135081392914024
 110870        6    137541346713224132071380614425140171332712728119651112410217
 111870        7     9476 8973 8708 8543 8565 8738 9092 966410607115551210112533
 111870        7    125571238312256122341291813761136831334412930122081134210360
 112870        1     9699 9470 9304 9262 948610368127201462915262154511553715404
 112870        1    150851500014784146771532916152157761522414563135741223310980
 113870        2    10105 9714 9533 9503 969810542128991470715138151171510515015
 113870        2    147691465314402142981503916155159851542314832138641255811285
 114870        3    1043710101 9953 98861009311011133091510915502153961520914842
 114870        3    142861414013875137361445215560152861475314194132231191310581
 115870        4     9740 9312 9028 8977 9082 9890121501413714620146201469214565
 115870        4    141811404913833136871426615136149101443313813128741157310360
 116870        5     9534 9064 8895 8840 9003 9933122631414414598146401459614476
 116870        5    141531401613899137351456915248146591464414160134341246511560
 117870        6    107581028510088100241012810477112471224113320138961389813776
 117870        6    133391270412374122421299814123143451388013433128901218211420
 118870        7    107851034910081 9945 995910102104531095412029128571333513679
 118870        7    137501341613142131131374814372141001355512985121701135610516
 119870        1     9813 9506 9380 9355 948310214118261350014476151551552915648
 119870        1    154981547515309152281588616429161211543814652136571244511311
 120870        2    105161021110072100301021511134132111483315414154411550415427
 120870        2    151101499514782146451535516442162451578115199142491290811742
 121870        3    109541064010528104851070711558138551576516246162691613015674
 121870        3    150871489714725145711519116333162551579315252143121301411825
 122870        4    109771057810501104341058411476138331570816179161341611116049
 122870        4    158361585215574151371540416146157321503114226132891206110934
 123870        5    104641015210017 99931015010932125361411114855151631519415177
 123870        5    148221461114424143321472715673155641508714576138771291411909
 124870        6    112421084310693106581076511085118311282313959146611483014732
 124870        6    142861393813733137691438115584156091510914584139741316312328
 125870        7    116691124011019109181093311096114711194612815133901355613644
 125870        7    133361286112449123151300314374143221404613720130971241111406
 126870        1    107801056710495104821074811712139381570216523169411723517340
 126870        1    169961672016348161011654617508173681678516095151661388112717
 127870        2    118441155111473114901173512672150271667917015168891663116341
 127870        2    158731560315276150891568217030171021673816263153551408112771
 128870        3    120071167411563116311183812847152621682817086169681668416275
 128870        3    157771538915161149611557816750168571645015933150531372712503
 129870        4    116951135411200112771148112454147911651316797166331629315890
 129870        4    153701511514797146101503916232163491599615475146781337412187
 130870        5    113151097210843108261105811969142941593916399164861644416316
 130870        5    160841602515789155951578516328161141548214814138721270711491
 131870        6    1066010119 9866 9716 9739 9987106361157812788136271401314012
 131870        6    137221327112953128151325714353143531381813257125951182010922
 2 1870        7    10221 9814 9547 9459 9500 9670100641057411464120761230912344
 2 1870        7    121741171111424113801204613420137201343813028123971145410580
 2 2870        1     9946 9640 9508 9488 966910623129881484215439154711525514928
 2 2870        1    144781428613992138281430615409155221498814389134411215910897
 2 3870        2    10002 9590 9428 9395 960110493127201454714990150071494114725
 2 3870        2    143841420814085139861447615515154521495714323133231205210796
 2 4870        3     9946 9606 9399 9353 954410460127711450814949149101485014665
 2 4870        3    143451427414034139521435915576156471527314741139171257811427
 2 5870        4    105481028210248103501055811623140091577716193162181600315868
 2 5870        4    153811517414889146711507916183164721612115582146801332612188
 2 6870        5    113141092910782106991091411814140911550715923160831592615451
 2 6870        5    147451447014106137991399714946152271472714235134011239211352
 2 7870        6    1049610008 9764 9592 9602 9896105311156712614131221315112847
 2 7870        6    122961176711331111611171612882132351279312317117831104610264
 2 8870        7     9603 9200 9003 8860 8929 9115 95071010210961114981179311954
 2 8870        7    1181311403111021113711660128341310112791123791166810861 9991
 2 9870        1     9355 9052 8930 8977 912710123123001431115216156821598716069
 2 9870        1    158661582415653154641580616505165231603015514144861330012169
 210870        2    114291113711057110441125512242144501606516307162251604815815
 210870        2    153441513114847147151508116024162961585515201143071298211743
 211870        3    109381056110381103631056211525136881535715660155611547515205
 211870        3    148721467414390142051457115670160851566215161143361308411904
 212870        4    110791072310587105451071611641137781551415981160221591615617
 212870        4    152101504914880147211497415832161071570315127142871299311795
 213870        5    109391055210373103171047911373135581526915776159051587515657
 213870        5    153431515314882146811494815935164801615415754149421425213126
 214870        6    124141200811843117881187312239129051384614896154841549515117
 214870        6    144931383913353131161347814660151381478614406139041322612456
 215870        7    119081156611419114081151611769121471270013559141311435914443
 215870        7    141961371713223130801352314643153711510414747142061347312678
 216870        1    121061183011793117611190512439135671467815528158791591615602
 216870        1    149511440113889135881404115148156041520514746139491286511846
 217870        2    111911092910843108251103311928138501548716066160231587215542
 217870        2    150601474714404140641432415346158441549414943141271298211792
 218870        3    110011065110544105301071011587134241515615817158831574415431
 218870        3    148851468914378141061438715279158501551015048142031305411938
 219870        4    111391079910648106591089011759136601527715817157781568015443
 219870        4    149801473514401141451439115300158951559015073142431313211995
 220870        5    111851082910709106781088711746135551514015686157501563515408
 220870        5    149301465114271139241403814752153791498414497137531276111778
 221870        6    109631055910373102571031610649113151217813128137071374013448
 221870        6    128721227411797116011187112844136521331312821122641155710737
 222870        7    10163 9731 9567 9444 9527 9710 99921056711254117331194411959
 222870        7    117011120110764106101096412054130421285512579119491101610179
 223870        1     9582 9325 9266 9249 942310380126181451915302156071571415529
 223870        1    152421502614766144861475415370158281547014872138831254211360
 224870        2    105841021310122100661028511262133291498115400153771524214985
 224870        2    145501441014080138511414315000156311528814703138061259911455
 225870        3    106511026410178101551031411285133681504815434153661523114969
 225870        3    144541432514007137981405314858155731526014771138441256111396
 226870        4    106051023910166101141027611214132251495815388152901515614828
 226870        4    143531418313871136261381814600153401506414526137081249211256
 227870        5    1048710117 9970 99391013011056131211478215202151041495514643
 227870        5    141231383913524132001323713849146161424613770130471207611098
 228870        6    10338 9906 9713 9649 972310036106261159312564130931307712856
 228870        6    1231311856115571151811876127261315612679120891153910742 9973
 3 1870        7     9289 8824 8610 8469 8452 8621 8962 956210711116121223612598
 3 1870        7    127071247712253122121246713048134191304112602118951095610089
 3 2870        1     9428 9171 9088 9097 934110261124231434915144154041551015406
 3 2870        1    151091504114830147041501915549158271533714681136891241011149
 3 3870        2    10255 9826 9731 9618 982210749128541456614962149931489714723
 3 3870        2    143981430614120139821431914925155151515914592136521240911157
 3 4870        3    1037010021 9873 98481004110990131431481215238150231489114643
 3 4870        3    143031418313913137171392414577154161511814718139091263511490
 3 5870        4    106681035110247102371044311474136001518915471153251512514812
 3 5870        4    143991413413792135431368614289152601503514565136821249711243
 3 6870        5    105241020010043100371022511161132241484715160150161480714515
 3 6870        5    140921396613749135131356113917144471402013432126371153810471
 3 7870        6     9569 9085 8820 8662 8668 8963 95421065311699122831236112093
 3 7870        6    1152011012105571036010480111001211311836113781074810003 9270
 3 8870        7     8590 8133 7879 7742 7763 7918 8103 8803 9578101801039410444
 3 8870        7    10258 9781 9410 9299 95951035511552114481114710553 9668 8888
 3 9870        1     8316 8068 8004 7976 8185 9123113121332513960140981412614104
 3 9870        1    138841397113895140001441315093153861505114558136651250211396
 310870        2    107381048610459105261083611844140831591216428164401627416022
 310870        2    155531534214973146131486315432162771612215617146981335212142
 311870        3    113691113211032110601127812261143051592616180160311579015470
 311870        3    149631468214268140091415514696155911538714926140491282211500
 312870        4    107681040510267102621042811350134431524415668155931544815152
 312870        4    147501468414471143021453714946155711524114613136141234811094
 313870        5    10274 9893 9728 9636 979810656127021452115161152401521315119
 313870        5    147871466214423142181431414583150081459713990132041217311093
 314870        6    10309 9817 9600 9492 9549 9860104121149112551131731330113095
 314870        6    125311195511559112721142012010130151278912406118661112410326
 315870        7     9793 9361 9144 9050 9092 9202 94401003710744112701143711540
 315870        7    1135110890105151037210633112971247312532122391167210807 9992
 316870        1     9498 9299 9259 9279 952310486126081442714965150011494814775
 316870        1    145321442114183140431433614747154321519514617137091235711134
 317870        2    10335 9993 9860 98351006310935129761476415191152641525915035
 317870        2    147191463414459142691460014883153831510014508135651220210966
 318870        3    10235 9804 9674 9607 979310659126351433314734146711456514325
 318870        3    139261381413561133781355713924147181452614041131361179610583
 319870        4     9877 9545 9446 9393 960010500124701409214580145181442414243
 319870        4    141041394113786135751377314137147391456414021131191186910633
 320870        5     9866 9487 9330 9264 937910234122211399314564146441461214421
 320870        5    140701396413666134441348813660142691400913458126681166010665
 321870        6     9919 9402 9140 8969 9007 9291 98021101312226129521317813057
 321870        6    1257112146117971165911946124531299612629121671154310769 9958
 322870        7     9311 8863 8636 8453 8490 8528 8811 953010455112091154211705
 322870        7    1160511211108941080911113116061240112306118771109410238 9474
 323870        1     8773 8518 8443 8441 8679 9563115881344914102141601413613951
 323870        1    135571344313149128761291913179140461402313505125471124710099
 324870        2     9340 8989 8964 8912 9069 9964119001358513945138541375413489
 324870        2    1311813032127721250612539126541346713535129601206410809 9659
 325870        3     8852 8559 8438 8370 8616 9450114231310213475134521334213165
 325870        3    1290112833126301239612400125331327113267127521181210514 9452
 326870        4     8530 8178 8002 7954 8087 8882109391301813684138771395413881
 326870        4    1359113520132541308513090131711370413637131091218510863 9762
 327870        5     8975 8602 8446 8382 8557 9397113301314313589135571350813316
 327870        5    1299212874126151233012312123611296912794122841148310476 9464
 328870        6     8644 8196 7931 7806 7847 8127 8733 993711260120601233412301
 328870        6    11835113291088810611106351093111747116801124110669 9948 9173
 329870        7     8514 8096 7876 7754 7743 7793 8049 8729 9494100791025810250
 329870        7    10037 9619 9249 9129 9357 978310822112241092010293 9388 8544
 330870        1     7976 7695 7637 7607 7804 8574107031258113318134301345713373
 330870        1    1306113059128831282913116133901382713517129401193810676 9442
 331870        2     8648 8182 8074 7973 8119 8894109291297113644139301409114160
 331870        2    1394013826135751348713741139281411413702130991204110779 9520
 4 1870        3     8692 8380 8251 8157 8335 9224113761347614193143691444914389
 4 1870        3    140731399413609133231339913536141661429513847129441167910474
 4 2870        4     9660 9318 9167 9141 930910070120231375514121140721391913710
 4 2870        4    1327113165129331274912933132341382413798132981235111076 9875
 4 3870        5     9080 8699 8516 8458 8598 9299113481312413638136961357713380
 4 3870        5    1300512895126591231312136122341281312822123111149310474 9398
 4 4870        6     8607 8138 7911 7769 7770 7939 8548 977710952117851219512142
 4 4870        6    11811114821122111170114351179012181119191141910751 9934 9076
 4 5870        7     8413 7995 7797 7659 7613 7606 7827 8204 9070100361081111479
 4 5870        7    1173711612113581110911275114371167712007119081146210481 9478
 4 6870        1     8752 8370 8253 8165 8315 9115112001341014309146211480614724
 4 6870        1    145721458214329141591423114306141331422913899129621169510384
 4 7870        2     9501 9074 8807 8733 8830 9595116301360014356145171462614490
 4 7870        2    142851424113975137571382013876136911380613660127881148610215
 4 8870        3     9293 8907 8749 8670 8803 9602117361377514385145641451214387
 4 8870        3    140481388613599133691342113413133021356413587128291152310164
 4 9870        4     9291 8934 8726 8640 8768 9578116181369214248143071426514061
 4 9870        4    138031374013469131711310313052129651320113353126441137910023
 410870        5     8965 8764 8697 8622 8838 9873117811352513936139001377413526
 410870        5    1310913051127071231412072118171161011885121681153310563 9439
 411870        6     8569 8116 7923 7783 7839 8114 8652 977610787113911143711141
 411870        6    1067910265 9839 9673 9732 9856 9906103111058810153 9389 8552
 412870        7     7862 7419 7149 7011 6957 7095 7259 7939 8894 9631 995110084
 412870        7     9998 9653 9338 9200 9377 9639 9872104801074610260 9364 8469
 413870        1     7845 7529 7442 7436 7623 8462107621303514121145521484414865
 413870        1    147171468814435142111422714086136781374913746128531147510241
 414870        2     9380 9010 8870 8814 9008 9832118061367214114141081398413695
 414870        2    1334513178128811258412474123041205812367128871221511020 9701
 415870        3     8967 8595 8409 8378 8584 9404113851324913778136911359513365
 415870        3    1307313006127741247612393123021219112490128121206710822 9565
 416870        4     8708 8295 8172 8102 8245 8998110621316714047143131439914264
 416870        4    1417013983137401346113487135701344313511133101255011327 9975
 417870        5     9090 8644 8430 8308 8385 8975103181197912952134531362513550
 417870        5    1326013028127621246512500125211236712378122201152110569 9566
 418870        6     8702 8176 7949 7750 7704 7923 8298 925410556114801180411720
 418870        6    11378109351057010351103971058410614108221094510485 9752 8829
 419870        7     8012 7480 7186 6976 6902 6978 7235 8005 8968 9651 9865 9915
 419870        7     9705 9304 8823 8582 8493 8507 8728 926110005 9694 9013 8270
 420870        1     7479 7166 7064 6955 7081 7753 91881105012178127371303812838
 420870        1    1297912718123981221012231121781199312135123141156910364 9158
 421870        2     8322 7881 7740 7643 7754 8476101421212813031134021353313452
 421870        2    1321213322130161277912645123401200812067125801186210552 9035
 422870        3     8335 7897 7714 7597 7674 8412100271199312947133461347613424
 422870        3    1314813104128351256612449122541199712127125961190210720 9440
 423870        4     8646 8235 8027 8021 8128 8849105591254513510137111380313694
 423870        4    1342913323131031283312854127711263212774128061209610864 9590
 424870        5     8724 8304 8072 7963 8063 8696103151224313166135041366513548
 424870        5    1333313281130481282912750125741234312340122421158810612 9607
 425870        6     8770 8260 7992 7875 7918 8161 8692 984110981116781181111503
 425870        6    110371057510168 9877 9844 9951 9925101631081610454 9776 8985
 426870        7     8336 7936 7743 7640 7677 7745 7921 8499 9287 98411005810087
 426870        7     9918 9560 9213 9039 9136 9338 9425 99211082210433 9562 8697
 427870        1     8087 7884 7810 7801 8040 8911108851286413429136591357913428
 427870        1    1316213020127851245812385122471200412201128411213510894 9646
 428870        2     8893 8531 8396 8332 8498 9296113151344414337145601470514708
 428870        2    145321453314349142851455514543142591410713922129371159510197
 429870        3     9409 8979 8765 8638 8764 9499112321297513581137721387513762
 429870        3    1354213438131051285413008131671291612873130511227711038 9798
 430870        4     8992 8659 8522 8420 8498 9247111521408013666137721387913709
 430870        4    1342813306130671276412750125061240012526129541240211146 9928
 5 1870        5     9084 8666 8510 8441 8624 9328112791316713749137211364113436
 5 1870        5    1296412984126501230311931118041152511419118841138910462 9396
 5 2870        6     8607 8187 7953 7858 7903 8129 8676 980710772113511137911131
 5 2870        6    1073610298 9922 9738 9785 9874 9828 98791046710103 9352 8515
 5 3870        7     7907 7466 7269 7100 7098 7135 7399 8049 8941 9683 990410029
 5 3870        7     9982 9708 9413 9348 96571005410319105731080210244 9395 8441
 5 4870        1     7878 7643 7561 7534 7705 8584106531284013682138871403613900
 5 4870        1    1363213557133341321013289134121314813036131911236611035 9691
 5 5870        2     8853 8486 8303 8229 8359 9292113631358314292145201466714511
 5 5870        2    1429314290140421392414013140301378413563134901257411266 9982
 5 6870        3     9062 8622 8414 8307 8445 9223112601332814020141411420914059
 5 6870        3    1379213686134811327713231130651276912676129651229011024 9692
 5 7870        4     8803 8329 8188 8105 8242 8966109721287413402134541351113392
 5 7870        4    1314413156129541271712595123171207012126125271189010621 9269
 5 8870        5     8416 7999 7770 7688 7886 8535105361246413245134411346313335
 5 8870        5    1305213051127221234212102117431142011290118411146910505 9413
 5 9870        6     8508 8028 7790 7690 7709 7869 8453 952310632111751121810981
 5 9870        6    1055210207 9877 9712 9731 9832 9729 97701034610131 9358 8457
 510870        7     7734 7281 7005 6854 6786 6733 6951 7720 8735 9443 9709 9772
 510870        7     9695 9439 9230 9128 9180 9221 9217 94801041310384 9414 8411
 511870        1     7669 7348 7204 7136 7237 7874 98581198512937133981358013570
 511870        1    1338613347131991294912845125471209911963124161180910428 9142
 512870        2     8243 7846 7633 7537 7595 8241101901237713011134701371813847
 512870        2    1371613750134811325413053127581225411990124261186110517 9229
 513870        3     8310 7895 7704 7604 7723 8362103621234913010132311307813227
 513870        3    1302713013128231261312512122451184811666122561179310545 9224
 514870        4     8393 8036 7828 7777 7970 8635106741257813189133361339113350
 514870        4    1309213116129871271112634123091196711826123731189310637 9285
 515870        5     8406 7951 7774 7620 7723 8375102441239013257135801384913860
 515870        5    1361413538132711297112723122491176711487118801147810552 9322
 516870        6     8410 7883 7647 7488 7536 7629 8266 946910689111801131911139
 516870        6    1061610268 9901 9705 9777 9874 9813 97971025710107 9370 8447
 517870        7     7760 7256 6976 6823 6793 6725 6890 7604 8604 9353 9750 9934
 517870        7     9913 9678 9436 9338 9522 9661 9726 98671057810431 9459 8463
 518870        1     7751 7423 7248 7192 7283 7951 98711207013139136281376813774
 518870        1    1352313568133771311712999128401261412432125601177410448 9123
 519870        2     8237 7850 7681 7584 7686 8376103411244713127133691350213429
 519870        2    1318513184130021275912718124491199411777122721179410532 9248
 520870        3     8322 8001 7709 7701 7838 8368103811269513346134031332413371
 520870        3    1317113149129951263312477124261213611998125451197310583 9238
 521870        4     8429 8007 7805 7705 7856 8506104431245513108133301346913456
 521870        4    1333613367132411307212874126891221312006124211203310768 9410
 522870        5     8496 8020 7785 7665 7756 8317102041228113183136401376213904
 522870        5    1358313803136241333513038126141220211861121841192910813 9595
 523870        6     8611 8035 7717 7529 7465 7461 7911 902110242110501133211281
 523870        6    11005106981039310225102881040710425103461042210018 9238 8422
 524870        7     7747 7291 7046 6879 6835 6814 7001 7694 8669 9508 995110189
 524870        7    10137 9767 9426 9292 9353 9440 9497 9462 9914 9770 9054 8247
 525870        1     7535 7117 6907 6801 6796 6845 7210 8030 9017 97561009810153
 525870        1     9976 9540 9173 9029 9166 9397 9468 96911030310120 9135 8125
 526870        2     7510 7252 7133 7085 7228 7872 99851211813044132901355613607
 526870        2    1342013455132871312113043126451217512135124121190910606 9266
 527870        3     8354 7913 7709 7597 7708 8304102901225313064133261352813477
 527870        3    1324913269131091290612854125861214511971123401192510619 9247
 528870        4     8433 7928 7702 7618 7705 8331102781239213196135531379213838
 528870        4    138781402814015139441392913583131181286413290129611172210346
 529870        5     9288 8684 8401 8217 8275 8783107071298314214149161534115373
 529870        5    153361542415374150901482614178135481318013283129251182910521
 530870        6     9531 8823 8486 8214 8114 8098 87361010211671128001330913410
 530870        6    132211304812953129731307612995127341257512819128731194710831
 531870        7     9857 9124 8741 8407 8206 7942 8244 916210490115131217512582
 531870        7    126831255412427124421257212493123471227512797128111182010563
 6 1870        1     9719 9237 8993 8809 8908 9387114481385615128159651632116457
 6 1870        1    164521663016601164921643015926153481490415206148531327411557
 6 2870        2    10428 9820 9456 9213 9205 9698116671364014622151111536515327
 6 2870        2    1515415054148521456614448139981341913069131111247811213 9783
 6 3870        3     8822 8334 8130 8033 8082 8620105151258813415137361394413991
 6 3870        3    1381213937138151357713480131361261812273125271216810900 9558
 6 4870        4     8683 8226 7981 7872 7971 8585105431255813488138241400314038
 6 4870        4    1390613872137481348513539133401302312788127811214810911 9571
 6 5870        5     8664 8205 7989 7863 7960 8573104651263813524140261421814263
 6 5870        5    1412614223140601384113489130541248812090122301202411042 9799
 6 6870        6     8801 8231 7879 7676 7591 7602 8245 943110704114731172011580
 6 6870        6    11169107861042510251102761030810159 99541020310249 9504 8726
 6 7870        7     7866 7370 7122 6946 6909 6720 7033 7715 8683 9434 986910051
 6 7870        7    10026 9801 9523 9381 9464 9615 9656 98191025410176 9284 8377
 6 8870        1     7724 7450 7325 7284 7426 8055 99961221013255139181436414565
 6 8870        1    145991473914681146341463914264137231336013458130621166510245
 6 9870        2     9258 8729 8485 8305 8383 8873108521296514027145471481514869
 6 9870        2    1476014776146221447714426139291325912727127501246411201 9863
 610870        3     8842 8257 7990 7851 7910 8369103331239813337137061395913946
 610870        3    1382213902137281360613495130831252112020122201209310860 9452
 611870        4     8535 8080 7855 7707 7809 8293102041229613237137201402714107
 611870        4    1401414128140251385113726132361272212380126431235011101 9840
 612870        5     8835 8322 8076 7951 8032 8534103931252213571139971433914350
 612870        5    1414714106139291366213459130391254612164122011191810895 9800
 613870        6     8816 8249 7957 7762 7738 7751 8415 965311064121581267212889
 613870        6    1268512490122411217712246122391202611709117051135110579 9610
 614870        7     8751 8161 7819 7572 7471 7289 7530 8281 9380103741092611234
 614870        7    1131711141109551101311173111751109611036113981174410847 9731
 615870        1     8882 8476 8220 8135 8215 8777108821338714898158351633616484
 615870        1    165251673016718165691648415974153271473614653144961291111154
 616870        2     9950 9362 9009 8785 8754 9185110471323414368149681533015455
 616870        2    153991560615620155521547115001142741371313610132671193110470
 617870        3     9424 8888 8544 8352 8333 8812105891272713763142171443214523
 617870        3    1437614509144061429114227137821311612654127111263911357 9888
 618870        4     8933 8372 8132 7981 8049 8515103401246613591142041447414639
 618870        4    146651487514891147881470214260137691331113313132041193510497
 619870        5     9347 8778 8492 8303 8356 8749104911275514138148781538415681
 619870        5    157701596015937158091557015029144821398113791137491264111309
 620870        6    10221 9497 9023 8694 8604 8575 92021047711927130171348013516
 620870        6    132671308312903127661271912660123121195712017120541115210121
 621870        7     9156 8518 8159 7933 7801 7593 7825 8440 9317101151058610824
 621870        7    1082510601103871033810424104861045510523111121134610518 9557
 622870        1     8771 8422 8242 8172 8296 8855105781286414244150121543815549
 622870        1    154371538815225149571483014442138541354113503129271158710272
 623870        2     9336 8800 8554 8431 8481 9049106521275513876145001476514779
 623870        2    1443114370141011378013683133321271312253122791212210950 9659
 624870        3     8730 8224 7982 7860 7953 8397100411203113275139341432414435
 624870        3    144931468214781147141467814304137711320413248131761196510527
 625870        4     9545 8930 8651 8484 8502 8894104851255913794146741480214908
 625870        4    1478414802146351430814130135021312012719126901228211056 9822
 626870        5     8859 8332 8085 7813 7980 8507 99851197513086135841395514003
 626870        5    1378113714135601327813050127141232112049120441167810720 9635
 627870        6     8753 8171 7861 7686 7675 7755 8235 926610492115341203612126
 627870        6    11880115751123111036110691110410888106751075210599 9908 9040
 628870        7     8219 7705 7357 7171 7145 6917 7193 7869 8915 98221024010451
 628870        7    1037510109 9871 9762 9870 9938 9883 97811013110545 9814 8780
 629870        1     8047 7693 7495 7399 7509 7954 94891159412963137801427514488
 629870        1    145211466914712146801461714219136141309513156129741177410307
 630870        2     9223 8788 8449 8277 8351 8824104031248313861147701536615714
 630870        2    157571590715998159131585115353145931403214057140681279311281
 7 1870        3    10168 9507 9167 8986 8970 9333107781278013942146191501315173
 7 1870        3    150871515915095149581488114360138251334613423131571197210553
 7 2870        4     9522 8960 8631 8495 8516 8925103491233513726143511475914844
 7 2870        4    1467514550141961372213648132601283012443122771179710671 9486
 7 3870        5     8540 8019 7667 7491 7453 7589 8235 935110530113671187811957
 7 3870        5    1179411494112791112711205112581100910794108381076810001 9140
 7 4870        6     8313 7731 7438 7176 7141 7039 7278 8021 9098101281077311095
 7 4870        6    1112010865105711055510584106641049610290103451036810019 9412
 7 5870        7     8529 7932 7521 7299 7191 6906 7201 7887 8892 97811026110532
 7 5870        7    1055710376102131022710502106361052410485107751107310299 9270
 7 6870        1     8441 7992 7765 7628 7682 8036 95701159313105139651448214598
 7 6870        1    1452914563145031433914218139331333012790127621261811362 9952
 7 7870        2     8925 8372 8119 7963 8038 8349 98051170512862135321395114097
 7 7870        2    1405014055139531370313638132781269912437124931221011061 9841
 7 8870        3     8931 8435 8209 8071 8161 8627100351187813118138131415314336
 7 8870        3    142201422914131140081395513719132281287213026127991171310401
 7 9870        4     9437 8889 8645 8453 8528 9030104941252413909148651552015919
 7 9870        4    161081634316425163001608815821153501485214881148511361111842
 710870        5    1091510228 9915 9542 9515 9852112411337214980160441661116892
 710870        5    169431692316733164411617515611151111456714571142831314211858
 711870        6    1074410011 9518 9221 9123 9129 95791064111895129581360813786
 711870        6    137221361413505133931348113445131891289912977129091208511036
 712870        7    10128 9460 9098 8823 8713 8654 8786 937510347112731190212404
 712870        7    125241235412156121851235212401123371232812660127671194110870
 713870        1     9901 9428 9199 9018 9115 9635111451338314873157311625516419
 713870        1    164231651916526163281633515969154981494915037146911339611914
 714870        2    1082110175 9855 9658 972110168116331375415110158781633316449
 714870        2    164191645616308161571601315550149571439714495140861285511399
 715870        3    10294 9612 9236 8987 8993 9298107051274014059144291470614701
 715870        3    145431460214500143691426213796131761272212690125581143910070
 716870        4     9080 8470 8218 8068 8114 8518 99191184413053137301413614216
 716870        4    1411914139139791381513641132861275912326124151233111118 9836
 717870        5     8870 8329 8063 7948 7957 8332 98131183713164139191437414466
 717870        5    143281438714291141171391913481130031248812440122961125610045
 718870        6     9076 8481 8120 7874 7867 7828 8338 939710699117761237612589
 718870        6    125211241412449125771283112979128661267012993129251218111096
 719870        7    10197 9547 9130 8819 8643 8507 8652 930410273111211159611828
 719870        7    1186511597113541129711446115671139111305116381179410961 9949
 720870        1     8998 8551 8352 8223 8325 8835102721237813793147341526415447
 720870        1    154021534315227150921497614730141731380613899135271229010849
 721870        2     9959 9441 9118 8956 9006 9435109391316814804156651616416317
 721870        2    162501642416394162751612015650150681442214351140001271911078
 722870        3    10116 9462 9171 8964 8982 9463108551286614141148931547515748
 722870        3    158531605816114161661613415727151221456114577142711293211402
 723870        4    10350 9712 9364 9141 9111 9625110151321314379152801595316282
 723870        4    164121667816652165711649716127156061509015093148651356612075
 724870        5    1095110352 9956 9724 973310173117101383215387161571711717349
 724870        5    172261736917296170801699316675161501574715827154921436112981
 725870        6    118141104210570102631010110134104991165513171144531513515289
 725870        6    151061483414610145641459014510141631378313922137171269411575
 726870        7    10716 9893 9480 9212 8987 8878 8950 968210804118671248512858
 726870        7    126451218611923118631194512085119821180112154122581128610081
 727870        1     9228 8691 8485 8330 8300 8692102291221113739145321500915106
 727870        1    150741515215039148871480014375137401323413330129861174910406
 728870        2     9358 8839 8555 8348 8410 8785101381219713472141871467014805
 728870        2    147301488514792146741454314132135091297813071128231152210156
 729870        3     9237 8677 8394 8188 8217 8665 99911192313147137961413314301
 729870        3    1422814316142961410414031136651304312582127881247111284 9989
 730870        4     8769 8490 8256 8100 8196 8793101641203713252139641434314537
 730870        4    144531458814490143271421613901133881305713321129301169310429
 731870        5     9447 8921 8616 8481 8537 8910102611228913563142671462314675
 731870        5    1456414616144261423313974135681299612519125751222811121 9963
 8 1870        6     8969 8414 8073 7872 7788 7815 8238 933110545114631187211806
 8 1870        6    1156311282111061104811152112401106910842111821106010192 9276
 8 2870        7     8448 7900 7593 7387 7242 7192 7313 7996 8946 98771026210589
 8 2870        7    1065910489103401033210536106691069310765112321100810204 9355
 8 3870        1     8705 8369 8188 8162 8234 8854103251237613824146761520815446
 8 3870        1    153171544615500154111542015228147791439914574141271276611322
 8 4870        2    10252 9698 9269 9075 9067 9512109501317414745156871625116473
 8 4870        2    165181672316794167181675116357157541519415425149431353012010
 8 5870        3    1084410210 9846 9599 9640 9994114461358514896156481609916254
 8 5870        3    161961626216119158321560815062143561394014121134631220610723
 8 6870        4     9813 9250 8946 8816 8854 9280106391262613842145401496515080
 8 6870        4    150221513915052148281468514265136471319213497129511169610349
 8 7870        5     9391 8849 8561 8420 8412 8930103051229913680144321492815008
 8 7870        5    148901500214872145691433813807132781286313085126481154210358
 8 8870        6     9453 8845 8457 8258 8232 8340 8737 977111128122471287413105
 8 8870        6    129851283712711126191265612661124201221712532121621130810285
 8 9870        7     9445 8760 8372 8130 7964 7869 7961 8552 9538104011083811151
 8 9870        7    1119110995108031069010866110061094611023112181083010053 9155
 810870        1     8504 8149 7986 7901 8013 8655 99991192613188140311449814569
 810870        1    1442814371140991394713892136561314712847129151219011035 9914
 811870        2     8932 8427 8175 8042 8125 8656100771210013417141551461014784
 811870        2    147121486214808146571455814129135431302413299127441144210028
 812870        3     9095 8545 8244 8148 8133 8716100401201713305139531437414472
 812870        3    143561449614417142571414613855132441281813168125871133510039
 813870        4     9092 8561 8301 8125 8159 8754100531212213398141261457914720
 813870        4    146821482214765146021450414074135111309113405127801151810216
 814870        5     9284 8751 8417 8281 8276 8799101381212413509142601473014884
 814870        5    147701495114794146451445114038135011310513359127451158210447
 815870        6     9452 8855 8530 8328 8259 8421 8859 998411237123481294013108
 815870        6    129391282012769128041294313010128131258712952125611168810608
 816870        7     9723 9037 8638 8339 8237 8161 8196 895110048110491177812353
 816870        7    125561248512443124771258912776126101255713275130891217510994
 817870        1    10179 9761 9454 9351 946310059115061395115759170301772018058
 817870        1    179941790217788175951753717088167821651617073163911498313467
 818870        2    122351159411197109771097611446128221497416402171271729017342
 818870        2    173801748217449173501730516850161941568215954151851365212031
 819870        3    1091310212 9801 9538 9477 9976111571314914526153971586716088
 819870        3    160821629516328162181619915771151301468314947141141285311350
 820870        4    10309 9771 9402 9243 9221 9789111011305614478153311586516004
 820870        4    159211606215922157231553815001143671392814202134251207910712
 821870        5     9716 9174 8812 8606 8569 9137103811237213745145211499215097
 821870        5    150131511614996147971456014066134921317413418126931157410424
 822870        6     9464 8867 8494 8286 8234 8345 8820 989911204122681275912834
 822870        6    124791209611771116091167711738116851175312082116591093710073
 823870        7     9329 8713 8331 7991 7846 7759 7714 8351 9273100611048210667
 823870        7    106161032010057 9970101321026310197102691086910473 9635 8749
 824870        1     8078 7791 7616 7545 7657 8290 96691163312900135761398514107
 824870        1    1395613956137781354413473131611266012438127491196710690 9509
 825870        2     8617 8188 7950 7813 7949 8572 98891181912920136101396513991
 825870        2    1390713965138381365513590132741276312627129261206210852 9602
 826870        3     8783 8261 7993 7897 7957 8609 99621187512912136651408314288
 826870        3    1420914268141621394613824134161286812766130781220710982 9767
 827870        4     8877 8441 8224 8079 8142 8762102101196313281139111426114345
 827870        4    1412714117139051367713632134481314313026128111200210808 9618
 828870        5     8789 8322 8067 7933 8004 8669101221206013224139141422614364
 828870        5    1408514000137231339913237129601263912600124141157610611 9567
 829870        6     8699 8163 7857 7698 7675 7923 8449 934410600116771220412241
 829870        6    11837114301104410812108731098310880109721104210504 9707 8824
 830870        7     8105 7580 7293 7122 7040 7105 7201 7840 8846 96661010010304
 830870        7    1028110012 9760 9677 9807 9987 9980103481088910433 9567 8670
 831870        1     8002 7620 7490 7437 7543 8170 96981164312923136711414514371
 831870        1    1421414313142111397013829134731297313017131161226010976 9732
 9 1870        2     8877 8426 8189 8066 8163 8781103631218813321140071438014541
 9 1870        2    1436914339141761388213783134031287012920130351207410792 9513
 9 2870        3     8629 8165 7965 7850 7925 8614102471212413105135961394913995
 9 2870        3    1389913888137191354213525133181289213026129441209210802 9573
 9 3870        4     8718 8236 8015 7904 7990 8683103351223513142136881391413992
 9 3870        4    1382313889137471343913427131011268312849129991202710791 9515
 9 4870        5     8636 8126 7938 7822 7905 8580101811205413007134231371613716
 9 4870        5    1355313562133551304312869125051214912248123271155010466 9335
 9 5870        6     8419 7892 7596 7434 7391 7565 7809 8777 9928107591111311080
 9 5870        6    10862105291032610195102141032110267107101080610232 9454 8618
 9 6870        7     7919 7419 7189 6982 6912 6990 7103 7646 8608 9388 980310048
 9 6870        7    10055 9781 9555 9468 9549 9653 96791017710365 9978 9324 8546
 9 7870        1     7846 7431 7199 7066 7040 7194 7433 8011 9042100881080811178
 9 7870        1    11094107801053510458105871077010993115581176111035 9986 9009
 9 8870        2     8367 8004 7856 7803 7894 8707106751275513945147371517315327
 9 8870        2    152351533615217149911494114661143711449814185130971170510362
 9 9870        3     9492 9019 8756 8646 8772 9535116471372414763154291582815939
 9 9870        3    158591594815851157231566415305147981502114865138101232710836
 910870        4     9796 9221 8915 8754 8769 9510114051331814358149401536115582
 910870        4    155791576215724156181544214999144921476614508134761202410581
 911870        5     9587 9020 8718 8609 8652 9347113031323814140145421479614799
 911870        5    1458814505143211394213653133521305813282128751203210972 9869
 912870        6     8948 8396 8070 7861 7839 8072 8625 965310893118161220612182
 912870        6    11832114511113910921109291100911039114411121310617 9853 9010
 913870        7     8266 7763 7482 7310 7252 7322 7574 8071 9146100491067711163
 913870        7    11329111441095110869111051130011395116391134910764 9890 9005
 914870        1     8362 7995 7835 7756 7863 8668107981273813683142731460714762
 914870        1    1462214699146001441614340139491342913828135161246811087 9762
 915870        2     8844 8302 8043 7912 7996 8696106321246613291137301403214113
 915870        2    1401514150140421386513752135101327913695133551234511016 9695
 916870        3     8311 7844 7557 7272 7279 8050100791205613021135791391013929
 916870        3    1389613963139541381013642132941288013357131361207110578 9356
 917870        4     8950 8499 8261 8176 8312 9107111641299213886143061451014578
 917870        4    1440714450142641397313941136771348913737133631235410992 9750
 918870        5     8869 8413 8153 8028 8158 8851109151292013748141551426514222
 918870        5    1390813989136231341813373132861317013099125521170910645 9583
 919870        6     8649 8128 7833 7644 7628 7876 8522 958810876117901220412204
 919870        6    11831114351111310956110761126811349114831112410528 9744 8964
 920870        7     8193 7644 7376 7247 7124 7252 7488 8090 9131100921072611167
 920870        7    11224109701066410545107201093811120114251114110465 9544 8683
 921870        1     7980 7653 7492 7451 7584 8400105501251213350137101396313929
 921870        1    1382013722135711331313356132851331013597131431217810799 9522
 922870        2     8626 8143 7937 7789 7915 8698108331275913493137901394613967
 922870        2    1381213891137161353113562134211333813665131411213910816 9521
 923870        3     8590 8154 7932 7810 7920 8695107721256213354136031384713867
 923870        3    1373113806136761352713465133171322313665131701219810786 9533
 924870        4     8626 8150 7985 7837 7950 8731106811253613338137021388413922
 924870        4    1381213827136831348813355132151317013600130461214210780 9503
 925870        5     8582 8121 7915 7805 7955 8732107831266313342135581368913615
 925870        5    1337713309130611276512591123671244212864124641163910610 9539
 926870        6     8694 8175 7908 7753 7812 8129 8809 991711057116941187411672
 926870        6    11153107601045110261104141067210856113671100110354 9588 8767
 927870        7     8016 7550 7303 7145 7135 7270 7533 8215 9220 99061015910306
 927870        7    10177 9823 9538 9449 9636 992610383112801097010293 9360 8439
 928870        1     7823 7587 7444 7441 7574 8453106461279113648140141422314094
 928870        1    1399914025139101373513718135401350113925133991230010903 9579
 929870        2     8713 8272 8064 7975 8029 8810108041274213472139501427514403
 929870        2    1427614447142251413914028136221368314044134481236211040 9650
 930870        3     8796 8392 8142 8043 8142 8918110901300513829142151451814620
 930870        3    1437114373141881405714100138711383413924133891227610787 9380
10 1870        4     8785 8287 8066 7953 8048 8808108551275513439136931387713902
10 1870        4    1367613639135121326913217131461329313675130951220110900 9626
10 2870        5     8770 8320 8148 8053 8181 8990111391298813586137091381813679
10 2870        5    1345413436131931288412658124181269313033124891168310606 9485
10 3870        6     8635 8118 7824 7635 7633 7873 8527 951110786116151198011878
10 3870        6    11477111741085110700108731119311609115651109810474 9653 8843
10 4870        7     8114 7637 7375 7219 7218 7294 7622 8152 9264102461079011186
10 4870        7    11241109301060610449106591092111365117921144710818 9885 8957
10 5870        1     8334 8089 7913 7880 8071 9030112461313413824139491392013781
10 5870        1    1348013425131481290012889128881332013665131261210010804 9517
10 6870        2     8702 8291 8123 8066 8161 9003111731306713594137351376113691
10 6870        2    1350813498132921310713095130241344013638130511204510749 9429
10 7870        3     8575 8213 7944 7895 7994 8806109241282413496138251391613935
10 7870        3    1375413790136251345513450133591372113779131691214110841 9473
10 8870        4     8640 8198 7982 7900 8028 8933109951286513475136621375013660
10 8870        4    1345913411132631303813073130701358013810132391226711054 9779
10 9870        5     8888 8493 8294 8237 8426 9293115301340213964140331399713739
10 9870        5    1341713309130271264612530125181312213233127381190110900 9785
1010870        6     8836 8322 8011 7896 7893 8191 8828 981010990117141190811718
1010870        6    11261108101048210213102951060311327115271108610478 9709 8892
1011870        7     8233 7742 7466 7344 7298 7460 7784 8424 9528104981106011447
1011870        7    1151811314110221104211276115871196411834114391083010060 9225
1012870        1     8515 8130 7963 7925 8019 8607 98121114512241130221338413280
1012870        1    1293312612122671208512299126021325613355128611199810809 9692
1013870        2     8972 8602 8522 8467 8660 9608120281402114510144511434414081
1013870        2    137841364313367130871315913329139861417913661127531144710181
1014870        3     9378 8966 8853 8791 8955 9935123071420714636145821435914102
1014870        3    137341365313360131331318613311139801415513648127201143510202
1015870        4     9215 8953 8777 8742 8910 9872121911406214554144501427113997
1015870        4    1369413637133691313113054130781374813822132451229111060 9855
1016870        5     9054 8640 8467 8405 8537 9410116401342613993140131400313791
1016870        5    1348413398132301277412629125521314913170125921182510866 9755
1017870        6     8885 8358 8140 7940 7958 8298 90291007711289119651208411843
1017870        6    11330109331053910349105031091511756116711119310582 9800 8947
1018870        7     8206 7708 7433 7284 7221 7312 7624 8111 9111 99031027910429
1018870        7    1035210066 9710 9570 97931023011204115491112910451 9532 8647
1019870        1     7987 7676 7583 7573 7777 8728110791309613770139681400813868
1019870        1    1367013583133481318113190133231400613853132941220210887 9650
1020870        2     8770 8359 8155 8096 8264 9157114561334013877139781406913886
1020870        2    1364413633133491320313299135241416413927133021223810984 9650
1021870        3     8769 8350 8109 7997 8158 8999111851325213849139991415114097
1021870        3    1392313894137891368313901140531430214019134441249111216 9943
1022870        4     9039 8639 8463 8413 8593 9513118461372414225143121427114051
1022870        4    138561376613409131441316913381142381421013677129441160110365
1023870        5     9509 9068 8871 8784 8925 9783120511397614360145301454014323
1023870        5    140291383313500131201307713335138261346012902120551106810048
1024870        6     9144 8646 8417 8273 8309 8643 94311046011684122391223311967
1024870        6    11405109091052110312104411091111914116821122110643 9877 9068
1025870        7     8363 7720 7377 7229 7256 7447 7899 8853 9877104391058210620
1025870        7    1041710066 9816 9868105431198611991116251128010579 9750 9030
1026870        1     8249 7900 7843 7881 8146 9375117591360914107141461401313794
1026870        1    1335513273130161285413434148311462414155133301232210926 9737
1027870        2     9337 8984 8848 8875 909110145123351406214358143101409213870
1027870        2    1356213512133101327213944150351468114091133191218410971 9687
1028870        3     8949 8531 8289 8222 8374 9240114181329613942141151425114112
1028870        3    1384613715135901347913955148791446713930132841224711058 9815
1029870        4     8980 8678 8490 8456 8675 9678118411357313962139981395713786
1029870        4    134871343913232131291363514811146841423913602126641150510128
1030870        5     9338 8968 8786 8772 8979 9951120831375014115140701395313834
1030870        5    1350213438132321309413568144401417813516128941203011077 9924
1031870        6     9109 8561 8219 8084 8125 8471 90641023311392119541209911880
1031870        6    1137110907106251053711282125241221011736113791077710048 9244
11 1870        7     8630 8309 8080 7979 7978 8164 8456 910710017104791059510653
11 1870        7    1047710139 9862 9877106641221712220118511145810740 9855 9089
11 2870        1     8497 8325 8237 8243 8519 9580117751363714197142291420613977
11 2870        1    136541360313375132351392815152149641441613743126981141010149
11 3870        2     9303 8897 8681 8566 8730 9626116951346513999140491404613984
11 3870        2    1385013848136871371114340151481474714127133921225211001 9685
11 4870        3     8850 8454 8201 8177 8335 9226112381303413601136941375513733
11 4870        3    1357613556133831320613680147881436413825130941206810809 9521
11 5870        4     8638 8189 7955 7868 8025 8862109921283313485137581385613754
11 5870        4    1344813484132311306713680146931465614084134621257611213 9985
11 6870        5     9221 8828 8704 8684 8894 9989120781399214610147831478714687
11 6870        5    143501440114135139861471515593153111474614188133011221011053
11 7870        6    10208 9737 9436 9333 9363 9730103881145512416129451298112760
11 7870        6    122061174711379112991215513484133171278212354116431096110121
11 8870        7     9434 8964 8674 8565 8569 8723 8949 960810477111181128911325
11 8870        7    11071106641040610507113861260412501120601163510878 9972 9043
11 9870        1     8349 8051 7899 7865 8066 9030112491305013779139621402713970
11 9870        1    1372813641135701353714430151341469114000133161236210994 9708
1110870        2     8948 8567 8411 8402 8605 9541117371376214485147731490914963
1110870        2    148801492414872149511578216285157951519414563135411228211113
1111870        3    10232 9880 9545 9448 962510296115521299314082147401507615182
1111870        3    150041480314663147101558116273158221528114548135811238311177
1112870        4    1031810013 9818 99021007510917127311428115145154371552515439
1112870        4    150391482114614143871528916259159661555614769137741240211144
1113870        5    10203 9880 9657 9572 979010538127021446114892149061475514407
1113870        5    140771390913661134641412715005147941420613552127421175210630
1114870        6     9713 9208 8999 8882 8901 9230 99051097912068125741265012448
1114870        6    1190611387110481100811951131461289912341118701128910494 9774
1115870        7     9084 8674 8410 8331 8414 8628 8893 949110429109321117211196
1115870        7    1097310559102901036611619129141290512543121921152610631 9781
1116870        1     9164 8968 8848 8914 921510202126251447514994149481482614540
1116870        1    141551397413730136821466515780154231486414252132241195710626
1117870        2     9763 9342 9130 9064 923410138124161416914725146971459314352
1117870        2    1400513901136671367114611154651498714383136311263511233 9927
1118870        3     9041 8529 8320 8202 8319 9214113151315213637138651391913798
1118870        3    1357013462133351323414061149411453413877133101237011021 9825
1119870        4     8992 8576 8393 8349 8563 9582118081360514134141591412713887
1119870        4    136021353513305132741427615279150251455413972131021180010504
1120870        5     9599 9140 8878 8830 8983 9875121781412314735148121480114633
1120870        5    143811433614236141861486215219150031440413809130761209211109
1121870        6    10209 9759 9539 9489 963510123109741222813468140981442814304
1121870        6    139231367313519137181487215786155741508114577139051308412178
1122870        7    113751086010637104691045810653109491153112343129841315513187
1122870        7    129871248112123122841340014574144641415913747130111195210897
1123870        1    1041110070 9974100371025911313136651549915915158421566915334
1123870        1    148771468214349142881533116306159201534114806134991215210842
1124870        2     9825 9385 9130 9068 926210188124131415214615145121441314166
1124870        2    138461375913603134831447915344151121460814106131951179810569
1125870        3     9625 9211 8982 8955 913710018122391416914546145271452714403
1125870        3    140891440914273140491480215200147791424513698127971155810147
1126870        4     9057 8475 8100 7925 7940 8183 8759 959710945119091251112663
1126870        4    1227211548107821049010779109781107911098111361089210291 9592
1127870        5     8968 8610 8457 8449 8588 9061 99971119912377130181322413124
1127870        5    127721245412240123081339314200139071343012908122091145210549
1128870        6     9740 9308 9077 8969 9056 9337 98881075711867125151267712456
1128870        6    119171142211122112381244413408132311285712484119281120810388
1129870        7     9570 9084 8903 8749 8782 8902 9209 981310797115541206212229
1129870        7    1227311950116921177912773134261322312803123491157010560 9567
1130870        1     8910 8558 8385 8349 8562 9479117471389814568147541489114848
1130870        1    146161452114328142621498015567151351455213932129471163410238
12 1870        2     9338 8932 8682 8684 8919 9836121241400614510144271436714280
12 1870        2    140111404313942141131522415791153931486714271132831195810570
12 2870        3     9650 9224 9004 8944 913410021123231430914828148931492814765
12 2870        3    145251453114444145021561916445161141558015055141221279211403
12 3870        4    1047810045 9838 98491005710961132751513815488153961526514954
12 3870        4    145701440914242142521539816205159851554514934140551270811284
12 4870        5    10297 9783 9562 9464 967710559128501486615443155651563315536
12 4870        5    153731530915140151321592916239157431516114527136331254011382
12 5870        6    10316 9778 9482 9349 9409 9800105821164112843134981366013639
12 5870        6    132721288612636127271377814734144481386713447128481211911260
12 6870        7    10442 9907 9582 9446 9408 9639 99541046411467122641258512629
12 6870        7    124371199611720118481321314324142531404313733130241194610887
12 7870        1    10082 9790 9630 9644 990010961133871539515841157991561915355
12 7870        1    149091472314500144911575516739164871597215476145511319111776
12 8870        2    108891049910305103501059511575140331585416219159381567215311
12 8870        2    149181476314551146721588016527161271554514934139621256611059
12 9870        3    10065 9623 9413 9305 950010440128011463014951147891464914401
12 9870        3    140431394313782138651497715785154251486214244133151185510422
1210870        4     9484 9024 8784 8740 8938 9850121231404114437144311435614148
1210870        4    138421379013677137501484715586153181482214260133861200110628
1211870        5     9634 9223 8965 8877 9064 9945122501430615094152631537215216
1211870        5    149741485714697145721531515771153801476814189134231238211068
1212870        6    10201 9645 9360 9210 9267 9644104291153212861136491388913772
1212870        6    133151294212670126881363514428140931350613007123991161610675
1213870        7     9748 9230 8882 8697 8673 8816 9239 981710879116111193412042
1213870        7    119691166711437115581278913918138611357713212125491150510359
1214870        1     9563 9203 9137 9116 935010366127981479315358153421521314957
1214870        1    146011451714353144141566516609163591585215306144351298511518
1215870        2    1048710035 9778 9721 992310913133141527815808158801587315823
1215870        2    156991571015723158691694317482170071644715622145401300711435
1216870        3    10428 9898 9637 9595 977610713130061492115430154591543515326
1216870        3    150531508914829149671603216832165141599515443145551318211629
1217870        4    1061010182 9998 99731017411225136391551915991159541582015601
1217870        4    152041513714911149871617817210170221657416092152441390112359
1218870        5    113531088310689106111088511870142431612416509164681623215904
1218870        5    154181523014913148511593316889166391611615609149221389012622
1219870        6    115141087710498103081033110648114341248313762145881465414438
1219870        6    137811323312800127681396715089148961437913907133281258111592
1220870        7    1065310069 9684 9478 9422 9567 99771070611870128421340213794
1220870        7    138431361213364133581426314739144541405013639129261182610677
1221870        1     9755 9340 9139 9092 927910259124951455615292154821544515150
1221870        1    147241450514284143171551516568163281587315390146251335711829
1222870        2    1072410185 9937 98731005510985132551519315634155701527414950
1222870        2    145311441114243143221557216403161991573415248144701314611653
1223870        3    10542 9990 9744 9670 988010744128991482415504154821527914985
1223870        3    144661425913910138491485215847157431524014785140321281611390
1224870        4    10244 9665 9331 9176 9278 9795111521259313679139101380513215
1224870        4    124641197011650116191278413718130721223711793114291096710256
1225870        5     9393 8710 8156 7907 7867 8011 8563 933810281109961129911446
1225870        5    1120210571 9965 978310370109421096210884108491062010004 9204
1226870        6     8447 7978 7758 7689 7752 7981 8497 921610373114881220412455
1226870        6    124421213511885118751286713806137051333512991124581170510789
1227870        7    10024 9480 9241 9135 9187 9376 97831022911119118181218412366
1227870        7    121961179111416114371261713747137011344813166125711169010729
1228870        1     9928 9538 9399 9387 957110327121111393115081156951591415906
1228870        1    155741537915164151511615516997166811613115553146051334012047
1229870        2    110111054710433103401055711343128811439015479162061670416895
1229870        2    166831645916160160321687017814175691713816616157441456313436
1230870        3    126381226512158122031250613278148971651717375177971788017683
1230870        3    172921692516603165591732918445182061772217225162591508613687
1231870        4    127461224012010118751202812584139941536216141163681620715843
1231870        4    153461503714631144341517115717151871424713497127291203211398
