 1 1880        5    1073210161 9584 9211 9083 9180 9393 966810244109981161711908
 1 1880        5    118591158811389114321233113222130211275012434120001135110588
 1 2880        6     9896 9503 9290 9270 9380 9643103111104412187131091345313446
 1 2880        6    130791259612270123101340314669146171432213942133871267811891
 1 3880        7    112161075210464104101043710661110531153812389130561341013598
 1 3880        7    134671304112849128821384914749148181446314018132381218611208
 1 4880        1    105381021210058100431025311203131471476215549159931619316268
 1 4880        1    160021581515466153411613017058167741630915628146891334612046
 1 5880        2    113201101910902109441122612233146581641716836168381679216669
 1 5880        2    164611637416248163341731618468181721776117229162671485413589
 1 6880        3    127861240912262122341246513411157391746817633175671742317206
 1 6880        3    168521669416446164181726118359181161769517270163371498113740
 1 7880        4    129211258812421123761266213634160161769818000179401770917411
 1 7880        4    170311680616598165871754918472182991799717458164371508313780
 1 8880        5    129571255712358123541253713403155961739717779179061791917814
 1 8880        5    175101725116796163801686617376169151619915541146771364012530
 1 9880        6    117271128310988108681081711117116631249113454140601420414119
 1 9880        6    137341333513035130911405815283150541453214000134561272211847
 110880        7    111421073510549104561052910759112031177412755133181350413565
 110880        7    134101293512645126441375315152152651503914750141321322312297
 111880        1    118631177111697118351218513269158041771117986178991762717175
 111880        1    166221632815996159281677517871177021727716607156821433313075
 112880        2    122961194611826118611207112998154341711317347170731670416351
 112880        2    158471564715464154141630017221169241641415741147061329311973
 113880        3    110801070010480103611047511368135951536515872160141606516035
 113880        3    157671558815343151101578917038169011658416085152781406512966
 114880        4    122781201512047120941254913701162551808718514186211856118437
 114880        4    180661786717574174921820919277191201862118200173581603014854
 115880        5    140261374413616135611377114687169121850518818188061855718150
 115880        5    176061730516812166891711318081179011737516824160171496513846
 116880        6    130551257612334122351225512580133381423415351158361575815340
 116880        6    145251380713258131051384815252151491456714110134581263111781
 117880        7    110351061410304101701016910321106741118412140127781293012982
 117880        7    127971230712022120701292214072140081348613098124451156110718
 118880        1    10024 9664 9503 9445 963210342120891372014746154221583915842
 118880        1    155911535115059147701534216185158581529914665136181227110982
 119880        2    10199 9808 9630 9584 976610673130271484915182151191509614859
 119880        2    145031435014088140171484616015158531532914758138751257211288
 120880        3    1047410110 9928 98661006110992132291529315903160671627616279
 120880        3    160811599015786156821625616808163831580215103140111262511300
 121880        4    1040010013 9761 9684 988910750130251498815455154881543615160
 121880        4    147411456314391143411494716011158791539514931140401278811486
 122880        5    106501027610093100851030011272136941550215825159301586915677
 122880        5    153301518414908146891512516186160571556615030143221333512340
 123880        6    115091103710843107811087811228119551297614097146991475614509
 123880        6    138991325812801126881332614712147221422513769132421253111707
 124880        7    110331056110357102651028010496109351141212332129861314013253
 124880        7    130661258912217121211266813950141471375513324126391160510694
 125880        1    10015 9718 9617 9614 984610780131561518315727158821589015809
 125880        1    155231547115258152991603416787164231584715110140751270011428
 126880        2    1058210210 9996 99201007710996129271476515536157761594215932
 126880        2    156651558715273151401567516803166961618715584146331333412160
 127880        3    115581128611194111251136312440146011644716672166371647516299
 127880        3    159211577815643154941616817538176041714816620157181418312741
 128880        4    122241185511650117671203312999155911739417631174131719116726
 128880        4    162621604115615155491611917405174901711416562156731462713535
 129880        5    123411201511872118791209413111154061713017396172121688016517
 129880        5    159461565315273150511550116571166661613415558146511360712474
 130880        6    115521100610724105551053910823115291240313488142361443214168
 130880        6    136091307312637124361292214113141271367213116124221160410738
 131880        7     9944 9416 9104 8961 8951 9120 94981004510976116171184911896
 131880        7    1166411288110121100111546128101288112496122041163410796 9843
 2 1880        1     9163 8873 8735 8714 8884 9878121781417914723148661492014753
 2 1880        1    144271429513997139241445015397152691474314027130811172110417
 2 2880        2     9571 9130 8924 8855 8995 9880120971405714657148151489914878
 2 2880        2    147491478714689147851545016176159421548314873139391267611417
 2 3880        3    105601020410141101161034711397138601572916159162081604915783
 2 3880        3    154551534015110150611556716798169231635415811148161345812143
 2 4880        4    112661085710680106151077911745138731577516365166121692816969
 2 4880        4    167591649016152157921600016867169011633415640147101346812389
 2 5880        5    115971134911164112711156612561148381651616885168451668016439
 2 5880        5    159941578315499152691556916706169591655416028152711425813175
 2 6880        6    123951196211684117171177512187129431388514905154631544615106
 2 6880        6    144491382413401132751372815255156411516814698141351340712638
 2 7880        7    119731158611401113601138211559120641263413437139701415714154
 2 7880        7    139051339312954129301349914916154981520114795140841309712172
 2 8880        1    113421104910884108741099812023143441612516603164371640716088
 2 8880        1    157411540315265151541568316897171201664816034149451367412377
 2 9880        2    115921121911109110771131812359147801651616683165491631715978
 2 9880        2    156551545615193152101568716720167941624815644146451326612016
 210880        3    110591068010528103991056211522138411546715804157341555915371
 210880        3    150271489914657145141492016123164811606715640147711349312268
 211880        4    114171107710976109671123412296145731638016688164561621515889
 211880        4    154721532415101150321540616296165091609815494146341330412066
 212880        5    112291083910620105931075511596133911503815984165721692416968
 212880        5    167501638115711152011523815836157671507714398135341246811487
 213880        6    106941026710092 99671007610483111451220313381141901437614424
 213880        6    139481357413342132571363814709151111469314234136401292512026
 214880        7    114361104410795106571068610846111811172412413129241304213040
 214880        7    127791226911837116791208813270139161353613295127451203411212
 215880        1    105171015110033 99921011910715118441302313772143881455914513
 215880        1    141611385313667136051410314952149721434513748129201181310680
 216880        2     9916 9492 9274 9240 944310317122551413114946152971539215371
 216880        2    149901486514607144621478415534160231551715016141381294111816
 217880        3    109721057910431104121060411479134461513315723157311562315399
 217880        3    149401471514423142401452815483158411540214811140761286511544
 218880        4    106431022410039 99941017411020129261466515195151981507414807
 218880        4    143841421513912136511385514799154631510814651138461270511513
 219880        5    107171032610215101901043211304131931491515514155241544215110
 219880        5    147681465814440142531443515102153351479214242134461240911336
 220880        6    10472 9939 9663 9441 9394 9614102631113712368131591343813311
 220880        6    128481232012052119541218512960134451294812496118711114410351
 221880        7     9645 9133 8893 8790 8840 9112 95291021511180120001253612797
 221880        7    127901255312243121901264413849148631469014419137841282111924
 222880        1    112431103811000110241126712305145951627516672166141648016194
 222880        1    156931540215082148991523216063165311602215434143431296611573
 223880        2    106801021410033 98851002810899129301459815089147941475714581
 223880        2    143081425114187143141487615461155011504514523134961224410975
 224880        3    10107 9706 9530 9547 975910707129241472315115150761507514945
 224880        3    146511457014342142091454315321160181562915287143161311611928
 225880        4    111031078810651106941092411953140411583516164160431579315567
 225880        4    152721511015001148181505615902164271605515523146791344712233
 226880        5    113551102810908109091117712185142401597116297160721589915525
 226880        5    150661480514456141751423814997156661536614803141031309312027
 227880        6    111591064610427103551043710805115371247513526141661430514130
 227880        6    136351311812713125861291313714143181390313405128151208111366
 228880        7    1058310149 9973 9866 995110180104601103611823123261249212567
 228880        7    123641186311403112181154412563136701354613291126621188411012
 229880        1    104391021210134102111046811536138231555815994158531564115350
 229880        1    149101475714472144381473515417159071551314946139721262811411
 3 1880        2    106221023210133101381037011392135371528415630155611545115199
 3 1880        2    148691473914438142601454815394162421601215513146441338512180
 3 2880        3    114261109711050111381138912426146231619616426162561598115624
 3 2880        3    151261481914445141461437015081157691535114740137931244111155
 3 3880        4    10226 9798 9540 9499 963210562126801441614876147621467314452
 3 3880        4    141591409213930138471422914869153561500414438135431224111006
 3 4880        5    10263 9887 9749 9727 990410801129851492015575158621599815935
 3 4880        5    158881575215514153541554415799159861549314879139841290211766
 3 5880        6    109101048110294102661037710720113471233513282138761394813735
 3 5880        6    132241267812169119581216912923140001370613326128021215411375
 3 6880        7    107381030510139101111018610391106791121111873122941238312387
 3 6880        7    121131155111052108841112411944131751319312902122701133810459
 3 7880        1     9826 9587 9508 9528 976510820129681476915220151991498714669
 3 7880        1    142721409913789136331380314362152071495014384134431211710896
 3 8880        2    10077 9826 9693 9707 993110965130931476415116150631491614699
 3 8880        2    143311412913777135671368814250151651495214427134981212110886
 3 9880        3    10084 9711 9624 9578 976910753127851467215192152051516714954
 3 9880        3    145531437214078138701407014628150911464014025130731172010412
 310880        4     9591 9171 9002 8887 9096 9993121971411914831148971489514771
 310880        4    144121426613884136921385414496154371524214774138691260911361
 311880        5    105431016310021100361024711188132041489315397153911536715044
 311880        5    146401448214112137651374614121151071484214296135251247611443
 312880        6    106261022010045 99921002710353110541199212982134771343713076
 312880        6    124251180011405111751141912044131371258112289117231089910092
 313880        7     9419 8913 8627 8512 8460 8624 8904 964110769115171191112219
 313880        7    1209911618112531111311367119181285912760123261166910732 9861
 314880        1     9251 8952 8870 8887 912310125124381452915217153691546115395
 314880        1    151891506914862147081499315442158711546114840138281238111158
 315880        2    10363 9952 9790 9757 994010906129531476215311153471530115141
 315880        2    148521472814524143501468015127157701548514969139751258211353
 316880        3    105691019510046100351024011188131781489315263151771515614856
 316880        3    145761449514261140971429414740154751523914769138261249511257
 317880        4    1042910070 9950 99371012811096130801473115115150741495114688
 317880        4    143441411813839135111347813753146611464914150133241213010897
 318880        5    10163 9820 9687 9711 994310858128041451815116151451502714888
 318880        5    145561446214245140351421614466149961467514080132911218911048
 319880        6    10235 9758 9521 9417 9444 9761103461145512498130941311912906
 319880        6    123101177411377111501130811845129581293312608121061134110635
 320880        7    10001 9559 9322 9235 9235 9399 96291042811492122591263412863
 320880        7    126851222411792116471188112534138081395613791131001213111296
 321880        1    107601052210513106051093912035142141604216675167091682216595
 321880        1    162531599015665153841556816013169101687416308153391396112752
 322880        2    120071174011625115991187112792147551632016698165251634816060
 322880        2    155921530114920145721462515010158951587915320143931300611883
 323880        3    111461083210705107701100412000140221549615768155541534615055
 323880        3    146511444314149139731412514531153111524714709137161231111072
 324880        4    10217 9775 9585 9467 959710490124511430614755147381458314331
 324880        4    139251380213541133171344313878144181419113593126681130310056
 325880        5     9275 8807 8680 8566 8745 9599115371358614284144741450114395
 325880        5    141071403613740134921346713518140651378713197123881127610225
 326880        6     9311 8819 8494 8328 8320 8575 91151029511584124241277812685
 326880        6    1232912054117451156511782121211258512297118131117410384 9574
 327880        7     8818 8294 7980 7844 7766 7873 8150 8901 9926107371110311243
 327880        7    1110910743104031036010591111081207312310120961145710495 9637
 328880        1     9091 8808 8721 8735 8987 9940120621401514759149111504214895
 328880        1    145781436513987136701366713890147471485314274133621198410734
 329880        2     9971 9607 9459 9468 967010400125351425114669145901444114191
 329880        2    138511370513421131291312813311141131428313787128741155910310
 330880        3     9536 9184 9023 9047 930110119122161390714280142391414513904
 330880        3    135961351913268130221309013352140711413713627127121139810172
 331880        4     9398 9069 8946 8880 9105 9883119061371214138141301407813858
 331880        4    1351413400131141283512739127791354113720132431243411120 9932
 4 1880        5     9139 8731 8547 8490 8664 9192105691215012943132121325313162
 4 1880        5    1293012739125271233412494128441321112949124901174210742 9732
 4 2880        6     8928 8480 8210 8051 8107 8172 8748 990411115118581198011736
 4 2880        6    1132410875104931041610624110031184312005116541110510208 9285
 4 3880        7     8556 8035 7854 7734 7663 7758 7956 8528 9554103181077810997
 4 3880        7    110221059210127 9627 9712 98291017410856111981117310181 9021
 4 4880        1     8356 8036 7850 7786 7910 8773108281297113913142851443814459
 4 4880        1    1431614248139561371013688135341329113544135981262511306 9951
 4 5880        2     9022 8496 8252 8179 8264 9093111421311213754138841396113862
 4 5880        2    1371713672134031317813126130501284513184133071245511152 9867
 4 6880        3     8995 8588 8359 8298 8428 9328115271360214345145461464514498
 4 6880        3    142511414513852136271369313791136881402913930130581173210387
 4 7880        4     9524 9083 8894 8841 8952 9852120101407514765149321492214783
 4 7880        4    144381438914205138851387114018139641413513969130931178110419
 4 8880        5     9510 9042 8773 8723 8850 9683117301381114621148141485014705
 4 8880        5    143941433714095138141373913663135281354613312125391156010401
 4 9880        6     9510 9022 8669 8525 8515 8777 93581042311703125071269112408
 4 9880        6    1185011290107771050610490105831068011093113941087010207 9434
 410880        7     8669 8180 7930 7794 7765 7892 8089 8800 9717104501074910881
 410880        7    1075510318 9903 9718 9796 996210104108061146010923 9969 9013
 411880        1     8410 8077 8001 7953 8211 9148114031354514351146261480314732
 411880        1    144811437914143139391400414051138491402313901130221170210396
 412880        2     9590 9101 8868 8790 8973 9836119201392514497145201446914236
 412880        2    139051377413447131351308512979128141324513707129481168310403
 413880        3     9615 9234 9112 9068 926610145122081418814680147501463014387
 413880        3    140311390913583133041323113215130541349213861130781186810551
 414880        4     9745 9335 9233 9175 934810242122761417914652146951455414243
 414880        4    138741370913423130881294012874128361337413679129121165210375
 415880        5     9515 9085 8832 8799 8955 9820118521391714650148971496414899
 415880        5    146431443914348140211397513874136971362413461126721159310532
 416880        6     9626 9144 8914 8786 8811 9104 96751078712031128961314313083
 416880        6    1258512042115821131711322114211141511685120161155310785 9988
 417880        7     9311 8895 8608 8435 8417 8501 8672 924510158107861104511128
 417880        7    1093410469 9978 9710 9748 9825 9891104211111210714 9943 9007
 418880        1     8436 8128 8033 8005 8139 8821101971202313141137841408314114
 418880        1    1382213664133231315013283133401312113075130231217011019 9858
 419880        2     9131 8805 8688 8674 8862 9774114741332314100142571423114134
 419880        2    138091373813420131091319813167128951305013469127311158410335
 420880        3     9507 9184 9009 8963 911710009117131354014364145551460114497
 420880        3    141821405313710134001334313114128211299513469128231170610449
 421880        4     9638 9273 9104 9041 9107 9912115161344814174143291427614080
 421880        4    138181378813525131851312212891126401289913428128341161210502
 422880        5     9628 9221 9069 9012 9169 9888114361338214192144861453914302
 422880        5    139281371813323129321271512386121471227712761121911121210090
 423880        6     9318 8873 8661 8552 8627 8936 94631050111517120641210411804
 423880        6    1136311036109041096611262115831161311664116681118010245 9537
 424880        7     8791 8318 8072 7934 7923 8069 8238 892710008108731140511709
 424880        7    1168211375110111082210947110871119611495118461126410306 9336
 425880        1     8676 8367 8296 8270 8400 9314113471341514107143081435814152
 425880        1    138901372813538132241315813058127231278713355125761130410003
 426880        2     9179 8812 8709 8664 8873 9745117581368014124141251402313774
 426880        2    1350913390131731298512886126611233912527131421235811162 9868
 427880        3     8937 8553 8369 8320 8452 9333112841322913798138301383313621
 427880        3    1336013342131271288912785125451223112332129471225010898 9639
 428880        4     8767 8351 8134 8062 8177 8992111131314313946142481437114343
 428880        4    141751419713992139131390713750134221339213449126951131210019
 429880        5     9111 8705 8462 8388 8507 9294111861322713938140411407113858
 429880        5    1355713523132001286712662124441225912324125801200711067 9948
 430880        6     9063 8588 8294 8139 8135 8428 89531014411389122301242712287
 430880        6    1182311373108961062110630107701082810979113431093310224 9372
 5 1880        7     8585 8117 7825 7692 7691 7758 7925 8713 9759104961091311120
 5 1880        7    1101010607102411010210301105221075011069116021109810092 9150
 5 2880        1     8482 8185 7980 7968 8123 9084111831354614413146741481014737
 5 2880        1    144881439614102138871389413816136061363013783128961159610291
 5 3880        2     9365 8971 8797 8731 8868 9715118181389214442144801440814159
 5 3880        2    138471376213413131761309112936125861260113237126551140610019
 5 4880        3     9136 8764 8600 8543 8737 9529115211342013942139521393113745
 5 4880        3    1348413447132411304812921126341226012245129211232610999 9637
 5 5880        4     8740 8271 8094 8037 8227 8968109751298913638138471392613818
 5 5880        4    1361913629134641321113133128871268112690130411235011044 9690
 5 6880        5     8819 8366 8130 8003 8106 8814107601285613685139541404813951
 5 6880        5    1375613683134491313812981127221244012378125061182610846 9666
 5 7880        6     8742 8268 7972 7775 7749 7936 8509 973510974116871180311624
 5 7880        6    11143107441037910183101691017610152101981085310608 9880 8979
 5 8880        7     8228 7767 7480 7379 7327 7335 7577 8356 9325 99691016110136
 5 8880        7     9935 9608 9289 9164 9191 9286 9382 97471081610642 9755 8739
 5 9880        1     8130 7853 7706 7685 7907 8695108761284713559137721383313813
 5 9880        1    1346713486132231300712914126421228512279129101223710907 9547
 510880        2     8682 8293 8072 7981 8092 8905109481317613923141761429514209
 510880        2    1398113867136341347413641136011328413094131821240311057 9718
 511880        3     8795 8421 8179 8059 8197 8957110221314313936141791432514274
 511880        3    1408814081138421357513672135081310312856130731238911119 9698
 512880        4     8825 8431 8191 8108 8238 8928109921288313585137201385713755
 512880        4    1353113516133371313712966125241219012047127211233411044 9334
 513880        5     8667 8229 8031 7917 8079 8724107171269413486137151387513865
 513880        5    1369913655134661316112902125131208112026124091186410829 9607
 514880        6     8681 8145 7835 7655 7643 7727 8308 951710722114251159211435
 514880        6    10982106391033710160102291028910210101431068010477 9767 8871
 515880        7     8110 7643 7443 7263 7264 7168 7432 8166 9162 98821013010217
 515880        7    10077 9786 9519 9408 9536 9683 9714 98771070910561 9638 8635
 516880        1     7917 7598 7467 7413 7560 8315103191258513500138471406314121
 516880        1    1393313974138731365913622133211288912685131061248411081 9711
 517880        2     8760 8296 8091 7943 8070 8749107341281613643140121421114180
 517880        2    1410714163139861376613767134841313412999132281249511099 9740
 518880        3     8800 8348 8149 8001 8083 8814107801292113672140441420514146
 518880        3    1397813924137581362213723135901316713053131561240911146 9824
 519880        4     8854 8409 8209 8079 8208 8949108951306913905142261455314245
 519880        4    1419714150139511372213792137321338513219133031254211249 9930
 520880        5     9004 8530 8262 8158 8249 8961109011302013842140941424414154
 520880        5    1391613803135591326613103127221229412030123371201710989 9836
 521880        6     8843 8269 7961 7783 7746 7919 8527 968310967118481217712084
 521880        6    11687113271098510805108241089210830107251106510746 9999 9058
 522880        7     8283 7737 7443 7255 7205 7195 7416 8090 9126 99941045610715
 522880        7    107231045610118 9974100761022510325105461105910950 9961 8849
 523880        1     8127 7769 7586 7531 7648 8354104461265413641141951453014686
 523880        1    145901474014579144781435813907133571307713570131011176510289
 524880        2     9226 8724 8460 8283 8323 8974109821314014165147301499415229
 524880        2    1513815102147711465514525140701344113084134151297411535 9964
 525880        3     8959 8544 8300 8110 8224 8929108741304213891142491415314436
 525880        3    1433714208140471391314006138921345313120130871247011205 9824
 526880        4     8872 8421 8191 8114 8265 8869109151292313597138081391713807
 526880        4    1366413620133891317813044126961233112087125951240211177 9786
 527880        5     8813 8330 8045 7993 8105 8763106891266513527138961399514018
 527880        5    1387113982138541351813312128481237512018123071206011000 9747
 528880        6     8743 8141 7784 7562 7513 7513 7988 907910307111901149911508
 528880        6    1130411112109561092111007110141089510699110481103510242 9200
 529880        7     8365 7802 7478 7257 7122 6947 7267 8106 9188100161037010543
 529880        7    104921024210063 9982100971013510033 99661046210567 9834 8903
 530880        1     8040 7555 7303 7151 7104 7046 7373 8184 9302102051061110813
 530880        1    10707103701006010031102251035510337104151093410687 9701 8624
 531880        2     8571 8291 8031 7873 7962 8578107121287314022146741508715309
 531880        2    152311532515236150581478514304137581344513739133361190010417
 6 1880        3     9207 8700 8443 8273 8356 8899108541303214005144191464914641
 6 1880        3    1453814573143401420114184136791318312878130211245411088 9693
 6 2880        4     8802 8365 8121 8008 8105 8722107451272713570138381401813952
 6 2880        4    1370313704134611324413175129091246312241125741233611160 9820
 6 3880        5     8854 8418 8149 8050 8151 8751107551276613532137581405113946
 6 3880        5    1380213702134951319612999126941236612096122301188810935 9744
 6 4880        6     8808 8261 7944 7755 7769 7904 8472 967810851116531187511806
 6 4880        6    11424110911073610507104911057610539104161076310678 9940 9026
 6 5880        7     8238 7743 7476 7259 7221 7104 7450 8166 9189 99811038710609
 6 5880        7    105231026210016 994510088102071012210221108271094610059 8960
 6 6880        1     8231 7815 7627 7568 7676 8277102901250913494140001421314281
 6 6880        1    1416014227141781396213862135021293612550127911259411278 9815
 6 7880        2     8857 8378 8150 7985 8075 8908105841266713563139341422014220
 6 7880        2    1412214111140531385013739133701275912363126201242611142 9701
 6 8880        3     8772 8287 8057 7916 8009 8581105891268013534139191415014180
 6 8880        3    1403514118140041385113786133641282312484127271234111210 9778
 6 9880        4     8820 8342 8098 7944 8049 8729106551276513594138631410114112
 6 9880        4    1393713867136021339713347130771260412430126071234811136 9787
 610880        5     8858 8367 8110 8021 8164 8721107021272513597138561402713975
 610880        5    1378013803135621326013063126151216411834120141188110868 9731
 611880        6     8725 8153 7883 7702 7688 7724 8362 957510830116311180311801
 611880        6    11366110801081510696107851083710650104461064610756 9901 9184
 612880        7     8292 7763 7479 7284 7197 7039 7365 8139 9197100701054710784
 612880        7    1082410655105521061910870110681105811170118001206511119 9985
 613880        1     9118 8651 8414 8284 8358 8910109791349214889157681632616532
 613880        1    165461684416804167411662616216157851530915529153451378111992
 614880        2    1075810135 9702 9496 9408 9863119001418515481161551688517117
 614880        2    171901740317490175301749016917163541587615988158721433112575
 615880        3    112601055910149 9863 985810313123481466816147170351760017896
 615880        3    179051814318229179901781717494168671642116516164221491613148
 616880        4    118191105710628103541032310699126721491516204169491760817890
 616880        4    179701819718209179341775016946162161565315636152481376012220
 617880        5    1085410166 9743 9591 953210065118371389314931154411564415643
 617880        5    155091534115154147041443213984135001307712948126311165410399
 618880        6     9401 8786 8441 8253 8176 8223 88691007511440124641287012914
 618880        6    1264112394121071196011962118831167211388114871163610900 9870
 619880        7     8979 8370 7919 7717 7712 7524 7820 8533 9668106371118511533
 619880        7    116431151111375114191160611660117231153511981123271141810193
 620880        1     9353 8872 8620 8467 8585 9121110481340414826157401640016762
 620880        1    168891715917206171611707316596159521541415339151821375212111
 621880        2    1094210318 9983 9785 982810284122211457616036168771741917673
 621880        2    176961779517735176561763117255166831611516054158981435512687
 622880        3    112871054210106 9861 983910262119551427315672165521709317358
 622880        3    173381752317417173821737117031164911604815678148201356012111
 623880        4    110891058410251100841009210694123821460315881166111694017004
 623880        4    167851677316600161921585215069141551343213278131601192210406
 624880        5     9416 8792 8500 8354 8431 8863104641241613570141491442914419
 624880        5    1426614319141831384713680131961268512228122561221911233 9998
 625880        6     9070 8465 8134 7952 7922 7966 8603 963110814117361208312100
 625880        6    1179811499112001102811043110661083910538107361077010030 9188
 626880        7     8394 7884 7584 7435 7411 7319 7523 8263 9170100281057211052
 626880        7    1124311071108741080210905109501078910681109551117410356 9374
 627880        1     8895 8491 8311 8242 8333 8895104841258613853145271490315063
 627880        1    150081503614931148061467314326137081322613288131251192810635
 628880        2     9249 8670 8406 8292 8369 8813104861256713824145391504515182
 628880        2    151091520715125150581494814539138811335813257131081165510159
 629880        3     9496 8924 8663 8493 8573 9077106271258813676141781452014605
 629880        3    144291450814418142011405613753131791276212835126581144010109
 630880        4     9103 8537 8264 8138 8249 8724103431227113429140331441214463
 630880        4    1435214298140951375913634133331280212378124341229311238 9864
 7 1880        5     8918 8455 8167 8035 8116 8560100401192012959135471384513874
 7 1880        5    1360313464132411288412704124851213211771118091162610691 9506
 7 2880        6     8635 8055 7725 7581 7512 7449 7909 8808 9953108481120311232
 7 2880        6    11019106941042310251103131038610292101291034110469 9805 8972
 7 3880        7     8164 7624 7333 7126 7069 6864 7180 7923 8926 97511020310383
 7 3880        7    1032710030 9824 9789 9920 9993 9864 9735 994010182 9692 8972
 7 4880        1     8126 7585 7303 7139 7104 6959 7268 8003 9117101111065110869
 7 4880        1    1080810557103741034110515106391048110356105941073510234 9420
 7 5880        2     8617 8144 7901 7782 7843 8298 97831184913384143941506915447
 7 5880        2    155741576015766156311558615160145401398213962138161248710954
 7 6880        3     9770 9145 8861 8658 8676 9095105341264414086150661569816068
 7 6880        3    163131659516576166051654016118155321516015224148461349511950
 7 7880        4    1071410054 9664 9470 9418 9805113831343114917157761641216728
 7 7880        4    168761721917172171721703716633160871556615575154271409912449
 7 8880        5    112161049610094 9858 983010179115991370915199162951695217334
 7 8880        5    174931764017675174991728616769161291550115397152111401512615
 7 9880        6    114251060410164 9791 9611 9690100671110112355134261404014281
 7 9880        6    142501414314067140651417214126138871352613612136121276111657
 710880        7    10575 9867 9452 9159 8971 8837 9023 976410962120981288413393
 710880        7    138101387313794138421404314082139721388514279146001374112448
 711880        1    113231073010376101401012810575121531442016213174211813018553
 711880        1    187351872018689184731825017789172661687516845164901491213269
 712880        2    120531135411022107421075311208125431435315684164041684317071
 712880        2    171621733417213170941697816480157901529215403151171386212292
 713880        3    111481051510111 9845 981210192116511364614980156721613316316
 713880        3    163201647016477164401643015955153491472914607144701317511644
 714880        4    10531 9880 9536 9303 9358 9759113081340514841157581634916794
 714880        4    169191719517212170811695716509158451536015250145361334911938
 715880        5    110031036810059 9830 984510227116761377115216159411633016499
 715880        5    163311642616251160241572015142145301387613787135651243011184
 716880        6    10072 9358 8975 8746 8620 8654 91801031311780130111364613953
 716880        6    139441387013805137441386513856135731334813562135681276911700
 717880        7    1074110138 9701 9448 9313 9191 93061003711129121841304213655
 717880        7    139281386013824138291401714076138761369213703134361248911356
 718880        1    1051910060 9807 9644 972710186118781415015932168931750417860
 718880        1    177361794617932178151785417454168921627416268159811455612853
 719880        2    115721086010483102531024410681122501430015638163271665916719
 719880        2    165581647416340161091602815675151331479014965146681347412141
 720880        3    111351042210164 99581003510598121301419415515161751661016701
 720880        3    165651662216482162281608915692151111471314830144161319711705
 721880        4    1068610031 9712 9518 955410146115181341514668153281571715790
 721880        4    156381560115460152151511014806143841402014027134411228911034
 722880        5    10058 9489 9153 8917 9103 9625111431313014399150891547915516
 722880        5    153761527915029147111443813998134891309413166128541192810737
 723880        6     9721 9081 8702 8466 8405 8519 89591007311466126041322313356
 723880        6    130911281712566124121241812375121611193812238120051118710254
 724880        7     9425 8788 8445 8235 8151 8139 8252 8801 9685106371129211741
 724880        7    1185111578113101115011276114091136511281116531162210814 9854
 725880        1     9022 8610 8392 8289 8390 8998106281265114080149671549315786
 725880        1    157611588215960158321577815439148841430414462141491286011395
 726880        2    10235 9572 9228 9025 9092 9572110771323514770157381644816837
 726880        2    169121715517038168971660216002152961487414917144421311111825
 727880        3    1066110065 9758 9595 961810217116181359914996159181645216700
 727880        3    167801698516967168301685216427157831530015483151541379212253
 728880        4    1108810378 9957 9798 984710369118631377315184159511648716771
 728880        4    168711698216663163151597615345147781436114368140161283811299
 729880        5    10197 9556 9212 9004 9042 9551110251316414736157701647316894
 729880        5    169751725817199170421700016266157521528115376150311390712531
 730880        6    113161051110040 9742 9591 9629101061136712941144241522315658
 730880        6    155721550515378153691549115428151621498415236149981405912918
 731880        7    11868110651052610171 9972 9843 99311051311460123501288813244
 731880        7    132891311412840127511291613019129101278613389134501247911293
 8 1880        1    10336 9776 9522 9383 944110104115851375415318163491714217421
 8 1880        1    176431792917942178241778017369167801627016489160111451212895
 8 2880        2    116351094510521103401031610760122531438915950170871782918286
 8 2880        2    184581865318712186481860218200175621709017342168971539913636
 8 3880        3    124631166811289110341106311424129191509116656177311851318857
 8 3880        3    189411919219135190011888018500178201735317734171491573514019
 8 4880        4    127421199711570113011128811807132131540017001179191854218816
 8 4880        4    189301911419036188591873718378177801724117493170771567914014
 8 5880        5    131491260111898119071195511953126881453016708175111835018569
 8 5880        5    188121884018596183811806417525171371657616761163571516113611
 8 6880        6    125271172711281109491078910846112311244913926151001572615912
 8 6880        6    157181560615418153131535715239149071456014924146561370812706
 8 7880        7    112441040710227 9760 9542 9944106901157012089133031388114507
 8 7880        7    145511436814412143571455914623142361410414786144181336312247
 8 8880        1    111781065310321101761015710719119301409515675167371735917671
 8 8880        1    176831790317783177521771617376167761626516607160381455713009
 8 9880        2    117151097310598103901037910864122751446216207171811784918247
 8 9880        2    183951866618648185811846718057175081691717299166411516813416
 810880        3    122431174411243110351106611644131261528616840178301856018894
 810880        3    189561918719023189171885818444180431754917961173191591914274
 811880        4    130621237111946117041166312254137531573417282182121894719320
 811880        4    194171950019457192831914618798183621800018390177041631014645
 812880        5    134681274712290120291199612527138591596417536186091909519298
 812880        5    193161943219320190731866718161174311697117191165891538413908
 813880        6    125801177311185108671073410815112291239613903152771606916355
 813880        6    162301615616056160371617916094158151565616156157631478913631
 814880        7    126781195111453111241089610859108391157812886140581489815489
 814880        7    156371551015350153071545515458152111539515860155081439713098
 815880        1    120681145811228111051122511935133591558717255183431895419276
 815880        1    192441926018933186461857918200177091712917195163071478713166
 816880        2    120711129410908106341064611165125051443015659163051663316715
 816880        2    164901662616470162061605515569149641444114835141041271011299
 817880        3    10318 9721 9387 9170 9255 9833112791327314621154821597416323
 817880        3    163861661116616164701635815875153411511615196144091317211799
 818880        4    1080210189 9871 9685 973410343117221364914920156341597115913
 818880        4    156411565315533152521506414631140251361813949131501185710519
 819880        5     9500 8932 8626 8460 8522 9141104371233013351141671450714607
 819880        5    145521456014481142301402913611131581276313111123991134910131
 820880        6     9232 8632 8257 8066 8019 8233 8614 974710972119351235112383
 820880        6    1206811789115551137411387113991123411245117081120710356 9454
 821880        7     8618 8094 7788 7594 7531 7577 7604 8339 9303102171071611064
 821880        7    1109810899106791060910677107701068310758113581091510008 9093
 822880        1     8403 8029 7827 7760 7876 8636 99721189813130138031420514285
 822880        1    1421914200140731386213770135151298212822131261227511014 9741
 823880        2     8869 8387 8149 8056 8165 8841102561208813128136841404614139
 823880        2    1406814135139801373713635133471288912907131301224811005 9787
 824880        3     8958 8488 8275 8140 8251 8926104861232613451141611451314594
 824880        3    1446914384142061397814015139191350913367132461236511188 9972
 825880        4     9068 8608 8341 8237 8317 8975105011231113472141531456114680
 825880        4    145871473214608144501437813973135481354113791129241172610448
 826880        5     9492 8937 8723 8585 8648 9315107371270414125150951573115981
 826880        5    160081612516088157541535914810142881420314402136181245911204
 827880        6    10163 9461 9022 8810 8754 8932 93891040611728127531323413304
 827880        6    131121288612742125991267812675124631260312909123731154610583
 828880        7     9829 9251 8856 8660 8559 8552 8640 929010364113371212512617
 828880        7    128251281712677126571276812877127441310313568131151219611159
 829880        1    10330 9848 9638 9475 960210309119121401015526164821702017266
 829880        1    172321713916909165861647916157156501538014914138441251711258
 830880        2    10298 9708 9278 9059 9113 9817113211315114227147931505515070
 830880        2    149031492814799147241440914095136071356013678128541158210263
 831880        3     9307 8777 8484 8340 8440 9160107251249313631142851472414878
 831880        3    147811491314803146061447314091135841357513741128521153410234
 9 1880        4     9223 8731 8453 8299 8362 9067106691249613612142711471514873
 9 1880        4    148571496914832146901453514133136751374413858129031154910285
 9 2880        5     9270 8744 8454 8300 8380 9039105531246313547144221490815031
 9 2880        5    150271517214979146531436413844133501337313379124981135610083
 9 3880        6     9148 8530 8172 7957 7886 8060 8345 921910446113711179311857
 9 3880        6    1167911464112641119811271113211128611635117371111810245 9360
 9 4880        7     8560 8037 7672 7502 7468 7495 7672 8193 9175100531063310983
 9 4880        7    11077108601054910459106291086510933111201098510456 9739 8994
 9 5880        1     8251 7785 7551 7367 7374 7499 7741 8351 9432105381127211524
 9 5880        1    11430109701069110573107481082410745111481136510592 9476 8555
 9 6880        2     7940 7566 7432 7360 7500 8337102241211213064135791384313999
 9 6880        2    1381513897137201348013480132351285713220131711218310950 9583
 9 7880        3     8685 8255 8019 7931 8107 8892108961254613338136791395814021
 9 7880        3    1390713951138491368713599133951301313308133241232410901 9547
 9 8880        4     8710 8259 8036 7925 8066 8899107741267413441138121408514170
 9 8880        4    1405414194140601390613877135611319413473134561244511048 9700
 9 9880        5     8811 8347 8127 8010 8110 8909109371279413627140571433114341
 9 9880        5    142561434114225140301387813533132751349513237123801133210132
 910880        6     9213 8641 8319 8097 8093 8359 8972 995911206121621263512723
 910880        6    1242312140118801165311564115341141811846117911098010155 9254
 911880        7     8533 7924 7589 7369 7308 7373 7513 8174 9179 99921045210680
 911880        7    10717104921023610171102911045010552113001127910661 9666 8696
 912880        1     8071 7740 7606 7540 7686 8562105161241913282137391403514133
 912880        1    1401914075140031384613781135241318913680134481242511027 9722
 913880        2     8786 8363 8151 8041 8148 9032111621307513914143771463514668
 913880        2    1453314516143961427714331140741370014035137901268211225 9731
 914880        3     8960 8468 8211 8078 8172 9005109531284713511138641398914090
 914880        3    1392013999138901376113751134911318513650134051240111069 9732
 915880        4     8855 8377 8180 8050 8178 9025110021279613461137491392013887
 915880        4    1375513765136181339913316131151286313455132211227410929 9617
 916880        5     8727 8277 8062 7997 8101 8927110201287413481136881383113701
 916880        5    1348713511133231301012859125531239812861125741170310711 9628
 917880        6     8728 8200 7922 7772 7774 8055 8637 970410956117031194011834
 917880        6    11479111371089810751109471120611334116231127210608 9777 8940
 918880        7     8183 7718 7428 7258 7198 7293 7579 8184 9266101441062810892
 918880        7    10900107501044410392105951076611014118881170010993 9994 9049
 919880        1     8351 7978 7776 7761 7874 8842107901272613731143101479214962
 919880        1    149391504814911149031476714499141471467714179130891167310174
 920880        2     9221 8743 8484 8372 8481 9323115201345614307147671502115058
 920880        2    149711506714923148191480514536143641463714070129941161510273
 921880        3     9352 8879 8642 8501 8621 9467115251341314338148031513515201
 921880        3    150531505914851146121450314193139221435713900128081139010031
 922880        4     9114 8621 8376 8181 8354 9080111701296713715141071429514340
 922880        4    1415614210140361385813802134981341513911134711242311095 9821
 923880        5     8901 8451 8188 8073 8186 8957110431295513809142101445714437
 923880        5    142921433614309141101396413573134101378913313124021128910038
 924880        6     9046 8438 8122 7887 7841 8092 8675 973010978117631202711950
 924880        6    11530112211087710720107721090511167116701131610661 9822 8941
 925880        7     8239 7720 7483 7554 7260 7355 7566 7997 9211 99811037410581
 925880        7    106031035710076 9982101891046210831116131121410563 9728 8741
 926880        1     8105 7773 7626 7572 7768 8662108601267013414138901409914134
 926880        1    1408014187139781382413798135771353913991134781234310934 9670
 927880        2     8770 8279 8083 7994 8118 8992111141302413531138521397714042
 927880        2    1397913962138421372213712135611363614049135691245511103 9718
 928880        3     8878 8418 8215 8047 8230 9019111921297913696140731437914416
 928880        3    1435114378142641398413953136531361514084134491238911043 9715
 929880        4     8842 8425 8205 8105 8245 9125113141312713704138481392113822
 929880        4    1363013627134591319713200131651329813883133671233111074 9780
 930880        5     8875 8453 8226 8153 8290 9081112281310113730140051398913944
 930880        5    1374513789135261329513119129321310913385128541202010912 9780
10 1880        6     8786 8243 7924 7766 7735 8012 8650 966010882117341207412043
10 1880        6    1174011554111831106711094112451172512108116281092010059 9087
10 2880        7     8422 7836 7535 7335 7289 7369 7623 8195 9218100921053610854
10 2880        7    1086810680104161044210634109361160712046117271094710022 9042
10 3880        1     8353 7976 7774 7679 7800 8628108151265813451139001415014135
10 3880        1    1397314008137841356213583135941400914016133141228410905 9597
10 4880        2     8707 8262 8065 7898 8068 8891111231305113747139731416514060
10 4880        2    1392113883138001367613906140151421314202135851252211151 9816
10 5880        3     8922 8461 8213 8141 8271 9152114541340614050142131433014270
10 5880        3    140311401013843136961374113750141071429013697126671138310118
10 6880        4     9164 8706 8475 8388 8562 9433118271364514092142641428114071
10 6880        4    139151384513595133721342813517140721444413968129071156110355
10 7880        5     9364 8916 8755 8689 8837 9726120261389414405145021449214130
10 7880        5    137771384713807135521361613694141041394513386125201148110214
10 8880        6     9310 8873 8510 8368 8420 8729 94701047311867128731326313267
10 8880        6    129611261012325122031234112545130501295012498118111099410098
10 9880        7     9315 8820 8578 8451 8424 8544 8899 947610477111061132411338
10 9880        7    1115810807104201029910501108601169811986117091113110286 9436
1010880        1     8767 8399 8181 8117 8221 8786 99851124512207127881305112900
1010880        1    1260812338120241181012035123881310113276127311185410715 9512
1011880        2     8704 8283 8054 8001 8148 9042112781326113876140661411314034
1011880        2    1381513768135631334113409135731408214106135911256711277 9953
1012880        3     9092 8675 8495 8439 8618 9555119251381414287143301430414211
1012880        3    138511378113623134741360113762144241455013964130921180210495
1013880        4     9586 9177 8972 8938 910110067124071425014776148211483214725
1013880        4    143961433914021137501382714014148061487114368133811211010812
1014880        5     9851 9435 9271 9229 938310318126401442714985148321482114519
1014880        5    141411402613616132381308613128138081376513184124091135710270
1015880        6     9400 8918 8588 8454 8482 8812 95801063411857124841257312289
1015880        6    1182311281108991069610818112341210212073116421106110240 9368
1016880        7     8616 8133 7835 7684 7638 7766 8116 8700 9761105491096511104
1016880        7    11024107081038910261104901097211872119991162910898 9935 8942
1017880        1     8258 7907 7793 7735 7880 8862111941325413928142211430614242
1017880        1    1401813968137681362713656138421436314156134911246311107 9777
1018880        2     8888 8448 8153 8112 8202 9029113241330513919141371429714293
1018880        2    1415614112139271393614045143431460414210135441249811105 9936
1019880        3     8950 8495 8246 8192 8328 9225115401345914019141131411214041
1019880        3    137981380813673136151374213961146091443613858129011161010308
1020880        4     9444 9045 8826 8782 9028 9992124491430314725148051466614425
1020880        4    140661396913675134001345613704146941468014163132721205410863
1021880        5     9916 9584 9341 9302 952410485128221474915148150871494914695
1021880        5    142771421013963137001371613971145771413313548126591165210550
1022880        6     9593 9102 8790 8672 8637 8847 95321072712010130001340813375
1022880        6    1293912496120401184111968124181287712499119491128010510 9527
1023880        7     8818 8485 8129 7999 7974 8167 8539 917010216110391139211609
1023880        7    1139711034107791062810840114861246112350120051132110391 9521
1024880        1     8719 8411 8226 8170 8352 9275116931371014335146111473114640
1024880        1    144431437714104138741399814273147281429413677126871136210058
1025880        2     9260 8808 8634 8550 8787 9696121701400014408143671434214171
1025880        2    138911383913615134581365514064147401447913863128711164510356
1026880        3     9489 9068 8925 8866 9043 9977125301440814695147861451314291
1026880        3    139361397213732135591373414162149651466414029130991180510501
1027880        4     9603 9244 9021 9000 917710206127081462914838148481463214396
1027880        4    139991389313582133351340713818148151459914040131691188310601
1028880        5     9755 9356 9164 9151 932310326127081463615013149311481914546
1028880        5    141461411113997139261401514108142961378213189123021133210194
1029880        6     9325 8875 8616 8506 8605 8977 97721086612011126671277812533
1029880        6    119871151611103109361108111782128001250612080115391084210046
1030880        7     9347 8796 8520 8436 8500 8728 92671027311157116041155511564
1030880        7    1144911128109391105211956131331315312865122911160710663 9961
1031880        1     9287 9153 9097 9204 954610727131771485615233151761503814725
1031880        1    143041414913880138531459615620152551486314388134341209210831
11 1880        2    10139 9801 9640 9583 977610777131541490515389154931561715589
11 1880        2    153321531715170151851601016539159841526714485132791181910522
11 2880        3     9587 9150 8911 8852 9041 9976122181404714539146301470114665
11 2880        3    144791446314355143811519316107157531520914473133721198510646
11 3880        4     9836 9455 9247 9173 940010373127121446314863148771475514567
11 3880        4    142061410613883137151438615620154771495914388133991206910772
11 4880        5     9892 9506 9345 9356 958110576127331449314820146961449614263
11 4880        5    138801379313522133731383314793144771381713246123591128410126
11 5880        6     9249 8744 8480 8345 8347 8676 94061048511677123521250312407
11 5880        6    1204311685115001161112400131771284412221117101096410147 9238
11 6880        7     8540 8052 7742 7579 7552 7675 7889 8548 9548102651057910746
11 6880        7    10641103101008610150111111243912299118591144910700 9746 8871
11 7880        1     8270 8020 7924 7891 8114 9136114191339514112144161444014414
11 7880        1    141611413714028140391486915814154611485614209132171190710598
11 8880        2     9667 9288 9065 9020 921910251124171402414381143371428014132
11 8880        2    138151382913721137761467815489151181459113908129081160710280
11 9880        3     9422 8928 8709 8696 8883 9798120511376514154141631422414086
11 9880        3    138951390413749137661458915525152841466014013130351174610475
1110880        4     9630 9265 9103 9015 921110156123241406514526145041448014301
1110880        4    140091397013879139491485015438150611439713542125931136610091
1111880        5     9230 8761 8546 8453 8575 9248105391191412842133531347313450
1111880        5    131871296112723126951355314464141661356713034122961138910350
1112880        6     9617 9183 8930 8867 8977 9424101061118812228127501273112417
1112880        6    118711135811050110901228513638134841299512500120031129710360
1113880        7     9675 9202 8939 8774 8785 8915 9191 979510856115931201812234
1113880        7    1227012037119051207412791133741309012613120731126910322 9425
1114880        1     8736 8440 8375 8404 8695 9712120041383214377144541439814232
1114880        1    139451391113801136531447815551152181466314081129231163710306
1115880        2     9367 8932 8766 8698 894810000121781400014324143101426114145
1115880        2    138471379613600135001449215603153001473714166132451190610654
1116880        3     9770 9372 9211 9192 945510475127881460415006149911490314761
1116880        3    142981429614163142721526215836153411474814067129511154610168
1117880        4     9146 8766 8522 8421 8569 9459117531348714203144181459914660
1117880        4    144451439714186140441453815572153371482614281133841207510743
1118880        5     9884 9467 9263 9218 943410441126341428314749148611476614553
1118880        5    141441402613770136371444015332150851446013940131491213910990
1119880        6    10112 9607 9326 9236 9311 9798105661167412850135831359513397
1119880        6    128911252512332123991348814278139951342812853121771132510427
1120880        7     9535 9043 8761 8560 8577 8708 9202 985711025119901259213041
1120880        7    1312812871125631258913413138411356913115126161180710765 9822
1121880        1     9081 8750 8615 8582 8852 9883122471417114837150091513515053
1121880        1    148561486814734147201580316786164501589715204142331282111433
1122880        2    1051110066 9838 9756 998111003133331505315401153551517814978
1122880        2    146241445914230141221523616208161021566315141143081299211632
1123880        3    106601021410042100221026111285135371532815758157221550215117
1123880        3    148411458414299141051499015847155511516714643138191263711277
1124880        4    10204 9622 9385 9227 9309 9631102351104912138127781293812766
1124880        4    121581125410506102841086411531116361162011565113591076810056
1125880        5     9589 9298 9130 9113 9251 9755106901176212732131831315612969
1125880        5    125421214311840118921306914050138331338012885122731145710509
1126880        6     9884 9602 9473 9504 9554 9858103341095211791122921229911978
1126880        6    1148310958106271068711928130481283712405119711142810707 9894
1127880        7     9161 8675 8382 8244 8253 8406 8749 933410325111201152811791
1127880        7    1183211605113461139212366130201281112423119061110610114 9158
1128880        1     8474 8153 7980 7943 8115 9041113301341914175145661475214860
1128880        1    147021466314507146551548715982156561509014440134991217610802
1129880        2     9905 9496 9301 9286 946510477127971462415023150051497514747
1129880        2    144071434414109141261532916323160981559815019140401275411335
1130880        3    10401 9993 9774 9761 996910983133761512615471153351512514940
1130880        3    146491465414555145861557616333159291535514734137251234011043
12 1880        4    10053 9582 9396 9319 953110493129021466414957149151480414602
12 1880        4    142571422914077141421518916141159221543814892140541267711397
12 2880        5    1040310001 9817 97781000810995134141515315579155351549915390
12 2880        5    152071515615082151671600616459160321536114783139391275011569
12 3880        6    10524 9943 9595 9454 9488 9843106741169412795133341327812953
12 3880        6    123641189811580116261291214044137891324512756121301129210354
12 4880        7     9531 9001 8718 8694 8810 9093 96281037311461122561266912877
12 4880        7    127511243612198123711380715009149271457814219134141228111149
12 5880        1    1038710077 9998100691034511466140271602216596165931656716291
12 5880        1    158581581315481155171686417805175681704116457154791400012475
12 6880        2    115761121011004109741121812225147141648116863167271640916259
12 6880        2    159021572515465154941646317294169021633115741146361319111653
12 7880        3    1065810208 9982 99051010611095134911528515538153111508214794
12 7880        3    144501436214124141901538716303159701545114863138791244411058
12 8880        4    10076 9662 9426 9361 961210530130081487215314153311522715016
12 8880        4    147441462614505146101587616830166411624915794149121350512056
12 9880        5    110981065010493104221069211618142211610216627167261661716418
12 9880        5    161091595815786155801656817352170361637515869151441401512722
1210880        6    117591122510929107941087711244121041312914270148001481314560
1210880        6    139811359113319135451491615874155691502714540139291308812142
1211880        7    112381072110382102821034210581111361189913017137781409514252
1211880        7    142141392513769141061561616854169461669016433157591463513542
1212880        1    127851251812435125571285213955164471851418767187481852218163
1212880        1    176911742117132171951855419697194731904318514175681610314545
1213880        2    135941311612878128781300313910162101789118241181481794917741
1213880        2    173811728017036171321821418723184051777317032159141427812676
1214880        3    115551111110876107121097111926142371604216573165581642316222
1214880        3    158911575415594156991681117651172931675416129151661362012078
1215880        4    110481058510263102361043311326136511553815893157781562715348
1215880        4    151371511814957150301627917359172851700216494158421450213108
1216880        5    121841179311615117321197013157156451725417787176671744517159
1216880        5    167511652816282162651745618381181631765817162165401543714172
1217880        6    130611247812173120131210612471133031438915710164951654816351
1217880        6    159021553215321154091658117498172451669316110154041443313314
1218880        7    123341187811604115281156911810122481288313929144951466614660
1218880        7    143731390813602137131513516359163731616915907152691406512860
1219880        1    119501156811478115231180012872154241731117757177941751817110
1219880        1    166091632715989159321717718412181171763217115162361476113104
1220880        2    119931148111249110881128112111143731611816451164051624215978
1220880        2    155061533415115152281636917168168791633915710148041333311603
1221880        3    10561 9991 9690 9614 974810659129111483115408154031545815323
1221880        3    150411496114833148961592116646164441595615493146861335811867
1222880        4    107421029310082101041038611427137441564616195162441622015961
1222880        4    155071521215054149981611117315172871686316465157291445012957
1223880        5    118391128411055109981113512018138361557516429167221676516474
1223880        5    159331564715380152991617716594161971562115060142441314311863
1224880        6    1070810061 9639 9422 9388 9593101741100012309132711367013746
1224880        6    135411338213254133601400614303136101287112421120161157810772
1225880        7     9886 9123 8627 8394 8372 8588 9071 990310849113471140311315
1225880        7    110631061610216101071086011712118611189211917117451120710425
1226880        1     9642 9170 8858 8768 8770 9069 98781061811693124501303313308
1226880        1    129531266312409124841375015015149851470814305137411281211765
1227880        2    111251073210581105441086011526131931488015818163051665116628
1227880        2    164881629216049159501680417416170161639715631146541324711786
1228880        3    1074410204 9930 9761 981310406118531341514374148041498714961
1228880        3    148251472814648147221545315840154721492914508137821257211343
1229880        4    1046410061 9857 98211005710774124751416015034154621560315443
1229880        4    151241480914607145601572316746166051601815606147421345112178
1230880        5    112021078710524105151067311296128081444615300156661552515342
1230880        5    148411444614137140421511816180159831547814994142951329812101
1231880        6    111951062510332101691016110398108801153112539132921353213485
1231880        6    132031279012530125381356914784145531389813302127451225511752
