 1 1890        7    110801056910032 9796 9680 9953102251061011349119061233712652
 1 1890        7    125641214111903120031298313942138871362513292127221199711272
 1 2890        1    10360 9826 9596 9511 9602 9962104551108011993130971384214169
 1 2890        1    140271354913052129651397915196149701458514127132961210311008
 1 3890        2    10284 9877 9674 9587 984210913134231527015825158701588415806
 1 3890        2    155701548115271152921629717240170921657315972150481358412319
 1 4890        3    115841115011114111491144812524151121718617667177281776017655
 1 4890        3    173961743217262173671846619722196311920618612176201619414803
 1 5890        4    141311371513548135301370714713168981859818785187191852718208
 1 5890        4    178111757217243170781792619109189171848017957169731556314166
 1 6890        5    133411296012798127151289813791160651790018362184101843218124
 1 6890        5    179291775117461172351785918345179651730216604156741448613218
 1 7890        6    122441177211413112671136011589122581317614410154881584315780
 1 7890        6    153531492514550144341513815914156321500714420136811286311855
 1 8890        7    110961045110155 9988 988910061104001097511994130391371714291
 1 8890        7    143171393613468132691368614296141591371913234125611157910679
 1 9890        1     9986 9711 9893 9631 987610637133381541316034162721652316384
 1 9890        1    162611620415948159721666917582172611673716169151791375712450
 110890        2    115501120110992109901120612173145531642816880169731691216684
 110890        2    163821616015805156601657117670174701693616275152991388212538
 111890        3    115911114210942109491111612134144841629816521163711633316125
 111890        3    157621563015335152951619417518172961690416332155071410012812
 112890        4    120151160811471115011167712694150141691117303173951749917445
 112890        4    171691711916830166341719117558170981643215653144701302711662
 113890        5    1070310273 9964 99181013911081134091545516087163101635116171
 113890        5    158151567315453153261589216897167461619615660148711383412697
 114890        6    117641131111034109941102811398121651308014124147011481314491
 114890        6    137921318612759128281369414771146361414813647130141209611189
 115890        7    10452 9876 9539 9316 9220 9331 97391012111027118571233812515
 115890        7    123061185711443113471219713543135261315912799122821142210633
 116890        1     9955 9681 9548 9576 984610730125481424515157155721576515718
 116890        1    154021523814957148741556716703164841600015433144291311911842
 117890        2    110211058510519105211072611706141341604016399163431624916111
 117890        2    157531557615379153051591716955167311613615511144751309211753
 118890        3    108981050410292102611043711446138241562115978157961562415361
 118890        3    150581495614713147181541316578163571594515205142411280911420
 119890        4    1057910155 9914 99081003111042133161523115766158021570215505
 119890        4    151411500814776147021529116348162661578715218142941294611653
 120890        5    107841036110186101341031011281135181545015913159251583215535
 120890        5    150901506414813146431518915963157571519014661139351293011924
 121890        6    111051075010673106901088611446124091353614837157221607815964
 121890        6    154761498314463143721505916441164441592815395147821395813047
 122890        7    122651180111534114001147711612120031248713330138721406114051
 122890        7    137661321512664125401315514396144301412913766133231233211383
 123890        1    107361045710371104011071511771142821613316621166321641116039
 123890        1    155411521914895147301527716556164811601215459143871295211643
 124890        2    108531051810363103541058111622140411586016094158231558115288
 124890        2    147811455914220141401473416024160351555515003138411260411228
 125890        3    1042210088 9898 98921015711257137071556715925159681592215765
 125890        3    154011513115118149471560917046170311649216082150551372412374
 126890        4    115281116810999109511110612074143741637516941171681733017245
 126890        4    168471665416418161801658117062166511601015296141621268311388
 127890        5    1047410069 9908 98901010411151134491532615862158951579915673
 127890        5    154791542315199149701525816174161021555514954141601308112026
 128890        6    111291067910458103831041910880116291257113615142061422713963
 128890        6    133581278712380122431281314235143101383713298125761185911007
 129890        7    10212 9695 9370 9211 9195 9346 97471028811259119521227012398
 129890        7    122461180511386113001194813381136461338013038123361130210360
 130890        1     9677 9388 9258 9175 939210383127891471715271154101550015515
 130890        1    152751527215087150571544816270160501548114814137771238011182
 131890        2    10215 9808 9582 9592 981010832132631503915332152531516614877
 131890        2    146221469414607145261498216115160291551314862138871249710960
 2 1890        3    10195 9807 9539 9496 966110605128971464714933147951466014424
 2 1890        3    140311388813627134411380914963151081464014070131811184210598
 2 2890        4     9786 9412 9258 9225 944610503128851493515597157661577915789
 2 2890        4    155581572515692157301625417046169671641615778147341334511971
 2 3890        5    110541064310436103981056711503137491567516451167691696617041
 2 3890        5    167051654416246159941606916762166891617115539148051372512683
 2 4890        6    118591137711173110721117011581122941326614527154061570315504
 2 4890        6    150011458214321142661476315862160081549014947143361352912341
 2 5890        7    118771143211159110481104811211116161220113319141711465614873
 2 5890        7    147371422013885137301423215527158521544415070142841321212171
 2 6890        1    114861113211047110141125612290147051665517387175621762117505
 2 6890        1    170971669016074157841607717247173731687916225151411371812258
 2 7890        2    113311096010836107791093711957142591613416758168371688916793
 2 7890        2    165431640515999156681600017081173151684716312153591398912732
 2 8890        3    118381150111399113921168512710151741689917272171261685716504
 2 8890        3    160101581715469153981583216956172641681916269153261400812697
 2 9890        4    118311153611416114981177112882154151715317616176751779317653
 2 9890        4    172931709616645166111692118175185861821017653167601535313923
 210890        5    129701262512394123641255913548158771756518035179501765417340
 210890        5    167621643116065157691601616886173041677816263154931436713029
 211890        6    122481179511529113921136811721124311339414478152201536815036
 211890        6    143271367713171129311324514409149381448614015134341265811814
 212890        7    111071068910471103291030510460107951134512168127431299513075
 212890        7    129731266812270122101265413889145981436713993133411234811432
 213890        1    109031065610595106961100212150145211626216696166571656816195
 213890        1    160061595915777157251618417054171711657015886149371343312064
 214890        2    111591066810390103271041211310134741532115726159811600415770
 214890        2    153841511214763144751467615557157041520114586136961239511118
 215890        3    10271 9872 9698 9621 982110726130801496915672160471617516266
 215890        3    160101597715819156921606916603165341596415244142381286311490
 216890        4    107351019210051 99641020311103134271510215776158771599615876
 216890        4    156791559115309151741539916375170041670116208154601422413014
 217890        5    122041189711775117981209313134154031712817550175001735917074
 217890        5    166251645216122158611603516874173171688116274154911447213403
 218890        6    125611212811964118671198712333130411395814924155101556815237
 218890        6    146491395113436131601355914549153691502714632140291319412361
 219890        7    116381117910932107781078010945112111180312660132171334413424
 219890        7    131491271712258121711251413533142591399113671131421236311593
 220890        1    109221059210486105151066611200122161348514447149391508015026
 220890        1    146321426113953137951420715087154021495314380135121230911214
 221890        2    1039610010 9824 9766 994310853128631475515593159921620016176
 221890        2    158891568115369151271543615922157141505314310133191200110757
 222890        3     9883 9392 9180 9114 931110196120521396414855152391544915533
 222890        3    153321531215165150601542215926160721551114869140151272911538
 223890        4    1067910223 9998 99451011211091131031486115745160331614816020
 223890        4    157161557415264151581536915976164681610615589147511358212453
 224890        5    115831122111060110671135912305143141610517034173861754217503
 224890        5    171791699916792165651670117180174751692516263153741425713149
 225890        6    122581179211597114531154311925124671341914470152601550615365
 225890        6    148561416813649133601355214484153511497714582140281329012424
 226890        7    118121141411223111591121711448117441228513033134711365113722
 226890        7    136251321812910128941335814233148881458614155134251239911422
 227890        1    107751054010400104951073411745139301539616133163261607315898
 227890        1    156491550315232151121529215924166991632715774148201343012240
 228890        2    113691107010959110131129412368145781627116586163871624915988
 228890        2    156681559515254149471527816118166771627515718146821332312068
 3 1890        3    111731083110621106561089511921140751580616092159441583315597
 3 1890        3    153131518014897147191507615888166541637315826150291359812399
 3 2890        4    115631129511084110871133612368144611616216455163871619715996
 3 2890        4    155711539615072148511505015839166061627715880149731359012343
 3 3890        5    114701100910804106621100011933140931582216227161701583415655
 3 3890        5    152671514114765145471462415137158121548414924141971317612033
 3 4890        6    111571067010449102661038410736113771251613804146081481314735
 3 4890        6    142431376113347131501338114116147151426913771131001225411411
 3 5890        7    1058610099 9850 9718 9678 9844101341080511853126831313013385
 3 5890        7    132361291012626126281295413608140771377713242125031151510656
 3 6890        1     9994 9751 9696 98231015211275135781563416539167871679916715
 3 6890        1    165351631016208161821649617157175811720316622156721432813121
 3 7890        2    123071205211994120511235613443157041755118098181821814418051
 3 7890        2    176231744817030166201673317376182771799317445164131500113690
 3 8890        3    128541255112402123701263713683158611750417758177121745617205
 3 8890        3    167771649316105157861615416643175141727316686157681440713121
 3 9890        4    123361194211830117661205113054152511687117111169201660216225
 3 9890        4    158081551315154148681490515484165281640315883150271369112384
 310890        5    115381121611056110501130812315143821594816300161781601915729
 310890        5    152551501614584142101435414615153691523014847141601314912151
 311890        6    113221089610745106591076711145117021268713575140431404613670
 311890        6    130571248511985118091214112948138131349713050124221164010818
 312890        7    10109 9656 9364 9230 9261 9389 96401043211476123511284413195
 312890        7    131631281012476122991258213207141371407013782131411224711413
 313890        1    108461062510581106261104512084143621593816432163981623915967
 313890        1    155341528714798147121497015684165801620015834147381336012050
 314890        2    111331080810614105601071111725137471538615708155251525615028
 314890        2    145491432514009137451383614250152361504914541136441233611046
 315890        3    10084 9747 9513 9419 959210482126321448215010150331501614827
 315890        3    145661442714060138191385014141149451470314117131901186810640
 316890        4     9783 9379 9177 9183 938210381125041423014808148471480214633
 316890        4    142821415513846135251357713904149881493914519136881236711084
 317890        5    10290 9905 9755 9687 980610712126051435614843148221470814437
 317890        5    140721390113610132791318413400141871398113519127571172410675
 318890        6     9805 9340 9000 8907 8860 9223 97191085812101128971329113111
 318890        6    126861245212195121911254313059133631296112529119351121810442
 319890        7     9809 9428 9244 9163 9255 9452 98201067211663122781252112564
 319890        7    123771184811360111631139112004133321353713306126951177710890
 320890        1    103481015410076101111044111492136731548515679157101558415411
 320890        1    150861502814847147381515915617161691583815208142271284611696
 321890        2    107251030210120 99661012811039130451488215507155811550215375
 321890        2    150791492814647144351452414823156101551815061141741282011575
 322890        3    107931048810325103061056011557136851524815597155061544015194
 322890        3    148111468914312140511417414529155021557015107142971296911720
 323890        4    110231069510546105311074911774138621532415668154231524215030
 323890        4    146021440514041137451372414138151641515114669138141256311301
 324890        5    1043510056 9856 9774 995010619120381359714367146951474114630
 324890        5    143441421814110140391431014723151441474914216133871232111250
 325890        6    10422 9916 9630 9546 9528 9715102391133712524132021330213098
 325890        6    126231211311635112871143411746126431273512396118401098210042
 326890        7     9280 8779 8481 8326 8349 8448 8807 962110519110231106410938
 326890        7    1063410053 9525 9258 9271 95401080911472114461094110132 9398
 327890        1     8898 8709 8639 8686 8976 9942120801394414389144141446214223
 327890        1    139071376913477131731316613371142401430413734127091130210032
 328890        2     9221 8818 8619 8525 8719 9547114231327113836139651396813855
 328890        2    1354913564133371316413112131611394413954133121225510878 9759
 329890        3     8889 8469 8222 8145 8262 9122111091309713801140561420514106
 329890        3    139131387413634134471353413699141251418213841126951129510120
 330890        4     9295 8923 8656 8621 8831 9682119581411814950152441553615590
 330890        4    154381545515254152041536915577158781554114896138641245911035
 331890        5    10343 9910 9705 9596 976710680128231478215521157001568315546
 331890        5    152731520014988148481502715193154041498514290133821228211104
 4 1890        6    10237 9695 9439 9296 9311 9529101361130212513132751340813309
 4 1890        6    128561247512138120141236612840134311323912794121371127410394
 4 2890        7     9722 9236 9159 9083 8977 9080 9292 961110236108191120811385
 4 2890        7    1131810905104431014910131102971062811603121291186810936 9827
 4 3890        1     9102 8822 8696 8616 8772 9730118941407314893151401528315318
 4 3890        1    151921517014979148511501114992147711473714443134641211810701
 4 4890        2     9696 9252 9056 8959 9079 9936120551407214736148871504914967
 4 4890        2    148471480214523142801426614190139511417614096131381186110433
 4 5890        3     9586 9056 8870 8735 8893 9716117911388414494146161453414264
 4 5890        3    140301390413578134041331213379133731369913658127461143910066
 4 6890        4     9162 8733 8511 8407 8533 9346116281365714372146951487314753
 4 6890        4    145631452914333142251437914434143621445714178133071201510691
 4 7890        5     9849 9423 9218 9131 930310204122231415814719148261475114514
 4 7890        5    141261400713587132151302912804128221327113274125881160510542
 4 8890        6     9637 9192 8982 8879 8935 9278 99311098312230131661344713427
 4 8890        6    129811245011946116121148011464114941199512293117811106310177
 4 9890        7     9469 9017 8795 8656 8682 8825 9027 967210644114371185812038
 4 9890        7    1195711595111651100311082112931149312113124371186610834 9791
 410890        1     9254 8996 8914 8984 927510208124761455915048150721497414784
 410890        1    145071441214169140031415714391142931456714815139841264611245
 411890        2    1042910035 9889 98131000910979131011513615538153751518514881
 411890        2    145211436813991136681361313539133981390114310134951229210948
 412890        3    10140 9784 9631 9601 982310856130251483515209150231485214685
 412890        3    143281419213855135491348613300131311364314060133201208910774
 413890        4     9906 9545 9417 9376 955510573126751460615008149441478314559
 413890        4    142831424114001137691371513683137001406914257134411214810726
 414890        5     9833 9470 9302 9215 939410324123941429414814147911475214575
 414890        5    142141402013689132651291812636124621279213236125841165010552
 415890        6     9704 9279 9060 8937 8984 9276 98301087812049127281294412882
 415890        6    125521224712015119651218712425124181250612324117091091310061
 416890        7     9294 8864 8601 8450 8409 8570 8804 948010552114701199312314
 416890        7    1222211951115841141811480118001187712134123281168710797 9860
 417890        1     9159 8810 8685 8673 8843 9579110441274613564138101381813674
 417890        1    1330312905126301237012360122321203912405128751213410976 9742
 418890        2     8879 8487 8287 8216 8362 9202109671284813801141261423014106
 418890        2    139601382913556132651311612882126111287413196124421127110029
 419890        3     9129 8693 8522 8443 8622 9449112221317814204146121467114564
 419890        3    142461405413705133161321612977126951292513475127991163610282
 420890        4     9236 9040 8922 8885 909510134116981340814136143271436914235
 420890        4    138851375613477131071295412733124911270813338126151151110231
 421890        5     9409 9007 8862 8812 9033 9861114831336714121142711424614049
 421890        5    137221360613306128991267912408122421238112759121871119310075
 422890        6     9195 8734 8577 8441 8477 8778 92951044311641123711255412477
 422890        6    120571164711381112291135511492115151186512394119241124010380
 423890        7     9712 9286 9134 9027 9049 9155 9293 998210854114531179011879
 423890        7    1163811150106911043010499106711083011300120831164010664 9738
 424890        1     9148 8882 8824 8804 9038 9986120231404314574147391476414613
 424890        1    143011414613786134511335913174128551296913611128961167010311
 425890        2     9510 9211 9057 9014 922710079120961403614616146711457014378
 425890        2    140271388213600132681312512897126331272313402127381148110137
 426890        3     9341 8945 8807 8746 8963 9853118921377614269143221421314032
 426890        3    1374813714135161319713097128691253012581132371256511361 9973
 427890        4     9078 8686 8563 8487 8637 9551114551351614104142851422814120
 427890        4    138141373713454132291310813003129411314313410126121131910000
 428890        5     9136 8715 8534 8492 8653 9484114191331814048141781416114000
 428890        5    1371313556132981294112674123341201812012126511213211110 9949
 429890        6     9126 8686 8413 8297 8331 8555 91191022711357120481216711995
 429890        6    1159711202109201084811103114071144211477116771112910382 9474
 430890        7     8715 8235 7984 7899 7802 7917 8099 8829 9920107721121111496
 430890        7    1142411003106071042410522105941075310983116311119910146 9174
 5 1890        1     8394 8074 7916 7905 8094 8980111821325314165143521444314295
 5 1890        1    1402013935136681338713428134101331013353135971266711306 9930
 5 2890        2     9073 8641 8421 8349 8553 9404114331357614463147701492214954
 5 2890        2    148001464814376142161424514113136941344813603128391149810099
 5 3890        3     9185 8752 8569 8457 8625 9438114551349214077142431428714221
 5 3890        3    139661391413674133721334713151128261287313456128251149710099
 5 4890        4     9234 8814 8674 8586 8702 9548115431346213945140741398713851
 5 4890        4    1374913689134301320213096127911240512354131611254911282 9928
 5 5890        5     8979 8582 8342 8273 8443 9169111901319213893140351407013965
 5 5890        5    1374513683134171311213071129501281312771128401213311096 9947
 5 6890        6     9065 8564 8285 8125 8112 8359 8824 990611189121881256512514
 5 6890        6    1204111580111801091110880108431077110728112721094510140 9260
 5 7890        7     8465 7955 7651 7427 7440 7446 7599 8327 9395102181063410775
 5 7890        7    1066210213 9875 9718 9813 998210058103671122910842 9900 8952
 5 8890        1     8276 7916 7841 7817 8016 8804108641311713952142741438014352
 5 8890        1    141841414013873136441360413466131371307313524127941144710120
 5 9890        2     9233 8806 8628 8551 8741 9488115361342914027140921411614041
 5 9890        2    1379213756135561326213180129281253012496131231254211173 9841
 510890        3     8966 8532 8355 8240 8390 9191111961332513983141881424914246
 510890        3    140591409613928138411400914053137611366913703129011154910251
 511890        4     9342 8928 8714 8639 8804 9607117201393114723149431506414919
 511890        4    146521462514353140991411313964137391359613760129521163710365
 512890        5     9397 8886 8617 8525 8605 9329113261345314242144631453014423
 512890        5    141431406813759133451311812737123801225612708122201115910005
 513890        6     9027 8477 8147 7965 7964 8118 8666 982711085118771211611971
 513890        6    1157811183108541066310711107951073410715111891089510139 9265
 514890        7     8485 7917 7625 7479 7433 7393 7652 8409 9441102031046110532
 514890        7    1038910085 9789 9620 9665 9776 9851101901098810819 9923 8958
 515890        1     8195 7853 7743 7698 7866 8586106661282413729140971430914293
 515890        1    1416114144139481366813542131981274712584132141266611187 9779
 516890        2     8838 8373 8160 8072 8194 8881109031309313884142051416214378
 516890        2    1424314185140571388513911137801343013242134151274111331 9935
 517890        3     9033 8534 8330 8194 8317 9030110211308613816140781429914291
 517890        3    1411514173139791378913668132921281012562131501276211374 9917
 518890        4     8924 8539 8291 8177 8309 8912108061292813815142511450914704
 518890        4    145091462414547143591418713729132551306513591131311166210202
 519890        5     9119 8615 8402 8187 8260 8916108111299913964143991462914705
 519890        5    146181462714432141431381313266127491242112799124001132010094
 520890        6     9099 8460 8136 7944 7928 7981 8590 985311129119011214412146
 520890        6    1191711701114961143411472114551128211149115411133110463 9454
 521890        7     8630 8073 7781 7562 7468 7395 7623 8455 9427102731074711007
 521890        7    1104810851107021066610775109221087710885113051108210112 9105
 522890        1     8318 7911 7766 7692 7850 8521106031282713911144341471314750
 522890        1    145221465214548144101429013897133721301513427129471145310011
 523890        2     9049 8573 8341 8189 8289 8897109481302513958144581463614629
 523890        2    145551467814570142981417213783133101310713532127781146010043
 524890        3     9044 8531 8329 8210 8291 9061109351313414049144191460014658
 524890        3    1442314384142001399314017138411348613284133941269311306 9985
 525890        4     9064 8541 8377 8238 8340 8994109711310513968143331462014637
 525890        4    145771463614619144161432413943134881319013661132511183710360
 526890        5     9385 8800 8521 8386 8461 8988109531308814088145761490315025
 526890        5    149351496314696143091397213623132871291112937124891132210100
 527890        6     9076 8459 8123 7910 7800 7789 8299 943810843117611214312154
 527890        6    11963116591129611071109111081010612104011072610682 9864 8908
 528890        7     8181 7666 7337 7180 7168 7011 7366 8160 9169 98951016110280
 528890        7    10129 9816 9471 9336 9427 9527 9465 94901003110213 9452 8606
 529890        1     7853 7418 7247 7129 7105 7080 7454 8318 9439101581040010459
 529890        1    1031510006 9689 9693 985510008 9994100861087210880 9791 8727
 530890        2     8057 7699 7552 7556 7644 8244102731248813649142481465214770
 530890        2    147721482814658143641432514067136501325313437129401149510056
 531890        3     9131 8638 8392 8296 8407 9073111121332114306148101516115236
 531890        3    151321522315118149451489814507140271376613862133381184810457
 6 1890        4     9318 8893 8596 8458 8566 9269112731344714363148181520615334
 6 1890        4    153661557615673155311559615230147571433714578143311289611256
 6 2890        5    10152 9539 9229 9026 9055 9615117691406215348160211634116505
 6 2890        5    164831658316209158951519414715141231371213854136391247811009
 6 3890        6     9864 9117 8667 8404 8322 8304 89401028711648126601299512981
 6 3890        6    126621241112201121281223312211119711169711976119041110310020
 6 4890        7     9077 8464 8114 7906 7784 7703 7871 8634 9700105981118811632
 6 4890        7    1179111693114621140011529116051146211412118361190310869 9572
 6 5890        1     8811 8404 8058 8050 8168 8714107291295914126148101517515377
 6 5890        1    152821531115247150541486014397138401347513798132811183010364
 6 6890        2     9361 8877 8609 8478 8583 9240111921341814388148661509915165
 6 6890        2    150611507514916147061465714391138451346213480130021160610206
 6 7890        3     9231 8729 8504 8350 8468 9096110671324014103144981470714747
 6 7890        3    146141460414442142491427414086135861326913315127061142510022
 6 8890        4     9193 8669 8420 8287 8434 9085110481314914137146021489914923
 6 8890        4    147651476914625145381442614092136281332013512130381180110408
 6 9890        5     9371 8841 8524 8394 8464 9109111051330014269147301489214950
 6 9890        5    147771460514383140641392113620132171284912823122061115610030
 610890        6     9094 8546 8196 8035 8033 8102 8620 968110970119681239912414
 610890        6    1205911769115041133811376113861121111043112341121610452 9486
 611890        7     8632 8076 7695 7500 7424 7244 7598 8343 9401102821074810947
 611890        7    1090610589103101022110314103951028710317108501104410128 9074
 612890        1     8297 7925 7759 7705 7838 8452105081276313821143811476714828
 612890        1    147451481014714146251451214092134951309413320130631168310241
 613890        2     9200 8730 8458 8304 8447 9123109621312814056145661482214846
 613890        2    1468314625144001423214237140941365113284131951260911289 9912
 614890        3     8984 8502 8245 8150 8249 8876107821285213779142111450314554
 614890        3    1444114488143611413614059137191325013035132101267611374 9955
 615890        4     9086 8567 8298 8192 8282 9059107761293313913143251459414608
 615890        4    144201445414225140641410314079137631344913350126571136810095
 616890        5     9135 8631 8351 8206 8335 8964107131285513865143341457614567
 616890        5    143801433014111138311368113333128791254612650123551130710163
 617890        6     9153 8566 8221 8028 7979 8044 8602 975911138122671282312953
 617890        6    1268212404121181199111982119261172411472117061175210918 9911
 618890        7     9010 8440 8083 7834 7774 7611 7856 8642 9805107611133411542
 618890        7    1150311195109181085710969110051104310919113971163510716 9640
 619890        1     8797 8398 8208 8107 8230 8794106821301014472152961579315972
 619890        1    159821595915860157291546415057144491396214073138951246910933
 620890        2     9834 9178 8876 8698 8731 9222110641321414550152691589816072
 620890        2    161431628616257161041594915402146021405614129138971251310959
 621890        3     9889 9272 8984 8817 8911 9414111571332614543152831574015840
 621890        3    158751593615883157751568115270147071429414469143111296611435
 622890        4    10332 9708 9489 9271 9306 9921116221390915390164001708617255
 622890        4    172991748817521173721722016667160191547515529153421391512284
 623890        5    1102110307 9901 9669 968110080117391402715612165701710617397
 623890        5    174211751117432171901673416003151651454514402138621266411258
 624890        6    10223 9540 9165 8882 8822 8805 94451058711850128021317013159
 624890        6    1275912419120961193811940118611167511371115671161510796 9833
 625890        7     8973 8407 8092 7877 7775 7624 7921 8732 9799106781118211549
 625890        7    115751139011221112311139911511114311140611819121131124910202
 626890        1     9313 8853 8687 8559 8625 9192110211327614861159221655816920
 626890        1    169911721717127170091696316502159051533415357151381369512076
 627890        2    1092210280 9926 9706 969010155119311429215891169081758717851
 627890        2    179981826018337182761830417799172391677916861167321530313539
 628890        3    122271148111123107601080211251129011510116360170241746017445
 628890        3    171471689816445160511589915360147511416514216142371285511346
 629890        4    10199 9638 9279 9104 9125 9552111511317214277148231510015207
 629890        4    150021502014944147771462214241136801315913276132151198810539
 630890        5     9505 8946 8562 8464 8489 8972105491251813799144501491014983
 630890        5    148921490614806145291434813966134581292512886127871168310402
 7 1890        6     9336 8643 8279 8078 7977 7914 8386 937810565116451210812166
 7 1890        6    1201811795116111155111632116871153811287114171142710758 9774
 7 2890        7     8927 8313 7979 7778 7661 7500 7810 8560 9683106571126011679
 7 2890        7    118011167211598116971196712163120701198812268125931186110742
 7 3890        1     9835 9199 8835 8564 8484 8574 94971095912362133351380313912
 7 3890        1    1389213812136801347313459131861264912079120041177210904 9870
 7 4890        2     8907 8318 7956 7753 7704 7585 7856 8564 9567104581097311137
 7 4890        2    1106710796105531047510631107431066910631109681099610501 9671
 7 5890        3     8912 8482 8260 8189 8242 8813103531243013818147401533815541
 7 5890        3    155181543915204149821486614469140061367013604131521190910511
 7 6890        4     9503 8919 8691 8542 8640 9159106391259213792148001519515425
 7 6890        4    154091544815445152791518614941144561399914057139671281211379
 7 7890        5    10242 9598 9318 9134 9148 9567110791332914991160981678217179
 7 7890        5    173641750617555174411726516506154571480414562141191306511752
 7 8890        6    10674 9954 9529 9228 9102 9095 95261052211787127261313513169
 7 8890        6    129221265912435123241230812292120441166611735117841099810016
 7 9890        7     9074 8453 8176 7917 7835 7642 7916 8622 9725106131123111540
 7 9890        7    115901147011331113571153611667115911150611924122321135510246
 710890        1     9324 8848 8599 8435 8526 9010105961275314222150511557815789
 710890        1    157761603516050160191596115416145351408214021137781262211250
 711890        2    10139 9567 9224 9035 9049 9395110131305914394150521541915607
 711890        2    156581578815830158241577915397146371393013755135871233710871
 712890        3     9736 9146 8825 8675 8605 9092106221270513972147451526015520
 712890        3    155571570515655154541530514814142491372613733136581244211015
 713890        4     9884 9309 8976 8756 8802 9093108231275414093148601534415516
 713890        4    154941551315431152881516514792141851370913750135391225710920
 714890        5     9821 9242 8910 8752 8818 9300107661270814062148471539515500
 714890        5    154461533215038146791443113928133671284912807125581153110358
 715890        6     9356 8709 8371 8119 8092 8074 8602 973611065121101258012661
 715890        6    1242812134119471186011920119341175111415116091163410812 9882
 716890        7     9019 8409 8082 7885 7750 7641 7845 8593 9669105611115711498
 716890        7    1148311321112091111911234113121127611287116381145510520 9574
 717890        1     8839 8430 8258 8189 8267 8892103881237013633144011487215025
 717890        1    149101483614644143671436214011134341297913096127931154710187
 718890        2     9220 8699 8476 8322 8452 8976105411258313887146031508015364
 718890        2    154171556115603155011540815027143641380713855136381227010879
 719890        3     9753 9186 8924 8761 8855 9413109611301914352151621580116141
 719890        3    162661656716651166041657616176155211495715059147251330511736
 720890        4    10544 9879 9512 9313 9326 9828113371346014733154521583816004
 720890        4    159391588015611154401521114880143751404614038133641212210770
 721890        5     9732 9185 8863 8732 8809 9374108341295514213149111532315312
 721890        5    152401517615033147281448614030135391310113245129301189610683
 722890        6     9708 9044 8689 8461 8385 8475 89531006111425125561320513410
 722890        6    132931314813053130461321913299131351290613215131391223511265
 723890        7    10283 9575 9177 8919 8781 8626 8832 962910874119751268213111
 723890        7    132741312412978129961318313281131561300113549135791250111225
 724890        1     9562 9016 8914 8811 8867 9324108921292014433154331607816407
 724890        1    165551678016796167091680216420159041536215495150451345611690
 725890        2    111031037410027 9764 977810266118021405415651167821756618044
 725890        2    182541848018661185801859418176175831704417222167961522613500
 726890        3    121901150811061108001081811336128161511816819179101870719054
 726890        3    191261934919394193171917818743181441760517804174781593114108
 727890        4    127981197111520112741118811655131371543217182183541905219401
 727890        4    194751964119582194721931018729180621760417729171851570514002
 728890        5    124931162311174109431085011317126281463616153170441772017905
 728890        5    179661795417567169311634215687149301417814033135171234310993
 729890        6     9911 9226 8843 8565 8491 8478 89321005411320122781262612575
 729890        6    1227411962117611168011767118481165311402117031158610798 9892
 730890        7     9066 8466 8115 7895 7772 7725 7848 8541 9537104381093411255
 730890        7    1141811258111151107911177112461111711025115331152010653 9657
 731890        1     8876 8486 8259 8211 8301 8847103641247513884147651532215495
 731890        1    155481557715466152671512914755140971364413882134041206910665
 8 1890        2     9908 9114 8925 8742 8797 9381108191283214077147601524515513
 8 1890        2    155061562715541154441536514942142321375914058135571219910822
 8 2890        3     9790 9194 8902 8737 8824 9385108651286514261151191572016053
 8 2890        3    161371626216160160311604015532148801439514674141351283311425
 8 3890        4    10411 9835 9503 9357 9378 9975114191363515144161881683317034
 8 3890        4    171921732217380172571718016793161671572615979153001394112423
 8 4890        5    112741057410214 99891007610618120741425515891170461786518344
 8 4890        5    184721866518649184801825417743170911664216766160941474613339
 8 5890        6    121591137810950106321054710637110571213613567148071547815611
 8 5890        6    153481504615058150581520515279150441469014982146831367312498
 8 6890        7    114711071210270 9959 9799 9724 98601054811619126931341413995
 8 6890        7    143781437814386144191460414616143471420914745145001348212228
 8 7890        1    112701070810400102071030810855123411455616163171721770517917
 8 7890        1    179341795217816174481712616610159271543715487145271300111449
 8 8890        2    10317 9663 9324 9112 9113 9672109741290514084147131505115212
 8 8890        2    150431511114956147511467114297136821317813544129461166110282
 8 9890        3     9366 8749 8538 8393 8545 9072104821241013609143311471614814
 8 9890        3    147951482714793146191457514249136371319713610130481173710407
 810890        4     9370 8873 8606 8451 8569 9107105351254613733144841503415217
 810890        4    152511529815336151481498914498139721361814022133771209310773
 811890        5     9745 9219 8950 8799 8878 9483109101282914020147051493114919
 811890        5    148881474014443140841391213701133201299613014123071128610227
 812890        6     9276 8733 8401 8224 8223 8405 8775 980811030121691271712855
 812890        6    126501239812188120821218912222121181204812394120021120710311
 813890        7     9480 8875 8566 8369 8275 8349 8473 909810196112781206412644
 813890        7    127751252812279121551228612388123531241412964126401180110828
 814890        1    10002 9528 9343 9244 928110015114451355115198162311696017274
 814890        1    173661752617442172081705716693161701589516200153641388012350
 815890        2    111971054010184100101004510683122121422015629165971723217590
 815890        2    176391780117736175751737216859162941590416243155761406512478
 816890        3    113711071710372101831023010917124121440115948170021773218095
 816890        3    181841840718351182371814017541168021631616409155401404212481
 817890        4    112961060610161 9882 989610404118171371315042158781642416537
 817890        4    167281685016748166441648416042153521487315216144081299611508
 818890        5    10426 9731 9360 9152 9196 9760110261303414386151411559015705
 818890        5    156221565315530152011491014349138491361113822130841200510769
 819890        6     9656 9003 8638 8406 8405 8531 8970 994411307122831268412759
 819890        6    125491228012021118471188911910118061185012203117571089310021
 820890        7     9379 8805 8483 8261 8184 8256 8421 900610037110341169812178
 820890        7    123591220512123120831225712363122161235412955125851169510691
 821890        1     9897 9477 9195 9144 928210000114971365115355164381710617447
 821890        1    175041771617601175381719616631160891571516072151251360012026
 822890        2    1095110247 9936 9672 974910333117251380415184160401649916646
 822890        2    166381674216722166261652716067153701508415439144731305311595
 823890        3    10561 9990 9695 9509 958410218117131375715154161711694917318
 823890        3    175291759317571174721733616794160081550715626145661298711434
 824890        4    10282 9656 9301 9068 9120 9728110911305814427151721567015781
 824890        4    157061574515668154561527314844142121390614195132901187910483
 825890        5     9543 8964 8676 8513 8565 9180104941246013594142451443814605
 825890        5    143561436014270139411373513371129161265913021123191118110016
 826890        6     9044 8495 8137 7997 8018 8200 8653 966710910118031215812114
 826890        6    1179811484112341106711130111991102611124116021103910152 9262
 827890        7     8501 7984 7649 7450 7412 7519 7644 8294 9348101421060910846
 827890        7    1081110590103781028510464106411059911024115201101310127 9207
 828890        1     8528 8213 8025 7937 8098 8824104011237013716145591502315193
 828890        1    151801516315022148391472514401139511393714037130231164910353
 829890        2     9377 8888 8651 8494 8590 9328109511288514082147831526515458
 829890        2    154541547115395151251513914843145341459214493135561223610960
 830890        3     9971 9461 9160 8991 9108 9823114941346014830157031636416788
 830890        3    169681721317160169801680616190154051505115103140541252911067
 831890        4     9980 9391 9073 8872 8935 9572112071313214283149291523415285
 831890        4    151801527115162149321477914426139161394214135132051184610522
 9 1890        5     9524 8968 8685 8517 8588 9267107341270314058149121544315692
 9 1890        5    155451559815407149951474114332139921408113791130311191710738
 9 2890        6     9790 9218 8924 8713 8655 8827 91231021511507126511311713113
 9 2890        6    1283412482122081201111996119601172811808119651130210419 9436
 9 3890        7     8611 8052 7745 7538 7452 7537 7605 8269 9330101601060110796
 9 3890        7    10749104561022410144102381032410256105881092410441 9709 8820
 9 4890        1     8196 7787 7427 7266 7276 7424 7585 8293 9342102921088310975
 9 4890        1    10780104321015910077103201054210571111431147410695 9630 8762
 9 5890        2     8093 7772 7608 7563 7731 8576103741233313337139131429514379
 9 5890        2    1431014323141741398313911137311335113587135661259711124 9769
 9 6890        3     8853 8413 8208 8123 8239 9031109751281913597140361436114430
 9 6890        3    1439814565144881430114320140351359213879138751280011342 9972
 9 7890        4     9062 8589 8358 8237 8346 9156110941298013824143511474014931
 9 7890        4    148751508315081149061480414477140321434114263131251161910232
 9 8890        5     9292 8767 8507 8380 8493 9262112071308414084146181505315226
 9 8890        5    152291545615397151221489014296137891393413784127901160810380
 9 9890        6     9407 8783 8445 8224 8192 8393 8920 997811376124301295413152
 9 9890        6    130601300312944129761315013211130211353113551127631178210723
 910890        7     9841 9222 8872 8609 8481 8513 8924 933610649117871258813462
 910890        7    139701365114021141121439614486144831527615348145121317711850
 911890        1    109641041710116 99281004110768127921494116352172251792518190
 911890        1    181631852118628185001844417926174901765617224158601404212341
 912890        2    111201045910024 9836 991110589125801444315253157621605416155
 912890        2    160751626716122158931576615325147841503114767136481214910708
 913890        3     9708 9248 8953 8807 8894 9676116761352514484150581553315663
 913890        3    156501576115778157001566015254147091512914874137531219110744
 914890        4     9810 9269 9056 8850 8945 9804119061390614810153991574315756
 914890        4    157441579115692155091547115270151021528414757137241227410942
 915890        5     9996 9465 9196 9050 9152 9820119531389614781152251523715083
 915890        5    148611476414560142371397813565132371357413245123381124910087
 916890        6     9106 8541 8223 8050 8022 8220 8773 982311082120341231212277
 916890        6    1196711637113471122411407116881179712040116821100210122 9272
 917890        7     8548 8028 7733 7563 7542 7612 7827 8435 9500104541105411404
 917890        7    1159911235110121088711086113921158612110118611110910100 9124
 918890        1     8494 8128 7967 7911 8079 8915111411320614116145091478414810
 918890        1    1471414730145611429114152139891381414218138161271411350 9940
 919890        2     9034 8606 8389 8221 8377 9254114111340314201145561482514829
 919890        2    147371472514572144531459314578143941448213823127591133210072
 920890        3     9194 8677 8437 8335 8470 9261114961350914372148371517715272
 920890        3    152131530215232151551525115105150711527014724137101229510893
 921890        4     9913 9438 9165 9027 9166 9968122101418215174158831633316434
 921890        4    163851640016333161291600415795155571602615518144211294111486
 922890        5    10433 9888 9563 9385 948510333125001453515608163781684916969
 922890        5    169231699216860165051619415816156221579015190142101288911633
 923890        6    10558 9879 9445 9204 9111 9367100181098912487136651428414362
 923890        6    1406713651132291277712653125461237512212116571096310063 9174
 924890        7     8445 7934 7634 7471 7398 7617 7841 8454 9561103811075210878
 924890        7    10812104981028010089102511059110996118271160710843 9899 8953
 925890        1     8273 7993 7850 7856 8022 9001113011328913983142501431414178
 925890        1    1401113987137761352213562135451373114178136071256311149 9766
 926890        2     8910 8456 8259 8158 8332 9151113861332514159145901482314796
 926890        2    1464814530143221412014107139421385214237136311259511258 9832
 927890        3     8961 8522 8340 8222 8413 9307115551343714022141931427414173
 927890        3    139561390713622134311341713426135981418413737128331143210147
 928890        4     9262 8879 8677 8595 8792 9710120011384714301143991430914182
 928890        4    1389113887136671343913395133501358314106136491267111284 9920
 929890        5     9055 8593 8418 8284 8450 9298114551319013896141151431914230
 929890        5    1407214096138261359913417131481326413563130011214611055 9860
 930890        6     8894 8367 8075 7843 7860 8136 8791 979011071118481205011932
 930890        6    1153111170108711072510796109891142511914114811080910013 9116
10 1890        7     8376 7944 7690 7522 7506 7690 8008 8670 9734104361074510870
10 1890        7    10769104931018310107102861058511250118741155310776 9756 8888
10 2890        1     8243 7957 7799 7773 7925 8786110321309513978143951472814733
10 2890        1    146761468514539144571465714805148501465413940127901137610107
10 3890        2     9125 8656 8419 8285 8396 9238114161334014050145141476314672
10 3890        2    1451614448141571388813821137081386914202135381258411190 9857
10 4890        3     9036 8606 8393 8352 8529 9448117101362114155143111438314268
10 4890        3    140611393413781136221363013666140861440313875128761157310199
10 5890        4     9383 8948 8707 8664 8838 9774120491387214349144781449314258
10 5890        4    139901403813804135081350313455139551427413749127941142010095
10 6890        5     9164 8745 8536 8415 8562 9407116141363214269144061450514362
10 6890        5    1414014114138961360013416132911365013712131381226011131 9981
10 7890        6     9059 8550 8186 8045 8039 8295 8929 986411113118991201611885
10 7890        6    1150111102107821062910758110551169711914115051093310095 9271
10 8890        7     8538 8068 7794 7639 7642 7788 8218 8795 9816105151078510847
10 8890        7    1086110562103071028310633110321169611873115591093810055 9264
10 9890        1     8577 8213 8075 8018 8177 8820100121141112417130701335713295
10 9890        1    129691272012469123031261812890135601383013275123981121410016
1010890        2     9268 8975 8774 8699 8973 9930123441426914816148201471914458
1010890        2    141791405513771135901362713911145871465613947129731159210247
1011890        3     9367 8935 8708 8591 8780 9683119631399114445146261467614540
1011890        3    142991427114027138131379913896143761447213870128751153910173
1012890        4     9248 8960 8739 8674 8841 9752122271402414444144681444614273
1012890        4    1400213964137711353213560135921426014364135941267611252 9997
1013890        5     9015 8657 8431 8236 8468 9286114761338614027141971432414149
1013890        5    1398713939137321342313247130731359013563129511204910994 9855
1014890        6     8953 8484 8148 8004 8044 8352 90941011911374120611217711988
1014890        6    1156111191108781069110907112771212712027115051078710146 9134
1015890        7     8461 7916 7652 7488 7430 7561 7887 8507 9587105361100811297
1015890        7    1133011024107381063510908114581218412153117761099610023 9083
1016890        1     8394 8022 7904 7812 8002 8902112541341514162144891469614678
1016890        1    144731442914163138971392014024146361441613835127391133710030
1017890        2     9097 8588 8367 8269 8404 9255115191357314275146551495914950
1017890        2    148061480814630145961492815162152131472513969129521168810350
1018890        3     9494 9021 8813 8738 8925 9793121321423914898151521527615188
1018890        3    150381505614850147621502115408156451526914596135801219910765
1019890        4     9882 9459 9209 9163 934110245125851470315376156461569615611
1019890        4    153971533115111149421512215474156881534614637136571224010882
1020890        5     9913 9406 9155 9026 9157 9992122131423314915150861531215202
1020890        5    150151490514654145171450614556147371420313501125891149210359
1021890        6     9368 8817 8445 8328 8368 8645 93651036711602123931274612576
1021890        6    1213411765114661128511560119451286912695122381162510841 9986
1022890        7     9304 8798 8498 8356 8347 8520 8909 945910481112781160211728
1022890        7    1166211348110281094911191117761266612686122781155610584 9665
1023890        1     9032 8722 8643 8643 8910 9907124431439514979150051488714607
1023890        1    142631414913859135381360013897148021458213964129561158510229
1024890        2     9418 9018 8816 8786 8981 9988123811432014737147621468614369
1024890        2    141641411513829135331360913827146401442013779127881141010088
1025890        3     9219 8864 8688 8622 8818 9757121961409214515144941446314315
1025890        3    1409414051138481359213576137671454814303136351265211302 9986
1026890        4     9192 8770 8593 8518 8673 9640119991392214330143801438814197
1026890        4    140101400713829135571352513702145181430113647126871136110020
1027890        5     9125 8728 8461 8395 8571 9668119011362314122142291400814287
1027890        5    1410614096136951339513449135931430413851131441211111041 9857
1028890        6     9054 8389 8052 8008 8055 8393 91861026211226120251228212167
1028890        6    1173511393110891092511060116611246312171115811090010020 9092
1029890        7     849015672 7494 7401 7491 7774 8047 914710068106041077510811
1029890        7    10664103381010710152108231239712279118691131510473 9528 8669
1030890        1     8170 7900 7842 7834 8116 9205114071329413887141281424014178
1030890        1    1405314001138721366214095152001486414242134581236211013 9705
1031890        2     8861 8471 8286 8217 8435 9375116521346414086143671447314436
1031890        2    1431114281141951423314863153021454913984134231240711042 9810
11 1890        3     9006 8626 8360 8231 8350 9293113151302713644138231396613943
11 1890        3    137361374613494133831395415157148781433513610125391109510039
11 2890        4     9097 8772 8572 8547 8758 9800120511377714383144421434714193
11 2890        4    138601379913643136311442115472152091465513921129041149910155
11 3890        5     9328 8916 8702 8681 8835 9795120241397714660149101501714958
11 3890        5    147421470514533144941498915546150971452513879130611200010882
11 4890        6     9986 9556 9323 9269 9332 9780104541160812629131681317912889
11 4890        6    123521186911554115461251913917138131325812764121641138810543
11 5890        7     9812 9348 9050 8959 8965 9177 95471018411028115111167611633
11 5890        7    1142811057107661084111881132441317212765123261157010596 9698
11 6890        1     9025 8701 8559 8525 8759 9775119451384514534147651487614877
11 6890        1    146851464414432143151485815696153361469213970129001155610254
11 7890        2     9331 8952 8767 8723 8965 9990120631379914225142791423414087
11 7890        2    137971376613600135781443215476151231455113810127931134110084
11 8890        3     9223 8812 8578 8545 8745 9662118041369314331144951462114560
11 8890        3    143681435514247142831511515766153031469113981129411146910267
11 9890        4     9382 8869 8658 8562 8777 9612117941375614410148041483114852
11 9890        4    147421468114478144541504615534150551442513769126611148310284
1110890        5     9393 8879 8724 8633 8842 9653113441298313762140281401513850
1110890        5    135441342613250132701396614736143941381713206124331145110364
1111890        6     9486 9058 8845 8640 8724 9093 96431058811602121591226912135
1111890        6    1182711470113451149812578133661313512531120111135710517 9655
1112890        7     8884 8334 8052 7916 7911 8146 8417 911410095108531125211488
1112890        7    114271105010831110221212113436133901303312616119161089510031
1113890        1     9416 9172 9087 9076 933310447126951466415264153801543215172
1113890        1    148281452414356141931524116272158981529014545135071205910682
1114890        2     9811 9275 9060 8982 912710038121481382114240142921432614138
1114890        2    139491392413676136471456015483150431442213695126651126810027
1115890        3     9097 8578 8375 8265 8466 9347115971354214141144381453614524
1115890        3    1433314247141721412715076155781515614437137221271511328 9984
1116890        4     9117 8639 8393 8295 8489 9374115791339014123144091464914616
1116890        4    144431441014285143301496515397150191452513792128741156910332
1117890        5     9468 9138 8937 8943 912910117124681425814806149071493714671
1117890        5    143251422513984139001466315555153501471014206134181238911208
1118890        6    10246 9975 9615 9493 9565 9995106371175512691134111349013261
1118890        6    128361249112194122431329314316140961355713028124511166810809
1119890        7    10054 9626 9384 9307 9356 9564 99581060311539122011248212590
1119890        7    124111200511829121211342514467142781398113491127001169810681
1120890        1    10015 9704 9538 9565 974110881130841502715774160461601415889
1120890        1    156091554515318151131598616570161821552814842138101229010910
1121890        2    10075 9701 9540 9595 987911002133261523015970161641635416212
1121890        2    160011597415791157831696018084178901750216833158531443513045
1122890        3    120371158211370113351152712512146761635616788168301668716351
1122890        3    158381563915305153211626416996166861614815562146861340712017
1123890        4    109831042610198100841015310532112551221813610144901469614706
1123890        4    140741312412359120721259213171131571321313172129421236411610
1124890        5    109921072310631106081079611350122941337614251146201457114328
1124890        5    139311348813245133771454515574152841479314289135471267811705
1125890        6    109791055910300102031024810513110491192913120139151408413817
1125890        6    133221293412690127101385514559143231376413289126401177210841
1126890        7     9973 9505 9209 9023 9001 9184 95801020511321123011286013110
1126890        7    130021257812098120581313414224141801380313325126611167510678
1127890        1     9974 9692 9624 9668 997111056134641534115850159681585415578
1127890        1    152361514614881149731612717149167671628015646146421316111731
1128890        2    107431030110039 99301005010949130461495415534156471551515385
1128890        2    150771501914685146701567216363160161558015088141981283611431
1129890        3    105331017210049100611033811450138991574016249163121627316104
1129890        3    158471580315604157511704718032178391737716786158721443912883
1130890        4    121621169811494114511166912643149781681217156170291679416468
1130890        4    160401592915687157891690017576172931683416260153071395312593
12 1890        5    116631130011146111001141812504149511669017120170961696416793
12 1890        5    163981627616130161251736918148178821744216896161911505513825
12 2890        6    128661241312177120921217412549134381447015678161411614515896
12 2890        6    154921518215052152381621016650162611560614952141741314612098
12 3890        7    112611067210383102221021810479109361154812547132221359313834
12 3890        7    137551354313461138621546816587165811626715839150401401812981
12 4890        1    123081209212028120791237613529160901770518227182531811217900
12 4890        1    174931733017096172151851719106187511835917978170351546313956
12 5890        2    130501267612510124921272513815162531787918049177001746017206
12 5890        2    168381665416497164801786518727184461790817292162121482213390
12 6890        3    125091213611943118891210513148155201723417423172761707016662
12 6890        3    162541620115967160121722617849173421681916032150391346111997
12 7890        4    109231048410286102371055511656142301613516580166911673316593
12 7890        4    163971628416159163061765618619184521815317611166561539513892
12 8890        5    128651247112296122771253513577159851784718287182661821318026
12 8890        5    177241766817437173601824518699183451774817111163941528414048
12 9890        6    130961269812431123831251912929137431484115923164631639116007
12 9890        6    153231474114362144121585116993167971631815898152731442913399
1210890        7    125821197211675114511148711707122041278313853145211460914605
1210890        7    143371382313475135321499816240161631583115479146801348812313
1211890        1    115261119311048110061125312249146711669417251172361700716815
1211890        1    165661647716242162631753818382181171757817011160721454313026
1212890        2    120751163111492115081176712905154201726617618176411757317436
1212890        2    171831709316800168671814019041186941813217555165371497613395
1213890        3    124501192111697117461200213095155571746417800177131748417234
1213890        3    168651670716493165721798419031188381842917928171281568614196
1214890        4    132001280412653126791301314031165521830418594185611824117936
1214890        4    174391725116928169261824019272190951866718166173561593114503
1215890        5    134831297612790127361300014047165081832618630184301799317578
1215890        5    170181680216540164671773218509182641763117018162621507113727
1216890        6    125971196111578114081141111782125431354114687155041583915847
1216890        6    155501523814990151411665017846175941696316327156801473913699
1217890        7    126681210411742115761159811765122051279613813144651467914677
1217890        7    144431400413659137831530916570165261632215890151521398312851
1218890        1    120331170911605116221199113049155541744517856177901758117263
1218890        1    168551661716386164271780518978188781843217932170461558814039
1219890        2    130451258712386123681268113744161921805818366182201791417653
1219890        2    172591714617010169931830319163188651838817828169401542413700
1220890        3    126021216311988119021214713151156431745717902177611751917216
1220890        3    167541654716352164301782318901187901841517915171251570414149
1221890        4    131811269312554125451273413813161791804518618186931862218255
1221890        4    177811760217345173681852019585194611907718655178821650614936
1222890        5    138611343013267132141352014472166821856818937190771882018326
1222890        5    175911705616620166611803019239190461858618059173531629914985
1223890        6    139571344813155130471312113424139841482515937165961653016229
1223890        6    156451508314721148011611017473175201719616861164071564214450
1224890        7    135761303212665125841259812834132911407615334161081612215948
1224890        7    154771498014675146811567916459160491551915237150381469414043
1225890        1    131871254412182120131202212249127941357114338147691491314738
1225890        1    143691367913149130311369414326142891429514181138581308612091
1226890        2    112901076910574105591071711267125591398115123158931622316241
1226890        2    159291566715387154841659917633174641723816841160781489613592
1227890        3    129061263512534126271294813562153221693317829183021837218169
1227890        3    176831733617004170551824919266189371840017708167741530613917
1228890        4    129971248812245122091229412961145361616717179176481761417300
1228890        4    168091643016115161221713218225179691752216951160451476413432
1229890        5    126061217312026120151220612963144521609417043174711749717214
1229890        5    168811656616359163701738118167178231725216639158081466513518
1230890        6    126031200511733116381167311910124601324214397153681601815946
1230890        6    157981544415139151431598916802164941594415340145941360912457
1231890        7    116011102810685104831048310485107671124912206131711385814273
1231890        7    143441405813795136911460215116146101384513111124141175511205
