 1 1900        1    1056010000 9455 9124 9040 9165 9482 991110651116311234212733
 1 1900        1    127781255712393125861370215043150311485014415137161275711758
 1 2900        2    110051066910570106271086511859142041601716545166151656516408
 1 2900        2    159621573315397153091628517509172721675816097150881369912268
 1 3900        3    113901105110847108121101911984142321605916358162311604215749
 1 3900        3    153081505814778147091574916956167271628015643146751328611883
 1 4900        4    110061061510429104131062011525137731560216041161061606315894
 1 4900        4    157111573915615156801659417019166151602915341142481277611443
 1 5900        5    1052110062 9824 97851000510950131761495615433155251552615302
 1 5900        5    149261479114498143991516116229159531548314961141811313912048
 1 6900        6    111671067510447103501038110720113721232113573145191486014782
 1 6900        6    142221362113181130251390015153150041447313970133391251311709
 1 7900        7    109341053110292102001024110472109331147112379130531342913586
 1 7900        7    134351301812786128691391815022148271452014083132731225811249
 1 8900        1    106121031110188101971041011467138321581216355164401632516092
 1 8900        1    158241571115536156211662817300169101630215605145301313511859
 1 9900        2    109331052710393103841064511838139761574616052159761587215608
 1 9900        2    152421511114888148791583816892166411606415385143521293711625
 110900        3    107041027110019 99021010510997132431524915738158801602215976
 110900        3    157551574615589155981629016946165871600115277142201287011574
 111900        4    107211028610116100591029511264135291542615870160421598216077
 111900        4    157721570015564156501636617110168311626215537145001307611791
 112900        5    109051052710340103161049611442136761554215996160291592515623
 112900        5    153541524515034149621558516453162211566515100143371324012160
 113900        6    112741081710597105211060711005117351268613896147341499714901
 113900        6    144171391713594135061445515914158761541714939143801354112697
 114900        7    118971143211147110241102811222116481222813160138551415514335
 114900        7    141341371413342133961429515644156211514514619139831306412165
 115900        1    114411113810956109481110411890135801528416225168971727617452
 115900        1    171881690116646162781684217696172781666015851148191343712192
 116900        2    112731089910678106291084611794141721591116223160301585915519
 116900        2    150611486314557144351520216505163001577315129141221272811374
 117900        3    1052610137 9979 99681017611190134971532915762157581560815339
 117900        3    149801480314544144991521416294161601548714796137661231410956
 118900        4    10092 9661 9421 9324 948310406126421451714953150791503814822
 118900        4    144701434014056138761443515729156081513714584136561236011115
 119900        5    10315 9968 9819 98241009211102134901541515841159231589215742
 119900        5    154151532115118150431558816624164931597115417146171351512426
 120900        6    115101111510876107611079111132118111273014017149801523415216
 120900        6    148071441914093140131468015571153231473814048133071238411491
 121900        7    1068710154 9851 9726 9722 9935103661108112149132241400814482
 121900        7    146781442714079139941476115654155561519714553138581282211859
 122900        1    112051094610856109051114912205144431651217127174231756817480
 122900        1    172241696416626164681712117922176451707716252151421370312325
 123900        2    113781104510856108701113212112144381612816439161731593615629
 123900        2    152831512314875148511537816805168601633115685146911336212036
 124900        3    110111062610406103161048911484137271569216131162911625016099
 124900        3    156941547715180150451561216650164681585215138140891270611376
 125900        4    1048910123 9912 98761007111024132711525715735159301597815888
 125900        4    157411562415452153371592716577163111573215072140021260211280
 126900        5    10296 9825 9542 9428 963910477126851459715242155561577115765
 126900        5    155651541015249151191546916122158041522114655138531276911676
 127900        6    107581030010089 99871004210422111281199813109138491400513783
 127900        6    131601259712187120421259314064142811381313328127421196011085
 128900        7    10345 9872 9601 9461 9451 9605 99801046511460120911232512420
 128900        7    122891188611563115871225213484135541328712893123981142410471
 129900        1     9881 9583 9510 9505 977910848132161526315893162241641016446
 129900        1    162631618816038159591656817376171021645215567145621312111763
 130900        2    108981047310307102321041711329134611522615796158441583015727
 130900        2    154651526914944147281527716511165681602015402144251300211691
 131900        3    108031047110331103431062111674141131584716113158891567915393
 131900        3    149651475814477143661476616146163361588715296143911300311756
 2 1900        4    108681056110435104331066611633140081575516114160901585615459
 2 1900        4    150011480014568145231510016237161881564114954138931245811088
 2 2900        5    10166 9706 9467 9372 954110438126841455315198153821541715370
 2 2900        5    152381521815148151351541916086159851535914748139201282811680
 2 3900        6    108181038710142100411012410480112841231113597145841494814949
 2 3900        6    146431431214056140411457015619155741493514345136161275211847
 2 4900        7    110921063410328101431015910314106611126512281132241390714455
 2 4900        7    146501445014175141131459115615157321527814718139331291611972
 2 5900        1    112761100510979109821126812355147531653016967170141691916660
 2 5900        1    162601603115683154701593417250175091704916400154571398812650
 2 6900        2    117981146811300112651147812433146691631916601165851637516018
 2 6900        2    155571529215020148751530216554166121610115470144991314811884
 2 7900        3    110461061910462104401069211688140191574116169161411599315764
 2 7900        3    153851510014640143951476715956162471579515173142711290011648
 2 8900        4    108501050010304102831054611562140161560715834156551537215013
 2 8900        4    146271440914088138711422015406158461543614826139101260611209
 2 9900        5    1053410122 9948 98511004211014132611498515315152321508614768
 2 9900        5    143571426814021138341410114941149991436613719129101183810703
 210900        6     9808 9287 9020 8875 8898 9211 98711085612215133131370513830
 210900        6    134261314712829126731299213805139411346912966124251170110930
 211900        7    10239 9817 9573 9471 9529 9757101661073611635122301248512525
 211900        7    123181185011439113481188713275140271381313393127651184410986
 212900        1    1026510081 9989100371036111382137011549016082161281603815725
 212900        1    153231505414752144851486916050165461612315584146511326911972
 213900        2    111941091510769108361109412110143611605016413164931643416152
 213900        2    158201561315167149171532516315164671586815187141361270211333
 214900        3    10354 9926 9656 9601 977010701128741455814922148741471514786
 214900        3    143941432414179141191451215475156961524614680138221260811401
 215900        4    105661031310142101711042511450136741557616379167781701717039
 215900        4    168601679016518163841674317399173731680516034149681354912198
 216900        5    112891089310639105751074411581135091521416108165181666816638
 216900        5    163531612515757154741562016214162031557814905139551282511658
 217900        6    1071310176 9859 9728 979110128107701163412711134991369713648
 217900        6    132691285912513124061280014080148831459114188136561292012150
 218900        7    114861112010949108971095711197115631212912927133681351313530
 218900        7    132021265812172120361247313744145461427313829132341240611507
 219900        1    107961043010242101361026910814119421310214033146051468214422
 219900        1    139521357413179130241342314544152461497214520137161266211603
 220900        2    108861063810556105841090411966140221587016562168281686916744
 220900        2    164701626915908156771595817018177321726116588157171441013153
 221900        3    123271202811834118871213413067150481658416958168371659916208
 221900        3    156881534614879145951478215667163811589115267143181308111846
 222900        4    109411052910341102731047911393132801484015367154741530114985
 222900        4    146891448314264141511448915284154781499714307133261201210750
 223900        5     9850 9389 9090 8969 9075 9861116611334614207145531469414562
 223900        5    142511404413787135501363914270145791403313439126501169610670
 224900        6     9885 9447 9263 9250 9412 9822106011168913039141291465814695
 224900        6    142441368013279131731350614405149131445313868132131239511579
 225900        7    108181036910116100591010710343106571136512382132661382914214
 225900        7    143401417013947139291433115380160951574515367146531371012868
 226900        1    122861208712108121721252313706158871747817975180431799517764
 226900        1    173171698316576162251651917459183671803517554165821519013956
 227900        2    131551285112790127251301514092161931764817778175541737817063
 227900        2    168951689316746166961694317458177691726216422154011394312639
 228900        3    117901141811232112231143612431145541610116376163681628716088
 228900        3    157541557815275150881532316228171191683716376155131420412926
 3 1900        4    121011175211652116501194513026151451669316917167531652516210
 3 1900        4    157611550315121148551502915862167861651515921150031358912243
 3 2900        5    113621095710772107161092811839139221547115710156911545715127
 3 2900        5    146911445614099138061381614435151731477514172134091240311278
 3 3900        6    10413 9925 9742 9618 970610060106801173312890134881355813351
 3 3900        6    128631239512014117561200812807137591341512922123611157210775
 3 4900        7    10105 9705 9506 9449 9586 9853102251096811946126011289413033
 3 4900        7    128681244112038119801232913304146221454214159135351256811699
 3 5900        1    111421093610863109721129512346146111639816895167871669216340
 3 5900        1    159681569515298150871533816088169091659416038150231357212314
 3 6900        2    114931115111001110181124812288144451617916795169751705116962
 3 6900        2    167181657716222159961616216793175401731716715157521436113110
 3 7900        3    123571211812015120421240613489156251721317386171881691916505
 3 7900        3    160101575315411151471531216030170161680716262153241396712704
 3 8900        4    118421169711573116081185712977150931662016787165851630215907
 3 8900        4    154371517014745144431449915108162481618315641146911332412036
 3 9900        5    112311083210710106951093011908139591548415732155621523814960
 3 9900        5    145361436113972136941370914207150151476014085135591239211364
 310900        6    1051010133 9901 9818 993610313109181188512921134311344413123
 310900        6    125471201111616115131170712461134371309212611119591119010341
 311900        7     9647 9129 8916 8716 8701 8833 9070 984110781113611153211561
 311900        7    1131010869104751035610704115061262112534120791136710369 9459
 312900        1     8856 8674 8502 8518 8736 9779121091423515055153311552215405
 312900        1    150571505014781146321484815298157731531214635135461209110802
 313900        2     9985 9639 9428 9344 954010516126081443414828148011464814415
 313900        2    141361403113802135481360613907147161445813779128511145610216
 314900        3     9417 9041 8828 8789 8948 9877119911392214520146551471314594
 314900        3    143021424213979137491387614366150851482214197131971181410424
 315900        4     9684 9248 9059 8962 918010102121111396414466144641440514184
 315900        4    139411389913710134881349113878145941433413712127611140210136
 316900        5     9313 8919 8756 8662 8871 9738116961363314364145521461314396
 316900        5    140811390913633133301319413282140471376413186123001120410047
 317900        6     9138 8651 8313 8169 8181 8457 89721013111441123731261812565
 317900        6    1214911737114201127111537121041267012273116841101510225 9405
 318900        7     8493 8003 7762 7562 7541 7711 7928 872110081110041156211850
 318900        7    1176411400110391086010936114131253112696122851169410739 9765
 319900        1     9291 9058 8971 8978 929410287123951424014828148141472214515
 319900        1    141901401613802136081392314494151261484814211131371179710578
 320900        2     9737 9379 9171 9157 931410244123221434314989151361517415107
 320900        2    149481489414833148681520015518157401541014686136361224210909
 321900        3    10086 9700 9491 9472 967110635127711469715287153661546915322
 321900        3    149781474914400140961414114358152371519414679137021238511100
 322900        4    1033010018 9895 98341010011043130141467715003149391478714550
 322900        4    142301409213796135451361013996149171485014340133251203110711
 323900        5     9863 9436 9210 9147 928810125120571376214243143841437214234
 323900        5    139661389213674134291341113591144971446214017133051230811273
 324900        6    10425 9997 9812 9686 977710097106871178812933136211373613508
 324900        6    129621258212209119511221512881137181351313027124051160610754
 325900        7    10133 9706 9507 9450 9450 9525 97351039511162116651185611944
 325900        7    116921126110878107441108911651128201308712725120611107010214
 326900        1     9679 9476 9411 9435 976010733128201453415026150341501314807
 326900        1    145481438314150140061415314519154331553115031141141276811585
 327900        2    109031059410464105461081511774138111540615854158211571915491
 327900        2    151181492414569143671452214890158761595515458144821311111905
 328900        3    111641091810772108231107712014140281562115884158071559015316
 328900        3    149891471614360140531411514435153401541514889139301256211319
 329900        4    105981029910234101841048011403134121500915349153061514514852
 329900        4    145171436714049138541398514443154391541314910139071249211273
 330900        5    1052010140 9967 99461014211022130911504115663157651588815786
 330900        5    155891552115434152921543015544158121548914767138911271611501
 331900        6    1068810124 9860 9710 9714 9925105291171512939136801388013724
 331900        6    132691283012479123801254112993135451335312849121841132110449
 4 1900        7     9683 9551 9298 9044 8902 8988 9186 954910239113101175012295
 4 1900        7    125491240211864113601138611554118761228412769126381145610434
 4 2900        1     9464 9132 8976 8925 910110162122461434915232154731558315493
 4 2900        1    153031515914878146761475814832147861497414715137261241110943
 4 3900        2     9968 9586 9369 9313 947910311124291435715245155261567215668
 4 3900        2    155851545715306152401545815602155691558415120142051268211244
 4 4900        3    10287 9935 9645 9529 960410493125061449915144151761527215153
 4 4900        3    149191478714590144551463514864147671488614641137491239211002
 4 5900        4    10115 9786 9529 9447 963110528126261446114927149731493214729
 4 5900        4    144281428413987136861362113532134451404014225135301221810853
 4 6900        5    10066 9667 9418 9290 941210286123581434015003151031504514745
 4 6900        5    143891420713917135581346113415134451372113640129521195610703
 4 7900        6     9933 9526 9236 9144 9235 9589102281133012662135601391513794
 4 7900        6    132701263912092116601159811744118971240212640121481145710592
 4 8900        7     9870 9449 9215 9070 9086 9319 95291014111006116601193712068
 4 8900        7    119821159811229110871118111344115581232712753122301128810318
 4 9900        1     9640 9431 9382 9414 969010719128751473015203151821500214732
 4 9900        1    143911419713858135191352913490133171381113978131471179910446
 410900        2     9588 9258 9061 8987 915710059121481412414818149451496214825
 410900        2    145441442914215139441414614356142481433514054130821168710361
 411900        3     9477 9080 8839 8725 8832 9707118911390914635147751475514573
 411900        3    142901416013891136541363013709136931410114143133261204810675
 412900        4     9859 9526 9386 9352 961910565126961450715008150591498814710
 412900        4    143701426113934135991349513418133641387714208135641233811026
 413900        5    10149 9809 9622 9624 972010534119241340314105141741394113768
 413900        5    134351308712736123191218112137120741251112965124411150610435
 414900        6     9642 9267 8990 8998 9055 9351 97731077911798123761237712142
 414900        6    1172311230108921072410850111041125811794121281165310881 9901
 415900        7     9070 8569 8288 8124 8093 8244 8640 948410637114571172511770
 415900        7    1157611031104591013510032 99321005310631111591084010073 9224
 416900        1     8503 8208 8072 8029 8237 8986104041217313105135271373413610
 416900        1    1331313078128201249512358122571205712441129801224511052 9748
 417900        2     9077 8696 8548 8487 8719 9557112281327014199145801482614847
 417900        2    146651450314254140611427714331140961402814031132221205810736
 418900        3     9933 9562 9384 9346 960510429121261390614613147341474614587
 418900        3    143201413913845135761350613341131341350714015133641220810897
 419900        4    10138 9810 9674 9654 987310735124521412414683147691466714408
 419900        4    140781387013507132041302912861126731303413585128721172010407
 420900        5     9612 9242 9024 8920 9136 9898115181338614208144751447214294
 420900        5    139951380513593131301296112735125111269012937122391113910044
 421900        6     9177 8682 8400 8263 8280 8561 90781013811441124061284412884
 421900        6    1246312017116841153311545117241171311648116821116010355 9477
 422900        7     8719 8298 7994 7850 7805 7939 8109 8843 9695103781065110764
 422900        7    1059310166 9810 9652 9749 993010069106041144710957 9948 8950
 423900        1     8279 8025 7865 7867 8093 8977109531292413631139151404813954
 423900        1    1376813725134351323913116128421245612604132651240511062 9655
 424900        2     8858 8499 8271 8234 8427 9314112471315913778139541398013882
 424900        2    1366313571133731313212970128481255512834132891250911187 9779
 425900        3     8970 8582 8397 8360 8542 9393113151342514187144241455714528
 425900        3    143801431814117139041398613938136761346713232128821155510125
 426900        4     9296 8887 8657 8531 8707 9494114211341414057142371423814115
 426900        4    1389813880136161341813226129351265412732133891269611289 9903
 427900        5     9010 8592 8343 8228 8361 9108108951289513728140871431914446
 427900        5    143851453014460142721409213647132261308613545128801170110426
 428900        6     9381 8770 8414 8168 8108 8236 8661 991711294123061268812802
 428900        6    1253712338120751185911769117081150311533117691118410350 9329
 429900        7     8557 7994 7696 7512 7438 7486 7625 8457 9497103871093711207
 429900        7    1125910993107351066310884112021142311614117721121410217 9240
 430900        1     8571 8283 8121 8050 8277 9176112911339214286146091474514706
 430900        1    144821437514088138871399213985137331371013782128051139110068
 5 1900        2     9171 8754 8586 8466 8623 9398113981343214077142791446814261
 5 1900        2    1412614058138581362913605134021299312974134841271811328 9914
 5 2900        3     9009 8545 8318 8163 8326 9048109911295513661139031400513928
 5 2900        3    1375513734135131321213173129121251512487131541253111168 9775
 5 3900        4     8985 8526 8373 8345 8488 9314112811314213757139291397513853
 5 3900        4    1367113612134161315713071127891253312595131931249011209 9867
 5 4900        5     8943 8550 8355 8230 8464 9167111081311813693138831397213876
 5 4900        5    1370213677133961308012863126561252912555126921200310940 9811
 5 5900        6     8980 8506 8209 8090 8101 8373 88621001911406124451285512880
 5 5900        6    1257812152117711160811733119341190811840119081138210541 9674
 5 6900        7     8955 8426 8172 8026 8026 8036 8245 902910001107091096611028
 5 6900        7    108971046610118 992610057101391022010526113961109210063 9091
 5 7900        1     8402 8126 7976 7979 8159 8980110451325713996142701432814241
 5 7900        1    1406213945136671339713407133311311813142134311264611259 9872
 5 8900        2     9084 8695 8463 8401 8574 9333113641335614049142221426214113
 5 8900        2    1387213802136011339013434133701304912901132741262811276 9878
 5 9900        3     9031 8569 8400 8301 8427 9193111491311913734139951411014095
 5 9900        3    1402714137139581374413656133331289612794133931275411329 9917
 510900        4     8946 8501 8281 8170 8247 9040109791306413875142221449214550
 510900        4    1449314475142711401713949139041366313617136381276211339 9975
 511900        5     9110 8627 8416 8262 8296 8955109271289813692139861414314037
 511900        5    1388113728134051310312942127261242912392126831219611150 9970
 512900        6     9020 8532 8298 8171 8224 8350 89531008411151117061175011501
 512900        6    11123107231043210263103001046110530106541114610774 9947 9072
 513900        7     8301 7713 7478 7382 7315 7399 7593 8487 9643105701100511212
 513900        7    11185108261046410310104561063410811110451131310893 9916 8949
 514900        1     8234 7871 7790 7763 7899 8736107851289813700139951416514176
 514900        1    1399413990137861359613462131991270312484131901265711240 9799
 515900        2     8776 8358 8145 8048 8174 8871108561286813683140161422814314
 515900        2    1415314217139821373813665133321285212656131351253311142 9626
 516900        3     8911 8415 8120 8013 8175 8842108241290913718140591429214264
 516900        3    1417114149139791387313968138711354913350132981250711092 9734
 517900        4     8936 8449 8263 8152 8246 8974110341318213956142771446214442
 517900        4    143051426014082139671412814140138831365913576127901138510035
 518900        5     9152 8691 8554 8351 8432 9266112471329514054142901439914273
 518900        5    1404713900136481335313074127241230012102125441216511117 9949
 519900        6     8967 8433 8176 8017 8010 8129 8729 989311119118141202211872
 519900        6    1154411179108481061510695107731076510698111071092310122 9227
 520900        7     8492 8032 7736 7599 7549 7552 7834 8674 9663105371098211228
 520900        7    1120610877105491046910725110231127411466116111130810241 9260
 521900        1     8514 8227 8085 8045 8229 9122112761357714650150051521415228
 521900        1    151151492514723145761466814667143161404814028131951174810348
 522900        2     9523 9079 8847 8773 8946 9676117221365914305144451460614442
 522900        2    141921416713928136881366713520132671311913444128361150610060
 523900        3     9186 8733 8574 8472 8636 9390115131351114242143831448214376
 523900        3    141031406913938136951375613676134011322313496128741149510076
 524900        4     9199 8790 8603 8529 8707 9397114731340114027142181413414097
 524900        4    139381383713666133301321812959125771242412963126311139510040
 525900        5     9102 8644 8462 8356 8509 9156111181302113792139771408713928
 525900        5    1372913717134941313212880125291215011954123121198010883 9664
 526900        6     8711 8199 7920 7715 7745 7710 8230 922910414111091128411199
 526900        6    10973106671041410282103701047510496104391082610660 9889 8945
 527900        7     8171 7673 7406 7243 7203 7100 7367 8174 9146 99101024610298
 527900        7    10235 9929 9628 9563 9641 9709 9675 97661029310286 9520 8615
 528900        1     7848 7385 7191 7066 7060 6959 7447 8384 9469102651052510554
 528900        1    1041110048 9812 9746 99061004610032101611087710746 9672 8585
 529900        2     7929 7616 7458 7425 7524 8284103181251613428138681413214202
 529900        2    1415814135139581385813949139371364313291131491239011039 9715
 530900        3     8891 8419 8223 8129 8252 8948108471299113795141541428014189
 530900        3    1396413864135671333913244130031255512299127171253611205 9785
 531900        4     8851 8418 8237 8171 8343 8974110381305113764140051410214037
 531900        4    1395913906138381356013453132251276812470129331273611350 9916
 6 1900        5     8948 8457 8231 8119 8167 8792107701283513768141911456414522
 6 1900        5    144981451214478141841393513449129491249412741126171140610116
 6 2900        6     9089 8479 8164 7946 7902 7886 8593 985211196120851243812455
 6 2900        6    1226612024118881184311927119951179011622119741188210979 9959
 6 3900        7     9040 8438 8100 7829 7727 7561 7855 8684 9777106521111611434
 6 3900        7    1148511245110151091610982110781094310948114391143110427 9407
 6 4900        1     8649 8334 8137 8057 8152 8877108721309314294149851536015540
 6 4900        1    1539715216147971439914192137851323212832129731257111177 9753
 6 5900        2     8803 8386 8154 8065 8138 8728108661281813637139581393014204
 6 5900        2    1406614112139591376013704133851286312493128071261611250 9811
 6 6900        3     8860 8400 8172 8082 8182 8819108251291313724140651425614375
 6 6900        3    1428514271140981393013834135331303512684130011268211376 9978
 6 7900        4     9077 8607 8387 8329 8444 9136110951323014082145801493915099
 6 7900        4    151051518615086149761481514336137271328413441132931188110390
 6 8900        5     9337 8843 8556 8368 8430 8940108411296513993145521479614887
 6 8900        5    1479414807146391428713892134531301812720127901228811193 9976
 6 9900        6     9037 8473 8150 7942 7929 8003 8535 964310974119591243712499
 6 9900        6    1229912031118171173311855119831178211478115861152010706 9724
 610900        7     8868 8318 7972 7724 7643 7541 7790 8543 9677106471115111465
 610900        7    1145611120108081072010852109901099711033113441119310178 9126
 611900        1     8417 8073 7920 7835 7979 8631106231282813852143811469914748
 611900        1    1458914447142381401413948137771334712903129171256811234 9884
 612900        2     8894 8444 8262 8163 8257 8858107771286513705140681428614261
 612900        2    1417314236141051394513918135891301412608128551276311417 9986
 613900        3     8939 8503 8262 8152 8249 8834107411281513718141821449514648
 613900        3    146881476314707145421441513920133701306413293129121154310099
 614900        4     9110 8637 8354 8218 8357 8892108131296713998144371473714811
 614900        4    147521480414627144311425413838132951295613172129431161710190
 615900        5     9182 8662 8423 8263 8338 8877107071283513940146011498215100
 615900        5    150741518715020147701452614076134951302813071129761187610586
 616900        6     9457 8828 8474 8252 8179 8222 88121000911362123901286812940
 616900        6    1275612447122251216812273122231194611758119021196111101 9994
 617900        7     9110 8511 8169 7943 7870 7699 7953 8828 9965109521154011816
 617900        7    119071172911599115881172911798116681162712125123591138110188
 618900        1     9330 8893 8685 8552 8651 9194110521330114789156441619016350
 618900        1    164091652516435162241607815496147511423414274138701244410942
 619900        2     9936 9406 9139 8970 9071 9691114851362614788154421580515961
 619900        2    159711608816115160071589815441147981434414335139401257711081
 620900        3     9980 9425 9099 8905 8966 9542111771328314443150521544215529
 620900        3    153881541715293151201502414677140381366013789134921221810718
 621900        4     9742 9180 8922 8742 8847 9385110771317814391150431540515475
 621900        4    153141539115215149761483614467139361362813695134001212910738
 622900        5     9739 9129 8835 8658 8784 9255109621313214618155771607816345
 622900        5    163381641216345161511591815401147041411114201140311286811335
 623900        6    10405 9760 9307 9042 9014 9167 96551077412128131941380713968
 623900        6    138111357713241129521298812885126651248912544124231153810512
 624900        7     9608 8995 8652 8369 8245 8161 8357 915710287113601199612287
 624900        7    123771211711842117261185211877117411160111980122151132710161
 625900        1     9056 8555 8341 8216 8341 8852106191284014282151501583116013
 625900        1    158891588015628154251523414763141271361013660136171232010726
 626900        2     9870 9232 8931 8722 8793 9288108861298014295151221582216037
 626900        2    160571617316195161521605615573149291433614393142721297911396
 627900        3    10276 9611 9291 9132 9173 9685113351348914864157941639516614
 627900        3    167181690516791167031655816043153461476314744144771307811565
 628900        4    10495 9820 9485 9291 9320 9818114621362515021158281632716321
 628900        4    162711631816230160991595715550149451439614353142271287511310
 629900        5    10144 9481 9137 8918 8929 9353109121290214117147571500015102
 629900        5    149431485214700144411430813990135501324713288127871173510546
 630900        6     9532 9000 8648 8439 8359 8418 89871009311416124651289012871
 630900        6    1259112240119281173711798117811156211311114441145310657 9712
 7 1900        7     9210 8643 8221 7954 8008 7982 8351 9036 9836108291135811532
 7 1900        7    1149511210109231091111055112151124111236114071137010653 9859
 7 2900        1     8566 8161 7971 7852 7959 8506 98651179712986137711415214229
 7 2900        1    1421714152139521382613734134231290812470125581253711322 9898
 7 3900        2     8991 8545 8343 8178 8111 8260 98011183013259142271468814862
 7 3900        2    149091500915013149351485914477138711336513363131681217310854
 7 4900        3     9726 9010 8652 8396 8302 8256 8526 939310594115861209812353
 7 4900        3    123221219812120122511252112710126651260912993132381277811943
 7 5900        4    110541051510183100091008410503119331403315717168911742417574
 7 5900        4    175101751217269169001668816046153591467814426142531277611344
 7 6900        5    10072 9422 9018 8804 8754 9026104381229313518143021458814620
 7 6900        5    144721437314211139641377413384128751243312432123541130410131
 7 7900        6     9115 8501 8118 7942 7870 7818 8384 947110759117061212112128
 7 7900        6    1186311579113781128211392114711129511012111761131610480 9508
 7 8900        7     8635 8082 7739 7566 7492 7336 7647 8355 9419103231082711133
 7 8900        7    1121911021108561083711020111321104110971114211146510638 9544
 7 9900        1     8858 8469 8339 8270 8463 9114107141285714372153361599016323
 7 9900        1    165301678916950169551700516719162261571915812156661432512627
 710900        2    114331071210348101161005710337118501396115277160901638416582
 710900        2    165621666416657165751660016163154671485514793146271327211632
 711900        3    10387 9722 9288 9031 9003 9385108891289414119147261505515117
 711900        3    149681487614731144941437514017134621308013192130601180610414
 712900        4     9442 8916 8641 8523 8572 9078105721251813709143721469314762
 712900        4    1462914426142491397013938137911341912982129791246011238 9960
 713900        5     9065 8610 8345 8214 8327 8900102421217313291139441431914410
 713900        5    145341452114366141341392413505130081253112561124621142710335
 714900        6     9232 8645 8305 8091 8072 8087 8651 975611113121081254312611
 714900        6    123841214411911118161191311934118371164011826118311103310305
 715900        7     9195 8679 8371 8181 8101 7999 8215 899610073111481197612601
 715900        7    129511300612989131301338913541134731337113811139891299511840
 716900        1    108301033610061 99671002410590122561467516338174311807918408
 716900        1    185341867218609183821814317649169141626516183158191423512494
 717900        2    112391052210119 9959 987810244119401417315770166691734917659
 717900        2    177981798118005180291791717500168161628316289160281454112827
 718900        3    115771089610503102661025110676123351464216275174321819918533
 718900        3    187791899919094189391883918379177831712817184169951543213625
 719900        4    124491163311231109431092411373128841517716740177921841618770
 719900        4    189321908019099190091888218401178481723117238169441545413660
 720900        5    124041160911185108951088711283127671497516607177271850418929
 720900        5    190401913018975186821834317775170111650216267157351448013106
 721900        6    119591110710645103291020510222106251173813090141611482415010
 721900        6    148801459614538144181443914386140941380113988139191296011896
 722900        7    1087410175 9754 9501 9318 9240 94001004010998119701267313206
 722900        7    134361332313166131461330913369132811326013649133601246711486
 723900        1    1065710144 9923 9831 998310630122061440616010169781773218112
 723900        1    182661838318286181101792217564169351645416504160291458113013
 724900        2    117951113010751105051053611081125181461615865165791690616975
 724900        2    168131669716430160141615515945153551491515036146411333711816
 725900        3    1081310207 9844 9658 970210259117091379015093159611648916684
 725900        3    166301675916641165391642316110155291500315218147851344411992
 726900        4    1119410545 9971 9731 978810278117981390915355162811689917191
 726900        4    172911749717388172241701416512158511524215371150091367312020
 727900        5    1101010320 9970 9752 974510289117471370314978157601623616414
 727900        5    163761642716393162031594615439148201428914362140971291511618
 728900        6    10571 9874 9530 9254 9181 9281 97011068611981130351354813663
 728900        6    135501336813173130801315913174129011261612861127331182510816
 729900        7     9871 9161 8892 8606 8521 8451 8603 915110278111871185012246
 729900        7    124161233112228122501251512607124531228412805127691185910749
 730900        1     9892 9440 9188 9074 9189 9755112791330514687155341603316293
 730900        1    164081659416560163861637015971152531462514779143731291511392
 731900        2    10359 9736 9394 9283 9331 9857112761330914674155881612516415
 731900        2    165681679316825167671681416405157651529215421148511334011772
 8 1900        3    1069310078 9713 9543 958810145116231359214867155831593116190
 8 1900        3    161571621216175159821590115467147921415914291140041259811064
 8 2900        4    10064 9426 9048 8878 8895 9397108711293914256151211568115903
 8 2900        4    159941616316140160641601715682150761455714799143931310411525
 8 3900        5    10380 9716 9479 9263 9294 9801112221334514912159911667016956
 8 3900        5    172801743317457173761731316939164951568915781153671407312515
 8 4900        6    113261051310041 9697 9535 9560 99521114312650139151456414861
 8 4900        6    148731477514696147181490514914146631434314625143351325912001
 8 5900        7    1104710218 9772 9441 9295 9171 93061003111137121021272513125
 8 5900        7    132431308112904128151295913001128661288513491132621234011293
 8 6900        1    1054210039 9815 9723 984610542120561421015614163991695917006
 8 6900        1    169061679916562162801611415850153311504315062142861290811578
 8 7900        2    1063910094 9798 9680 977610465119911401815402162391683017005
 8 7900        2    169721697316857167041667216308157471540915560149101355112086
 8 8900        3    110271043610117 9837 985310507119481401215331162081657816863
 8 8900        3    169921709116964167851675116428158361547015672150741364812126
 8 9900        4    110841041110044 9844 986210444118801393315311161571674217046
 8 9900        4    171521738717337171251696416570159911569115853151261372512255
 810900        5    111891052010151 99581004110648120991414215520164751696417228
 810900        5    172091718416969165921631815861153401501915181144981336212098
 811900        6    111281044510122 9821 9739 9938103591136812615137491436014464
 811900        6    142271391213633134801358113563133751328313556131421218411193
 812900        7    10322 9687 9248 8989 8860 8852 8924 964410820119721278213291
 812900        7    135291344413356133821360213721135691350514196138601282711587
 813900        1    1058110025 9732 9560 961710171115351358815164163381711317499
 813900        1    176951792117835177341766217225165201613016454155351395212417
 814900        2    113641072210359101661018510756121501423715502162811666416677
 814900        2    166841678716689165021643416032153271482115138144501296211438
 815900        3    10395 9812 9441 9244 9349 9951113251339914686154801598316143
 815900        3    161321624016239161341607815700150811462215005142841282211348
 816900        4    10321 9732 9366 9195 9295 9889112671333214709156281630216610
 816900        4    167371701717088170641703216641160241563616045152671383412279
 817900        5    111831048910126 9929 991510492118571399015546166231740517772
 817900        5    179541822518145180691778817282165621613516353155901430212778
 818900        6    115971085510376101041000610161104971160013033143121507515411
 818900        6    154691536215254151761525115206148671468315022144321333011952
 819900        7    1113210400 9965 9679 9554 9483 9529 999810830116071198412138
 819900        7    1201511580111981101711074111931112311228115731108410225 9304
 820900        1     8626 8256 8121 8057 8200 8884103381231113523142871470814789
 820900        1    146911465714503142551412113829133311322613527127061140010106
 821900        2     9271 8799 8567 8449 8570 9242106471257213709142871467414746
 821900        2    146591471414540143631428614027135661340513693129071169710368
 822900        3     9488 8991 8735 8612 8704 9385107891274213916146741518015301
 822900        3    152381532915180149841483414476139211385614114133181192610622
 823900        4     9699 9181 8874 8722 8813 9493109221281113994146871500915095
 823900        4    150581505214909146541456414271139091382113936131941197910683
 824900        5     9743 9201 8948 8822 8930 9587110161302214308151071558315743
 824900        5    156811558315418150761484214468141091403313965131841205610863
 825900        6     9982 9455 9095 8874 8786 8960 94931041411668126851319013334
 825900        6    130781278212472123291234912409123471238212628120661128410369
 826900        7     9519 8945 8593 8338 8258 8318 8445 909710220111991185212338
 826900        7    126171256012472124791267112859128101307213756132941223411132
 827900        1    10226 9748 9514 9349 940910097115611375015509167121756318006
 827900        1    181881854518461182851824317858171931703417190160541443512793
 828900        2    116201091010487102701019810826122491442315826168661744017715
 828900        2    177861794717984179461799017583169541678816994158641436312691
 829900        3    114001073210338100931012310787122541428615681166031721617527
 829900        3    176531778017785176101748216979162361606216076150481353811978
 830900        4    1090210229 9856 9606 961610248117511369314930157231618116366
 830900        4    163351641516371162131605115568149641482614951139921254911082
 831900        5    10086 9457 9144 8955 9078 9616110401304814344151511563715850
 831900        5    158141596015807156441539314957143861425414312132761220210900
 9 1900        6     9794 9180 8788 8576 8501 8661 8839 978911105122241273512947
 9 1900        6    128331260712490123791252012538123741259612725121421129610255
 9 2900        7     9465 8880 8622 8324 8309 8288 8437 908110144111141179512217
 9 2900        7    125201247112383123721253912595125161286613109125281165810625
 9 3900        1     9730 9071 8739 8535 8448 8566 8692 926410200111241165311775
 9 3900        1    1163411366110991101511203113311129511790121261140010355 9328
 9 4900        2     8578 8260 8154 8015 8152 8945106301259213777143951484614935
 9 4900        2    148731495514870147031457614270138251398113973129631145110115
 9 5900        3     9258 8806 8568 8450 8638 9335112711317514004145011499715186
 9 5900        3    152341544915460153291526915034145961482514762136921216010751
 9 6900        4     9822 9348 9084 8963 9039 9818118151370014653152701574015975
 9 6900        4    160391626416264161121600915641152051555615436143651282611402
 9 7900        5    10444 9907 9645 9499 964810464124901454915637163021667416800
 9 7900        5    167021672816638164871619915698151541518114855137111237110873
 9 8900        6     9791 9100 8687 8457 8334 8557 8936 998211228120551231012218
 9 8900        6    1190811550112841111811191112931123111620116721103410139 9311
 9 9900        7     8571 8010 7745 7574 7527 7663 7820 8457 9466102441066410871
 9 9900        7    1089310701104571042510665109501117011877117841109910063 9152
 910900        1     8547 8237 8111 8118 8266 9117112711336114277148351521315268
 910900        1    151781519015105149481495714519140501435414205131061179010385
 911900        2     9452 8960 8697 8563 8686 9480114621337314300149481549515771
 911900        2    158441605915992158481575015303148081518714884137781228510806
 912900        3     9877 9369 9122 8938 9053 9841119931398914888153861572915812
 912900        3    157881585315750156051555915199148321515014838137711230710899
 913900        4     9973 9430 9162 9024 9132 9921119821394114880154871589816143
 913900        4    161741640416314161231600615591151351547615131140181244310994
 914900        5    10061 9543 9271 9116 920310026120791403914962154511577415778
 914900        5    157011563215612153871512214636142271449814169132621202410795
 915900        6     9744 9138 8956 8733 8742 8975 97941065611924130271357413578
 915900        6    1325512886125771234012222120971192412283120791134110431 9483
 916900        7     8666 8096 7776 7566 7499 7594 7749 8409 9516101241053210747
 916900        7    10775105651035410256105231082711098116751138510738 9902 8963
 917900        1     8330 8004 7887 7819 7991 8822109441287213521139731419414204
 917900        1    1402313982137741356313588135411343113914134921250011128 9784
 918900        2     8929 8486 8292 8217 8378 9280114021326313784139991411314066
 918900        2    1390913858136771354113589134671339814006136251265211262 9933
 919900        3     9103 8685 8483 8449 8584 9475116101343813940140711413914095
 919900        3    1390613902137621356513703137881388514144136151258911182 9892
 920900        4     9038 8623 8425 8311 8418 9226112131300613774141291433614329
 920900        4    1416914183140101377513718135481344513965135941255411197 9822
 921900        5     8967 8538 8374 8235 8372 9212112261306013740140471415714169
 921900        5    1399013964137811349613301130431300413329131311212811012 9804
 922900        6     8928 8376 8105 7939 7959 8220 8875 983511174121011252012544
 922900        6    1231112023117491162411800120231214712243118021109810233 9395
 923900        7     8608 8055 7787 7588 7548 7666 7910 8558 9656104421082311004
 923900        7    10965106691041110308104801071511074119031156310866 9813 8944
 924900        1     8284 7968 7846 7804 7984 8903110071293513714140221421214220
 924900        1    1403913967137651354313561135321351814073135781250911168 9818
 925900        2     8968 8563 8364 8270 8410 9318114381327913835140321414114139
 925900        2    1400914003138321363013651135271356414079135401244611114 9788
 926900        3     8912 8506 8290 8180 8339 9199112911313513830141701436114388
 926900        3    1426814253141201397113977138171382214229136441262311212 9886
 927900        4     9029 8551 8393 8281 8402 9194113781314113775141941442514493
 927900        4    144211450714397142001413013891139191442613892128411140910000
 928900        5     9103 8633 8382 8279 8368 9194112531303913772142781457614632
 928900        5    145841468514527142031400713617135651388713311124301129110079
 929900        6     9177 8603 8329 8119 8072 8332 8956 995611233120031229012432
 929900        6    1219011936117051155411645117611217512568121451139810480 9547
 930900        7     8733 8166 7927 7723 7673 7778 8060 8643 9707106991116111475
 930900        7    1157711311110541096611158114871200112389119991123410182 9149
10 1900        1     8407 8045 7913 7853 8000 8860109331287713596139871421814205
10 1900        1    1407214056138651363313632135291370214126134921247111138 9764
10 2900        2     9018 8543 8354 8274 8447 9254113861322613812140091416214141
10 2900        2    1395813937137441353513562135531377614117135221249811186 9896
10 3900        3     8991 8593 8390 8302 8453 9402115791347613889140581412914077
10 3900        3    1391513942138051358413535134111377614155135251259511181 9862
10 4900        4     9026 8562 8356 8284 8333 9266113941328713900142321441714343
10 4900        4    1433914411142801410214212143811465014566138061272511237 9874
10 5900        5     9047 8571 8307 8169 8314 9150112311305913693139961419514157
10 5900        5    1396513915136861342813211130051330113556130171213211010 9855
10 6900        6     8908 8361 8097 7930 7885 8141 8773 971910911117421201911970
10 6900        6    1172411447112121108611235113881196312395119131116710336 9414
10 7900        7     8548 7972 7692 7510 7435 7535 7819 8340 9455103011073410964
10 7900        7    1102610819106521058410780110191167212087117281105210174 9349
10 8900        1     8638 8134 7941 7824 7943 8465 96951099912133129971356813786
10 8900        1    1372713635134711336513463136161402414051133751233011023 9829
10 9900        2     9028 8566 8350 8261 8391 9199114031342314254146351487914890
10 9900        2    147371472114618145111454214439146711468414018129851159410276
1010900        3     9312 8849 8604 8500 8619 9432116001350614326147841501415031
1010900        3    149361491114699145711465514630148811467313910128881146810083
1011900        4     9173 8645 8434 8328 8466 9318114751338714099144371460214572
1011900        4    144401449214366142361429514332147381466713968129411159710217
1012900        5     9294 8807 8579 8456 8577 9358115231349214296147671503315105
1012900        5    149831495514734144371429414264145861431113616127511162910419
1013900        6     9474 8870 8575 8376 8373 8654 93591030411712127641328513351
1013900        6    1307312737124101223812354124901308112956124191174310907 9971
1014900        7     9122 8542 8173 7948 7844 7950 8273 8765 9801107801134411724
1014900        7    1179511563112791121911319115921239012674122111143810390 9374
1015900        1     8654 8243 8067 7966 8117 8956112061309113939144991486514948
1015900        1    1493614939147061435014147139781440714347136271253111140 9820
1016900        2     8909 8421 8223 8126 8224 9087113071308213605138011396613984
1016900        2    1387713832136561347113479135141411514107134851245511201 9811
1017900        3     8923 8540 8335 8237 8447 9352115881339213831140001407014025
1017900        3    1386913899137581355813535136021428214230135771259611252 9947
1018900        4     9071 8557 8351 8238 8392 9229114621336413991143421460814595
1018900        4    145671448914259139981397814140147381451213822126741128410008
1019900        5     9048 8562 8279 8191 8267 9058110891301813628140021412114005
1019900        5    137351363313386131121298513058137871365213063123241129610097
1020900        6     9220 8708 8425 8259 8324 8619 95321044211587122221234812129
1020900        6    1163411222107361065410792112681225312231117811115010370 9520
1021900        7     8770 8302 8063 7945 7925 8102 8548 911510138107691095810995
1021900        7    10859105111016110086103851091212056121121165010897 9910 8963
1022900        1     8358 8053 7944 7888 8049 9033113041320013892142381429314308
1022900        1    1415114074138791369313789141581461914218135451257011111 9785
1023900        2     8897 8502 8265 8156 8273 9132113701336713940142851451414549
1023900        2    1441114381142111415214444148021495114423136631259811246 9876
1024900        3     9016 8691 8465 8359 8433 9245114041339713980141981434714281
1024900        3    1412314082138671364513617137761445514222135641258711204 9882
1025900        4     9090 8654 8473 8398 8551 9492117301365614147142471432314197
1025900        4    139411389613706134581358813801145881436013747128011151010182
1026900        5     9298 8896 8638 8561 8713 9580118051376614368145461468314591
1026900        5    143761430014075138861403414341146921427313624128301175910468
1027900        6     9756 9188 9020 8892 8900 9299100671105112195128561290512624
1027900        6    121431165211223110321120011811128941274712320117721104010306
1028900        7     9586 8946 8599 8510 8573 8817 92491027011136116171175111830
1028900        7    1185611601113821149612285131661298212494119391115910165 9419
1029900        1     8850 8555 8506 8517 8817 9883122361407714664149361495214809
1029900        1    145371441914143140491468115964157541523014558134891203210781
1030900        2     9953 9554 9459 9458 970510727128781452414857148381461514387
1030900        2    140911396513726135371420815392151891463613956129091153210243
1031900        3     9447 9063 8905 8860 909910099122041386114204142841429914132
1031900        3    138691375613562134761401314984144981400913543127071142510229
11 1900        4     9521 9220 9057 9059 931010295124221404514459144481438714181
11 1900        4    139151381713594134591408115075149601448913774127971142410390
11 2900        5     9335 8988 8736 8669 8870 9779118251345613937140881401913964
11 2900        5    1373713623135121327813660145101398513285126691176110860 9547
11 3900        6     8843 8371 8065 7960 7973 8316 8853 996511060117321187311763
11 3900        6    11422111151082210765114061282012585120001144410733 9894 9102
11 4900        7     8284 7839 7541 7404 7427 7597 7821 8559 9609102921062310808
11 4900        7    10783104941026710347112281254512347119101138510632 9658 8858
11 5900        1     8257 7941 7844 7813 8054 9004111201300313792141881430014168
11 5900        1    140411402513880139081468915554151541452913762127261137210107
11 6900        2     9222 8804 8598 8525 8717 9611117191343914114141301432214331
11 6900        2    139831401413750136001450415464152121467414002130641170410471
11 7900        3     9617 9210 9021 8967 924510240123621399514418145271449614338
11 7900        3    140661401213891139681490115802154711484314165131591177510493
11 8900        4     9669 9392 9179 9058 929110324124321410814620147521478614623
11 8900        4    143451427114064140271492516077159061543314796137971247211232
11 9900        5    10311 9987 9792 97831001411030130961474015132150791495314657
11 9900        5    142511402813831137621461915452150741446213790129481182810698
1110900        6     9850 8978 8743 8840 9051 9429 99211085912159131031356213620
1110900        6    1341913084128421283913480140001357112930123061159410807 9961
1111900        7     9282 8845 8611 8479 8486 8660 8970 972710745114581178711922
1111900        7    118281149311224113421243413674134901306012597119641105910205
1112900        1     9506 9176 9129 9152 945710217116851294514075146551490815001
1112900        1    146991444714232142991533416440161961571415052140671277511543
1113900        2    107271041810245102411050011474137361543615801158961582815727
1113900        2    154241528915017150361608117207168601625315542145441312811743
1114900        3    109171049810307103051054511557137371532315604155831544215205
1114900        3    148761470314465144001543116559162621572115094141601270211377
1115900        4    1052610078 9880 9800 999510977130931468815061149141476314477
1115900        4    140951394313684135541434115417151581457113931129771163010328
1116900        5     9477 9058 8837 8823 8988 9889119991360914094141741415113919
1116900        5    1369313610133611316213811147241429613657129801220911099 9977
1117900        6     8970 8616 8299 8091 8141 8490 91811022811469121721239612337
1117900        6    120911184911767119791301213706134231289412408117561099310118
1118900        7     9370 8924 8711 8562 8582 8826 92541001211148118971226012479
1118900        7    124061206711798119801313014253140641370413262124951150110607
1119900        1     9875 9639 9512 9548 979010791130291492615609157831575615588
1119900        1    153031514214857147851571616731164011583615243141991281811473
1120900        2    1055010169 9940 98581007211058132751506115444154271525014996
1120900        2    146931455414242141841521116276159421548214857139131250911178
1121900        3    10190 9761 9569 9494 973510723128921459115057151291501014799
1121900        3    144081419713891137131460715529153151485914329136401237911000
1122900        4     9970 9420 9124 9007 9060 9394 99831083711953126511277112555
1122900        4    118991099110209 997510522110831109411113110151072710118 9178
1123900        5     8684 8323 8123 8047 8160 8586 94801053811734125191291913053
1123900        5    1291912680124511253913316136981328712732121631151010597 9852
1124900        6     8916 8493 8177 8045 8098 8402 8928 983811004118291211712193
1124900        6    120101165111336114681256713544133851295112511119631121010367
1125900        7     9582 9073 8845 8730 8730 8854 9225 974610720114611172911800
1125900        7    1164811315109381093012104132251313112825123581168210698 9796
1126900        1     9148 8840 8761 8805 905710069124331420714779148911484214665
1126900        1    143511412213888138891501716105158321534514765137721243111118
1127900        2    10223 9821 9635 9590 978610766129751470015147151601507315024
1127900        2    146291464014475144581546416050156711502514302132931182310510
1128900        3     9537 9084 8841 8782 9001 9933120951383414192141861414214057
1128900        3    138791387713790138671500415567151061449313779128371141010134
1129900        4     9147 8711 8410 8327 8507 9339115011341014020143271453414530
1129900        4    143991444214366144181535916031156661523414584136911231911009
1130900        5    10115 9753 9547 9551 977210754130481475715157151731512714988
1130900        5    146491446514216141781521216084158071520414657139321281711645
12 1900        6    1073610205 9956 9851 992110279110191194012946134121332713008
12 1900        6    124961204111721117491302314140138701329512807122161138010472
12 2900        7     9691 9128 8860 8738 8781 8915 9392 995910865114311166711779
12 2900        7    116851145211217113081259613827137571339512963122591120510268
12 3900        1     9560 9332 9238 9240 953910628130151486515427155471556215445
12 3900        1    153021534415266154101663217189167391613315462143591290811455
12 4900        2    10451 9957 9629 9501 964010503126061450115078153061543215398
12 4900        2    152101509114834147511549716158158091524114653137991236911013
12 5900        3    10196 9964 9789 97641002110869131521512315552156781562115500
12 5900        3    152851518915084152011647917530171731666216041150821359712141
12 6900        4    111551074910537104841069711668139341564416000159311570215420
12 6900        4    151091505714857149591603216815165161602715390143981288211519
12 7900        5    1056610095 9931 98561012611123134021525215700156711538315042
12 7900        5    146781458214472146031563616102157421510014465136891256011272
12 8900        6    10324 9805 9402 9261 9326 9641103751145212722135861389613841
12 8900        6    134001304912759127541382614610143511374613316127891195511035
12 9900        7    10199 9647 9335 9228 9229 9430 98641049811400120191224812277
12 9900        7    121131169211398115351300714336142861404113619128721165510671
1210900        1     9791 9454 9251 9176 937010315126611454915156153251516314818
1210900        1    145871460114383144561577716923167231629515811149421348012010
1211900        2    110771068010514104961078911810141981594616326162641611715882
1211900        2    155761547315303154211674017664173491674516110151091358112049
1212900        3    110821059510365102651050511473138161567816090160151578215543
1212900        3    151611496514790148801607616973165931607315475145371303911498
1213900        4    1052610126 9905 9785 998210907131601493715231152121515214999
1213900        4    147251458114353143801543716385161541564715006142631291911472
1214900        5    1053310136 9969100031031611403138051565016101161021598215700
1214900        5    153621514614872148711602917050167961626615798150751398712701
1215900        6    116651110610765106831065810946117141259413858145031470914732
1215900        6    146371437414068142281515315606151791444313771130451212711020
1216900        7    10134 9537 9188 9023 9025 9181 96001028211367123471282313067
1216900        7    131101270912496125501380414773146521436014060133481220611009
1217900        1    10170 9843 9687 9678 995611004132901515015534156541550315199
1217900        1    148501462314404143941578016919166951620815692147901337011759
1218900        2    1059510092 9836 9726 990110821130491502615648158391593715748
1218900        2    155621538915221152481619116621161561553714847139511246910874
1219900        3     9792 9293 9030 8902 912110085123151418314639147011467114576
1219900        3    142261419314056140641521416451162571580015325145061299711771
1220900        4    1063210150 9977 99651023311307135801542415865158271558815247
1220900        4    149901478014586147351601417029168681643215931151421372212132
1221900        5    109481040910057 99541010910970131311502715571156641559715411
1221900        5    149761472614470144651540115925155711488614236133911223111121
1222900        6     9802 9081 8741 8445 8433 8681 92041008111316122411260112640
1222900        6    1236912041118471195112992137281348812953124931188611044 9664
1223900        7     8981 8305 7921 7702 7657 7795 8189 8844 9999109611149711770
1223900        7    1179611596113951146712516131261297512612123011178510840 9775
1224900        1     8716 8139 7862 7734 7783 8200 90421027811627127011320413215
1224900        1    130041269012385123061331214264136931300912654124461204811430
1225900        2    10589 9957 9523 9339 9380 9673102611102111787121991223412180
1225900        2    118811130410851108161167812633128451295712969126771195710989
1226900        3    10274 9938 9786 9766 996110724121801375614852154871568915629
1226900        3    154661520914974149591600916992167021620615631147791349012190
1227900        4    112761088110691107051088711727132131483215859164521667116607
1227900        4    162881597315649156431672617507172411666316046151141372412368
1228900        5    114121092510732105701078711505128651443915356160241634016341
1228900        5    161231583215522153281613716845163841566715014140951290511661
1229900        6    1079510133 9841 9648 9661 9960104731125912336133491385013932
1229900        6    137011331512996129401384714619143241377913248125551165210559
1230900        7     9731 9190 8783 8622 8592 8696 9053 954510415112971183612186
1230900        7    1221111860116041162012587134101317512754123201159610668 9689
1231900        1     8792 8366 8141 8128 8349 8988102441164412874136361396113954
1231900        1    136931340613137131181359515520151911445113752131501254412025
