 1 1910        2    114041090610467102071021610401107681105211556121741265712951
 1 1910        2    128181244012076121581329414637145291425813803130871202411041
 1 2910        3    10253 9920 9766 9728 993110854131121494315475155121544915243
 1 2910        3    148881456914333142111526916498161731566914907141151280311345
 1 3910        4    1038310098 9965 99521050611193133471522015573156791568815438
 1 3910        4    151351492714709146981578016903167241625915671146151322911911
 1 4910        5    110591074210545105401080411756139801577316107160461599215787
 1 4910        5    154181523514917147431556716533163101582515248144651340712282
 1 5910        6    113951092910672105961068711057117311257013620144071457214359
 1 5910        6    139401355713339133371428615161148291424213707129661207511140
 1 6910        7    10298 9760 9422 9232 9220 9374 97441028411259120821255412890
 1 6910        7    129611268012373124181344414438142211382113325126211160910703
 1 7910        1    10012 9741 9618 9604 992810983133251532515941161731627916226
 1 7910        1    160191596515780158171673617722174331695416353154461410512859
 1 8910        2    120371174311635116431195212983154181725117576176121749717286
 1 8910        2    169891668516504165001743318476181491762716897158071443213002
 1 9910        3    121691175411535114581168912627148821678617279174141750217655
 1 9910        3    174461728416978168501754618106175771698416159149751345812061
 110910        4    112391079910634105331072411725138081555615953160951612615897
 110910        4    156571553015206152431597617371173381694016436155581423212970
 111910        5    121691186011737117121198413019153581720317710178471777017672
 111910        5    173851727017065169231756618169177041706916371154301419012984
 112910        6    120311156511218110241101511272118081256113613146291529015545
 112910        6    153931493214643145121518816145157601507114373135551266311691
 113910        7    109151044110168 9991 998910178106111121412246129911330013414
 113910        7    132981287612602126601368515232152451491814503138301283711945
 114910        1    113371113411079111391142812535149241669917132172541711816904
 114910        1    166401646616180160121659117642173161675616063149921358912306
 115910        2    113461093710721106851094611919141221579016189160671589015598
 115910        2    152861511914878148071550116696164191590715231142951299211725
 116910        3    108711043210259101991040111406136301546115923160771619016175
 116910        3    159981590015676156421624316817163041553214901137801254811173
 117910        4    10331 9871 9663 9573 977710722129071472615136152071525415147
 117910        4    148831483514609145231512316294160931555414938140691276511485
 118910        5    106151029110162100611027311221134801516615679157981581315604
 118910        5    151901498914716146651515316231159811541714793140341299011942
 119910        6    110731068510464103741044310771114861239713513141231425614176
 119910        6    137441338213152130991366014851146071403813498128851199511255
 120910        7    10335 9820 9495 9349 9336 9508 98811044211435121471242312487
 120910        7    123151193811632116701242013574135441314712776121511127710505
 121910        1     9859 9630 9572 9545 987210733124021413315224160931646816530
 121910        1    162811603715756155981635617673175001703916388154601416812967
 122910        2    122491196011883119301225313308157421762017967179421786417570
 122910        2    172131700816688165821725018659186001814717571166731530813969
 123910        3    131991289812796128051307214074163351809018468183771823817869
 123910        3    173261705616652164811707118106178011714216446153711387312507
 124910        4    115841117210939108791109512070143801599416256162111617516057
 124910        4    157431565515462153851596417079170881665116059151991386812677
 125910        5    118761157611514115531188612949153491706817426173961730517040
 125910        5    167201649216147159391638417638176431711616587158811478613686
 126910        6    128511245812230121701225912624133751427015384160301609515824
 126910        6    153261477914282141401472115940158831529714740140141311612209
 127910        7    114151092510662105011057510794112341179212693132331343413480
 127910        7    132551282112453124001305514482145271419113829131221236711258
 128910        1    1052910208 9995 99231010311055132151508915541156851556315285
 128910        1    149181470514309141441463916030161601571715142141921288111655
 129910        2    108251052510373103831063411647139791565515921157661553015246
 129910        2    148211461714326141981477216124161501563415066141011278011463
 130910        3    1056110174 9945 9875 998910911130721490715364154571544315343
 130910        3    150951488314706146891527316177159311533114629136571235311088
 131910        4    10191 9801 9624 9566 981410753129541494615453154821552215560
 131910        4    154231533715129150901577816933169861667516121151921380412596
 2 1910        5    117561138711227112121143312360146431632616694167741674616289
 2 1910        5    162421593215441152231557616770169061641315890151871409212850
 2 2910        6    120161156111325112191127811587121741299213946144791448114121
 2 2910        6    135011287412363121451255913974142151371413234125531170510846
 2 3910        7    10143 9646 9392 9249 9230 9426 97941035611243118151202512044
 2 3910        7    1180611302108531075011282126971321712948124811176710781 9932
 2 4910        1     9240 8985 8931 8913 920810221125621433414736147261457914363
 2 4910        1    140271385313548133381370014953151081459813991130411173610549
 2 5910        2     9689 9346 9190 9177 938110348126321442214867147161456714323
 2 5910        2    139981380213582133911380914993149781443713772128011148710212
 2 6910        3     9439 8989 8817 8755 8973 9933122071402014478145521462414518
 2 6910        3    143811434114242142751487715748156431509314462134801208710813
 2 7910        4     9922 9573 9308 9282 948310425126721459615233154051556415540
 2 7910        4    154061527715110149801536516091158571528414670136621218311152
 2 8910        5    10170 9750 9558 9486 971610473127911455114955150571508114923
 2 8910        5    145491441114109136971381414792151211458414054133191231411173
 2 9910        6    10342 9955 9682 9590 9658 9976105641148612495130981314612917
 2 9910        6    124091186011433112341159012928134591300212545119491121110421
 210910        7     9726 9322 9081 8999 9026 9208 95901014311100117401197812099
 210910        7    119111148611128110741155113056135641332812935123381144310613
 211910        1     9993 9790 9685 97371004211094133721516515823158771582115700
 211910        1    154591534715129150391548216636168531641915909150031375012527
 212910        2    118261161311494115381186612907150931676117187173361727816969
 212910        2    165841630015882156341596817153175121710416550155871420812879
 213910        3    119141149111311112741147212391145551622616662165791638016061
 213910        3    156691536415196149981537716338165651606115480145501319311866
 214910        4    109511054810366102931044811331133231502615768159721613716072
 214910        4    159571580815498152381554216049160281548814801137721250011234
 215910        5    1043110099 9845 97851000710914129781464715335154911562515488
 215910        5    151841500814639144151464515490158031532614776140751313012114
 216910        6    113301104410850108781102811442121221316314280151011535515212
 216910        6    147761427713812136411397415198158731540614901142311344412556
 217910        7    118201131211039108621082010965112701186012829133091352313438
 217910        7    131151261112285121771258713640143131390213468128001206511439
 218910        1    106401032710204102081046811083122661348514314148481500214941
 218910        1    146261438314129140971463015560156341511014494135941237711275
 219910        2    1043010014 9932 98791007410920127811455915412157721592915896
 219910        2    156681554415206150571532816117160581540014637136941236311031
 220910        3    10040 9599 9300 9207 933410141120181373214520148751501114909
 220910        3    146561447214154138761402214860154621501814478136011243011194
 221910        4    10355 9968 9788 97551000510916127841437614914150301502414856
 221910        4    145151425513952136301384514767153581497614433135961231111072
 222910        5    10188 9770 9543 9465 971310552123031394014500145471452514322
 222910        5    139811380313585134041351414232148511447813931132491225211266
 223910        6    1046710099 9928 99501015710682113991243413577143661459614483
 223910        6    140201348812999127841309114201150011463514204136891294212095
 224910        7    114361096810848107871082311007113121185412616132101352513693
 224910        7    135881308212630125021284513827143141401413531127651174010896
 225910        1    10221 9990 9897 99001016411144132711511515690157451564915429
 225910        1    151251499714743146911509715890161211558914942140151263911392
 226910        2    105831022510040100301027811228134331513915713157771574815633
 226910        2    153251516514967148721523816084164401596415326143071295711718
 227910        3    108221050910314102621051911483135161522315790158871582615717
 227910        3    154071528515011148341509215893165841611915608146861335312128
 228910        4    113171100810796107271094011903139441553315819155921540515199
 228910        4    148261466014408143201462915454159131549914953140151260611374
 3 1910        5    1046710094 9909 98351001910932129601454214933148101459714378
 3 1910        5    139231373713406131201315613712143721393213300125961152610408
 3 2910        6     9631 9133 8848 8696 8683 8985 95631055511872128421324313255
 3 2910        6    1287312393119541166711733122751291912424119041116810368 9556
 3 3910        7     8757 8312 8022 7834 7839 8004 8260 8904 9978107841117811423
 3 3910        7    1135111025107121077611347123141280012559121571143910504 9708
 3 4910        1     9073 8819 8691 8657 8870 9828120241407714890152741537115368
 3 4910        1    151721502514741145971487915394155481502214338132731187510714
 3 5910        2     9826 9510 9300 9236 945410388124971428214885150491508814967
 3 5910        2    145981435214061136191380814440153101501914469135811220911053
 3 6910        3    10189 9881 9711 9703 996510958129591461214837147701450514350
 3 6910        3    139381378213481133391358514315150341468614009130361169910482
 3 7910        4     9755 9312 9089 9008 913910000120661383414281143521438514313
 3 7910        4    140491399413748135991384814541153061506714578137271245211271
 3 8910        5    104591015210003100051029411350133851516815659156991561215385
 3 8910        5    150071479614426140461407314553154921521614709140241303211973
 3 9910        6    107321069910488103611049010825113121225513235138841399413755
 3 9910        6    131741259112118119011204812859139671373213283126801191411162
 310910        7    1047910090 9874 9793 983510038102481090011815123861261212681
 310910        7    125071210211775117681223413136141641411813727130541210411260
 311910        1    106471044610273103131052511600136501553816139162211621015932
 311910        1    155571530214972147341491415443162021591815333143611290011761
 312910        2    108821053410352103451063811593135901515815541154841538215112
 312910        2    147451456214214139591409514720156801544914825140311250011352
 313910        3    105681023010127100681036711371133231491915255151701500314746
 313910        3    143691416013821136251382014448152441498214429134951215310960
 314910        4    10136 9836 9637 9534 972610715127281462215265154111549115460
 314910        4    152531528415162150421536915894162181583715134140791269111434
 315910        5    1053310136 9947 98761009011023129151475215420156641571915529
 315910        5    152031498514678143711435014632152901491814359134711244211408
 316910        6    10501 9997 9825 9702 979210119106151157912463129811303312792
 316910        6    123211190011622114671158412177131921304912637120761137810618
 317910        7     9943 9563 9355 9253 9328 9496 97301035011100115251165211602
 317910        7    1135210864104541029910526111791248912587122761160010635 9803
 318910        1     9281 9019 8963 8990 920310170122111429814829150001502614919
 318910        1    148061478214554145511491315338155271503114306131301177810472
 319910        2     9628 9226 8978 8932 915010057120771392114483146091470114682
 319910        2    145481438414130139541413314399149511482814198132071184110556
 320910        3     9796 9419 9241 9205 940510370122771397614461144561438914177
 320910        3    139051379413548132781341213844147781475114182133071202210817
 321910        4    10057 9758 9586 9606 985110809127921452014958149161474514506
 321910        4    141041394613799138331421314737151991491114307133041196110760
 322910        5     9926 9548 9360 9330 952110424124001416814824149601495114900
 322910        5    146851459114375142451434314719150491462913902131311201210919
 323910        6    10040 9563 9300 9166 9242 9542101161131112629135181394214005
 323910        6    137581350813299132191353314020142731381713197124291153110689
 324910        7     9854 9414 9103 8928 8925 9064 92931011211125118131215812402
 324910        7    123901216611974119231229412875134671330112861120661107510192
 325910        1     9517 9217 9098 9105 934010286124251441115094152701534615253
 325910        1    149581480914564144391468815096155651524114616134931215710912
 326910        2    10069 9631 9403 9345 959610465124201408614411143651429714150
 326910        2    139431379713515132821339013790146401456913975130541168410438
 327910        3     9631 9279 9091 9058 928410168121901408114657146881480214783
 327910        3    146641463014398143521466514941152141482914140131141170010344
 328910        4     9504 9089 8833 8728 8926 9708116941348113904140401402713871
 328910        4    1360413480132011290212764128401361813690131241225810980 9753
 329910        5     8881 8473 8287 8188 8381 8979104551208913011134211351613380
 329910        5    1309512839125711234212479128361333813035124821175710848 9810
 330910        6     8991 8587 8374 8275 8355 8689 92341047211923129361336413291
 330910        6    129321238511942116161162111985130431304012841122891150710588
 331910        7     9794 9296 9045 8951 9074 9171 95061020310933113081128811181
 331910        7    1087910309 9733 9457 9522 98841114511894118701135210501 9677
 4 1910        1     9161 8918 8806 8831 9022 9944120501392614606148291491814791
 4 1910        1    145381441714120139471408714489151481501014478133541199510702
 4 2910        2     9536 9195 9000 9206 983110662123001417214700147871473114557
 4 2910        2    142741413613853136741377514074147661486814226134281197910724
 4 3910        3     9938 9576 9371 9375 960210454123831408014472144081434014123
 4 3910        3    137981361113323130521305113262140821440413917129931168810487
 4 4910        4     9717 9380 9242 9195 944710234122141383214166141061403213808
 4 4910        4    1352413368130961280312694128131362313955134311248311155 9918
 4 5910        5     9084 8723 8541 8466 8683 9417113921316713661137471375513579
 4 5910        5    1320513267129821277712812129061330413231126361177310705 9599
 4 6910        6     8718 8215 7970 7834 7866 7914 8567 972510951116351165911464
 4 6910        6    11093106691050410381105071085611670118851134810610 9709 8871
 4 7910        7     8210 7695 7568 7440 7255 7369 7554 7915 8778 95461028910622
 4 7910        7    1075910591101901006410200104121063311130117111146510518 9231
 4 8910        1     8333 7956 7745 7633 7786 8515103581239513255137061398214075
 4 8910        1    140391410713979138521374513601133391362913733127831137310006
 4 9910        2     9022 8539 8258 8132 8225 8965108061275413571139631422714262
 4 9910        2    1421214359142751411814059138181338013598136991275211373 9914
 410910        3     8956 8525 8275 8141 8268 9064110551301313774140201413714063
 410910        3    1388013871135921337413282131671297713290133911259911304 9928
 411910        4     9053 8713 8525 8442 8643 9484114631336413936140661409713988
 411910        4    137361360013333130671298512936128581335113699130181179110435
 412910        5     9580 9230 8995 8976 916210041119521378414379144881444014240
 412910        5    139171370113299128741267412454122791271113071124481156910493
 413910        6     9492 9201 8964 8793 8853 9125 95951052111621121941231012160
 413910        6    1177611408110971099111199115101162611863119171134910592 9647
 414910        7     9031 8658 8411 8302 8358 8510 8717 937910227107171087810889
 414910        7    1068510280 9887 9694 9775 99821017010912115081099910136 9215
 415910        1     8612 8314 8176 8087 8343 9004104731223613290138461415814181
 415910        1    139741388713721136121378113910137141361913458125791129210054
 416910        2     9249 8892 8648 8534 8680 9460110501281113593138791394013880
 416910        2    1360813524133101306812989128031259112875130591227411030 9743
 417910        3     8884 8473 8264 8204 8320 9145108081273213656140311415514087
 417910        3    138401372013448132711335213391133371348513437125971138410094
 418910        4     9270 8872 8660 8604 8740 9561112841318714174146181473514653
 418910        4    143701415713848135261343113389131961336513668129461175610497
 419910        5     9653 9317 9153 9105 931610089115861321513873140131397313753
 419910        5    134061318412860125181227612085119161232412721121191112810030
 420910        6     9255 8773 8506 8343 8365 8643 90621009011222118781207711882
 420910        6    1145810991106351044710572109061117311471116341107610303 9472
 421910        7     8771 8371 8108 8012 8044 8237 8526 923510418115121218412641
 421910        7    1272512451120471181611985121561210012274122981156510546 9577
 422910        1     8887 8594 8406 8356 8573 9462114871356414473147271486314816
 422910        1    146131439214229140821406113822134081340313556127431153310270
 423910        2     9386 9000 8786 8666 8844 9661115411327513803139031391013794
 423910        2    1357013476132121289412810125981232312554129561239611043 9693
 424910        3     8843 8485 8280 8239 8447 9297111871297913558136941369713697
 424910        3    1347513379131831297112975127831252712683130221225210996 9668
 425910        4     8822 8427 8224 8156 8304 9114109241278813452136891362513695
 425910        4    1342713389131891300112836125941229812318129891235610981 9652
 426910        5     8784 8394 8204 8078 8308 9105109231273213434136811370613630
 426910        5    1339313425131601279512595122491182511905123351176910696 9517
 427910        6     8623 8121 7818 7676 7610 7899 8287 936510524112931151511420
 427910        6    11141108361057810437105281059010535106921120710696 9878 8987
 428910        7     8187 7734 7425 7284 7242 7301 7440 8248 9264 99711027310369
 428910        7    10280 9988 9706 9608 9780 998910109105701127510767 9751 8840
 429910        1     8162 7854 7735 7730 7918 8770106911275713538137571382613863
 429910        1    1353513454132751291912864127121235812592130871224410919 9619
 430910        2     8712 8309 8079 7988 8125 8937109011296613803140461425614307
 430910        2    1423214193139511378913882139231364713499134111247811139 9788
 5 1910        3     8943 8509 8308 8251 8379 9155110841309513712139171391213833
 5 1910        3    1359013523133761315213080128211240912433130061231210986 9644
 5 2910        4     8715 8313 8117 8019 8131 8848107581274813459136371375413757
 5 2910        4    1368413510133541305412948127461242512391129451231410988 9665
 5 3910        5     8762 8357 8204 8077 8228 8952108201283113521136421372113642
 5 3910        5    1341713285130241266512499122611199511972124481193210910 9762
 5 4910        6     8868 8376 8135 7966 7976 8142 8603 967310785113971150311356
 5 4910        6    10979105651029210117101661027910305103821102210625 9818 8893
 5 5910        7     8223 7720 7509 7364 7379 7401 7619 8364 9314 99591023210330
 5 5910        7    10237 9937 9659 9543 9692 9849 9896101901110710739 9650 8640
 5 6910        1     8064 7745 7630 7630 7779 8524105911259913459138781414414221
 5 6910        1    1410014074139701392214190142471391613760134691234010987 9690
 5 7910        2     8821 8367 8141 8046 8166 8856107891275013300135861379813793
 5 7910        2    1361113506132821305612984127991237712285128801229710917 9568
 5 8910        3     8749 8338 8189 8102 8258 8990109821287013489136131372613663
 5 8910        3    1346313444132521302512956127441236112249128651228410960 9591
 5 9910        4     8762 8327 8129 8065 8191 8898107931277113385136341370613628
 5 9910        4    1346013404131911290112842126281237212327128661224410917 9598
 510910        5     8728 8263 8061 7980 8101 8844107021275913557137761386113762
 510910        5    1354713384131161281112582122081183311603121531179910714 9563
 511910        6     8628 8098 7829 7697 7700 7811 8360 950710627113311141211298
 511910        6    11010107041045510351104301049310426103961103510759 9973 8994
 512910        7     8139 7628 7339 7148 7095 7066 7275 8121 9178 99091026110448
 512910        7    1045810259100931005610158102471021310447114281134310295 9144
 513910        1     8352 7912 7733 7620 7732 8378103161247413528140401438914456
 513910        1    144251450914431143201425613930134211311113680131701155310159
 514910        2     9112 8607 8347 8199 8252 8906108021287113821143541469614713
 514910        2    1452914365140441377913743135001303412739131221250911091 9693
 515910        3     8770 8288 8113 7964 8081 8726106351263513373138581409414159
 515910        3    1408114258141321396813856135831302612724132201273211282 9807
 516910        4     8892 8377 8132 7980 8069 8715106601272913665142331468914833
 516910        4    149141506515010149121482814458137661344813844133621189610375
 517910        5     9351 8787 8510 8325 8394 9041108451296514052146151500615107
 517910        5    151271528415186150271481314356138281367613626128921159110282
 518910        6     9244 8593 8222 7940 7863 7946 8415 938310558113441158911483
 518910        6    11146107801046010289103491041410391102871080610625 9872 8969
 519910        7     8199 7712 7486 7355 7326 7261 7546 8293 9228 99041020310310
 519910        7    10272 9968 9676 9603 9745 9960 9986101471090610768 9725 8735
 520910        1     8037 7691 7600 7545 7734 8397103491232313209136111386813922
 520910        1    1385613913137691361213462131961270112410128831240610952 9587
 521910        2     8665 8213 8009 7893 7970 8597105151249213334137311404914144
 521910        2    141691430914264142241417313827133051297413467130441155410156
 522910        3     9442 8854 8395 8272 8358 8970108861299713927145091492115191
 522910        3    152421531615245149851487714428138421343313836134121191510336
 523910        4     9396 8829 8537 8380 8442 9036109181294213824143021458514688
 523910        4    1453414545144321420614004135921304412742131061275711377 9957
 524910        5     8982 8514 8253 8124 8220 8826106811270313731142691469614977
 524910        5    151301539515448152311501914462138911351513817134131216310810
 525910        6     9728 9098 8778 8548 8502 8487 90201023711723128211332213495
 525910        6    134131323613111130691309113043128861268312980127811175710602
 526910        7     9604 8940 8517 8223 8038 7827 8099 8886 9907106171090911002
 526910        7    10980107681058510468105611058810497105181090010722 9863 8969
 527910        1     8216 7763 7550 7394 7379 7409 7742 8628 9727106371120711535
 527910        1    1172911603114911149611659118011179911970123381187310629 9512
 528910        2     8807 8440 8240 8169 8278 8961110561345714848157181636916713
 528910        2    168601702416986168771676016258156321505315212149011322111434
 529910        3    10255 9677 9314 9148 9180 9625116101386915050157781630416545
 529910        3    166161676016747165381634815894151161454014712142991277911115
 530910        4    10011 9458 9144 8991 9074 9615115441366214852155651596716153
 530910        4    162091620716336160681580015404148651438114178136231219710775
 531910        5     9818 9285 9029 8885 8994 9614114941366814713153341576415908
 531910        5    158751592215771153871513114637140641361813686132761205910703
 6 1910        6     9643 9045 8683 8448 8354 8352 89641015311515124581284912916
 6 1910        6    1271512424121961203912080120841181611523117511169710768 9688
 6 2910        7     8783 8162 7839 7639 7534 7385 7744 8596 9752106131106511289
 6 2910        7    1135511160109681092111055111441104611045115531161610601 9449
 6 3910        1     8745 8326 8172 8040 8171 8726107391291714071147831532315443
 6 3910        1    154361554115462152381507614691140951383513897132041179010320
 6 4910        2     9348 8854 8609 8472 8563 9179109451291913702140871431414418
 6 4910        2    1416514187139451376313813136961318712822128731234610989 9686
 6 5910        3     8776 8367 8116 8054 8172 8813107311268513500138531403814051
 6 5910        3    1386313862136541338913387131891272512423127211247411200 9882
 6 6910        4     8972 8511 8326 8213 8324 8912107691273413537138761414614200
 6 6910        4    1413114217140741387913785134791292412603128681270911342 9924
 6 7910        5     8955 8477 8236 8120 8166 8696105911262513606141631459114713
 6 7910        5    146621478014723145361437113966133551286512939128881175510478
 6 8910        6     9404 8742 8333 8128 8046 8018 8548 981811197121231260012708
 6 8910        6    125691241812300122661231412337121451187911968119661108210006
 6 9910        7     9081 8443 8088 7839 7704 7464 7813 8598 9674105081094611227
 6 9910        7    1129311072108721087011023111641107811078115221156510509 9417
 610910        1     8663 8291 8105 8046 8173 8736106641294714166148991550515822
 610910        1    159781629716376163131632315904152091471214869147351310011531
 611910        2    10390 9826 9466 9262 9277 9778116461393215235160321664316927
 611910        2    170071718717179170581701016493157831520214962144881295011439
 612910        3    10379 9852 9555 9383 9432 9891118171398715178158631639816564
 612910        3    165951671416630163601568314881142091359813408130911178010338
 613910        4     9443 8827 8508 8303 8405 8903106861266013524139781425314294
 613910        4    1419914277141331396413868135771305612638128221275411513 9985
 614910        5     9110 8614 8341 8214 8316 8827106591264213645141331444214509
 614910        5    144481447614358141741403413610130601263812674126691156410273
 615910        6     9271 8697 8337 8136 8091 8124 8750 980511227121981272812933
 615910        6    127841271412650126921289612993128311257412818126871173910700
 616910        7     9859 9282 8870 8628 8463 8234 8450 917010253112591188112242
 616910        7    1235412165119591186911818118041176111748120461190010910 9863
 617910        1     9117 8730 8514 8420 8585 9238109621307814266148721534315538
 617910        1    154781544615290150291483114422137921335613361129651156310191
 618910        2     9254 8724 8483 8356 8432 8965106951275713732143091465214818
 618910        2    147571481714763145991446914081133951301013199130471165210297
 619910        3     9336 8840 8595 8390 8480 9044106421272413732143211455914748
 619910        3    146441453014419141141408613838132611286212971128721162610317
 620910        4     9405 8885 8628 8495 8592 9163108761304714368153851613016600
 620910        4    168001710117137171921716216707162001557515524153801395412171
 621910        5    1090510093 9609 9332 9337 9659112511338814960158821642816690
 621910        5    167101684616805166491646815985152931464814460143551319411673
 622910        6    10416 9692 9272 8960 8792 8766 92651034411551123941273612703
 622910        6    1244112127118301163611646116421154411395115641135010561 9556
 623910        7     8811 8261 7972 7744 7676 7542 7763 8496 9429102701074310976
 623910        7    1099910766105511047610589106851064410581109491123910333 9301
 624910        1     8511 8129 7976 7893 8016 8509101351221713572143501484915056
 624910        1    149931503414909147151459414228135611309913186130231175310329
 625910        2     9376 8799 8522 8355 8414 8874105491256713879146881524915488
 625910        2    155331566115639155461547815094144151377313821137641246710955
 626910        3     9855 9233 8967 8793 8866 9345109891306114400152151594916331
 626910        3    164331661716519164571636815961152091457814530143591301811471
 627910        4    10312 9654 9336 9089 9169 9620112341337314802158011656317024
 627910        4    172901765317744176841764217184166011613816140160091434813131
 628910        5    116081086110449101801016510541121131432516012171471772518031
 628910        5    181771837018427182511808517689171011656816491163001502913520
 629910        6    123281151211022106441049310192106791220213701149791563015867
 629910        6    156941542015212150861505814865143721385013835136711264111398
 630910        7    10373 9667 9163 8864 8707 8522 8621 921610049108121128411554
 630910        7    1156911276109971080610879109311081310643109301117610330 9303
 7 1910        1     8508 8042 7901 7753 7905 8274 97191158512884136281404814199
 7 1910        1    1411514101140721391013914136551310812577126361251111301 9900
 7 2910        2     8937 8412 8147 8024 8064 8416 98731169212962136691406314284
 7 2910        2    142531428514233140381394613706132231286413061128101161310338
 7 3910        3     9363 8776 8554 8382 8465 8908103381214013340140721444814476
 7 3910        3    1445114416142281396413746133411282112393123891212211081 9860
 7 4910        4     8952 8307 7950 7736 7630 7484 7827 8621 9672105241093411085
 7 4910        4    10929105871027310172102751033810173 99641013910207 9787 9106
 7 5910        5     8380 7879 7641 7506 7543 7773 8599 999511192120601256912698
 7 5910        5    1258312426122041200412045120661180311586116121121110317 9351
 7 6910        6     8526 7983 7718 7553 7515 7591 7968 888610099111651173911876
 7 6910        6    1170311389111131097911081112071112710950111781112910422 9199
 7 7910        7     8782 8239 7951 7764 7666 7629 7784 8401 9350103321104911454
 7 7910        7    1162911501112101113811365114891139511353116601176210933 9926
 7 8910        1     9067 8623 8427 8328 8456 9010104971262514218151861588416414
 7 8910        1    167331701217063169521708416813161271544615255149961352711846
 7 9910        2    10608 9926 9490 9218 9191 9508109941304914288150241539915526
 7 9910        2    154801548915370152871522514886142271364513575133911211610584
 710910        3     9490 8901 8581 8376 8424 8799102971228113527142881480914986
 710910        3    150351517615153151211510314742141351364913740135711237210940
 711910        4     9873 9254 8911 8723 8739 8985105541252913880147211514415381
 711910        4    154011547815439152521521814831141761364813565133161206210625
 712910        5     9585 8965 8652 8476 8492 8860103201225913653145001500615199
 712910        5    152201530315338151951500814506138541326313283131501205410773
 713910        6     9733 9070 8655 8396 8398 8467 8935 990011183122041276312885
 713910        6    1266812317120031182511849120181198311871118531152010727 9809
 714910        7     9008 8464 8179 8007 7858 7823 8003 8737 9772107271129811657
 714910        7    1176411477112811122311372115131146111296117151192511036 9981
 715910        1     9100 8618 8356 8255 8342 8808103381245313916147751543815763
 715910        1    157741591415928158321579415496149351432314334141591272711233
 716910        2    10073 9405 9079 8858 8883 9335108711300914520155041614516492
 716910        2    167231678516862168431685516552159221527215204149961356511956
 717910        3    1073610063 9723 9502 9504 9964114731370615273163051692717383
 717910        3    175641779717861178681787517539169061634016382161231464813030
 718910        4    118351116410720105171044910926124251469116269174441818018629
 718910        4    188711912919266190681904018652180711759417613172861585014042
 719910        5    127761202411521112021116011619130491527616968181951906019473
 719910        5    196671974219663194391916618697179741737517254169321563714061
 720910        6    127951198111445110531082410824113161266114293157311652316861
 720910        6    169311684816712166951676316696164491612216299161901517813950
 721910        7    127741195911425110761080710556107441167113040144361543416106
 721910        7    163341622216015159111592415600151331500515314153241423412971
 722910        1    119451139110984107351074411167125641482016452174181798218177
 722910        1    182051828918216180531791017404166771602316119155631408312628
 723910        2    114191077110477103141038511028124461451116060170871799218664
 723910        2    190051952019544193451894618090174881693216795162721478713190
 724910        3    120151133910937106591056210956122301418115457162101671416893
 724910        3    169751714017150170671703916681160151531215243149281345011846
 725910        4    1065710002 9591 9378 9396 9870113131322414432151851564715887
 725910        4    158921597515871155941549815236147981446314602141681290911544
 726910        5    10455 9935 9649 9531 959910162115871361014984159001644016617
 726910        5    165891658816513162511591415504150251455414222135591240411160
 727910        6    10117 9497 9142 8874 8801 8944 93511031611570125681306713158
 727910        6    129231266212427123581239012381121961193812167120331118210122
 728910        7     9226 8593 8214 7994 7864 7724 7895 8657 9745105991116011480
 728910        7    1158711438113091130411490116861156011428119461193610978 9886
 729910        1     9019 8596 8403 8327 8414 9010104091237013690144381484114996
 729910        1    149401496014841146231453614212136941325613516131201180710485
 730910        2     9532 9020 8743 8615 8711 9257107041266513854146341507615327
 730910        2    153431543315307151021496814595139391360813756133121196710597
 731910        3     9613 9140 8888 8653 8755 9374107691270513890147181529115606
 731910        3    156761580015840157351568215412147891430314584141781279211315
 8 1910        4    10221 9605 9272 9039 9097 9602110021308314537155541626816627
 8 1910        4    167661702117139171071709916734161601554515808153791398712429
 8 2910        5    11294106061024610003 994810371118021390315426163321691917221
 8 2910        5    172491746417412171631702716530157781518815300147881344312037
 8 3910        6    1083710056 9589 9294 9182 9256 96251058511782127411318013269
 8 3910        6    130001260212303121261211312150119901187312193118341102510104
 8 4910        7     9278 8764 8461 8220 8160 8215 8291 8908 9880108211143111841
 8 4910        7    119871183011679116751191912079120171207912419120221109610016
 8 5910        1     9206 8708 8600 8477 8600 9212106111269814037149211535815462
 8 5910        1    154551542915340151371506514765141241352913826133161201010600
 8 6910        2     9550 8982 8700 8549 8617 9170105481253313860145291487014972
 8 6910        2    149201499014927147671471914420137991334113751132261195210609
 8 7910        3     9538 9002 8694 8535 8649 9224105531256713829146271512915327
 8 7910        3    153471548215446153761537415023144041384514191136331234810896
 8 8910        4     9845 9244 8987 8785 8885 9462108101282714263151541558416055
 8 8910        4    161721632416321162361618615746151691470215084143911307411611
 8 9910        5    10563 9914 9600 9382 9442 9980113231325414615154651591316025
 8 9910        5    159151583015589151121480314395139561367413554128661178910469
 810910        6     9777 9195 8912 8724 8713 8930 93401035011682128271342013622
 810910        6    134281318412966128411287412847126031228212639122211122610413
 811910        7     9278 8658 8329 8114 8243 8180 7945 8539 9734108941143211785
 811910        7    118611170711525115391170211862117061162012278120451115110076
 812910        1     9220 8770 8570 8480 8590 9185105661247513995149521548415698
 812910        1    156851572515657155161546715193146101409214543138211243911078
 813910        2    10078 9483 9165 9029 9100 9676111061313014548155461622016585
 813910        2    167371698717040169521696516594159771548015937151781362012109
 814910        3    1093210291 9938 9662 974410271116501376715202162481692617388
 814910        3    176321789717973178641784117452168181634616687158431432812721
 815910        4    115471093010546102861034310998124231437215642165191704017232
 815910        4    171821713516971167441663216212156631529715368144711313611664
 816910        5    1070410065 9706 9487 958710152114881358515115161461675717084
 816910        5    172241739617396172801716116674160521552515819150341370112409
 817910        6    1100010270 9849 9508 9417 9493 99101113612621139581485115251
 817910        6    152661520915174150491507514945145261418114588140651291111328
 818910        7    1071410064 9635 9344 9224 9229 9309 998311237123431318213769
 818910        7    140971407714006139761411914093138851397814456140061305711934
 819910        1    110341046610214100601016510832123641436915657163001626915493
 819910        1    14395129771112310206 9695 9312 9182 9091 9467 9204 8599 7991
 820910        2     7513 7283 7212 7219 7276 7903 91651091912146129151340413596
 820910        2    1361813718136391345813450133101304712966128551206810973 9810
 821910        3     9046 8554 8293 8182 8245 8854102481200413143138471424614395
 821910        3    143301433314207139931396613783134801332713534127811157610339
 822910        4     9402 8909 8686 8540 8695 9292107221278613900148541540015641
 822910        4    157111583115795156881553215184146071424814619137871251811058
 823910        5    10054 9419 9134 8954 9019 9658109651282214254151401561715940
 823910        5    160651632316355161651597615518149191457314828139411279011295
 824910        6    10348 9654 9215 8949 8829 8921 93161032211484124571286212922
 824910        6    1271012489122881217812179121761195211906122791169410760 9404
 825910        7     8951 8355 7972 7768 7665 7731 7830 8551 9598104791098911298
 825910        7    1134411129109051084911013111301107511209117301119910241 9180
 826910        1     8519 8170 8006 7996 8133 8811101791211913432142761483915153
 826910        1    152121534415365151681510514788141891410914377134541205810740
 827910        2     9798 9227 9003 8898 8961 9685111201315914619155231637416759
 827910        2    169771732117410173491731817031163841618916422153861377912170
 828910        3    111031043710115 9893 988310556120441402215528166221745718009
 828910        3    183281861318763186531862118150175621736217448163981486513248
 829910        4    120621133610910106331063311198127241471116191173271797818274
 829910        4    184101853918585183521816117665170171675216817157221419112483
 830910        5    112981069610258100541004110639120011394615475166861754318030
 830910        5    182491848318616184251825917658169281676816747157681445112959
 831910        6    117501096510526102391010710288105231155912830137881414214242
 831910        6    1413513928137561353913460132201282012678127401197810890 9449
 9 1910        7     8886 8304 7945 7704 7598 7629 7662 8275 9262100161040210575
 9 1910        7    105011023610008 9898 99881011510075103741076210279 9501 8653
 9 2910        1     8014 7543 7393 7283 7266 7318 7527 8197 9246102251075110813
 9 2910        1    10706103461012510046102451050310466111151144810705 9606 8765
 9 3910        2     8077 7762 7667 7605 7763 8542101951210013183139301439614569
 9 3910        2    146071471814688144801440414121136181372213900128731144010042
 9 4910        3     9252 8803 8537 8419 8553 9333111461303714060147541526215541
 9 4910        3    156741590815876156321552415242148611507514854138461238611060
 9 5910        4    10145 9613 9386 9258 934510143120491396814882153411559415599
 9 5910        4    153681531815123148801476514440140431417814079130121164510260
 9 6910        5     9335 8869 8601 8472 8580 9338111551300113847144091468514758
 9 6910        5    146741469614535143031409913706132111337613349124121127910789
 9 7910        6     9131 8587 8291 8108 8085 8344 8749 983111126120721260712674
 9 7910        6    1245912267120831199912035120481195912287123421160610614 9949
 9 8910        7     8733 8251 7979 7767 7706 7766 7876 8525 9618105681110111455
 9 8910        7    1165111579114731149411722118401178312399125911182010698 9563
 9 9910        1     8851 8473 8285 8187 8292 9115108971274313755145251482215047
 9 9910        1    151411525615208150641502614670142211454914304132251176110410
 910910        2     9501 9012 8761 8634 8783 9556115511335814117149401544915753
 910910        2    157621583715849157591565215301149211519514971138971238710992
 911910        3    10021 9548 9276 9149 925710076120921396814786153511558215493
 911910        3    1532315285151131490614722143861384714147138261278611227 9936
 912910        4     9028 8584 8346 8169 8277 9058110181276513408138231401714093
 912910        4    1405714088140191385413715136041329813805134831256511114 9712
 913910        5     8847 8378 8184 8106 8210 8992108911260113327137411392213977
 913910        5    139261396513805135571337213109127611318012886120301082410005
 914910        6     8905 8387 8126 7937 7937 8213 8805 980111060119991242612389
 914910        6    1213911786114841126211371114391151811951116631097010113 9056
 915910        7     8463 7944 7615 7418 7412 7518 7701 8393 9471104281090311230
 915910        7    1136111247110391104911376116991188212184118511115510225 8893
 916910        1     8554 8192 8112 8072 8281 9180113651344114519152671558916184
 916910        1    164181682817022170931722516976168101733116965156621402212492
 917910        2    113481071810424102241026511066131691519516199172961769018111
 917910        2    183551834118439181561823017716172411758316971156961388412195
 918910        3    1097210189 9825 9566 959310262121931370514590151601551815654
 918910        3    157171583815729155521537415059148311524414817137381237511148
 919910        4    10316 9819 9599 9475 964110475126651464215762164211678616768
 919910        4    1631415729151641462514536144051434614249135711255911174 9819
 920910        5     9050 8597 8396 8276 8392 9120111211286413644139471407414002
 920910        5    1380013750135091319312992127071260413047127071177910729 9674
 921910        6     8774 8276 8030 7874 7881 8164 8703 971310949116181183611726
 921910        6    1138811044107231053110630108521109711796114881083910008 9161
 922910        7     8456 7982 7778 7671 7659 7825 8041 8708 9717104161070610807
 922910        7    10747104481014710072102841058510880117731158310775 9708 8843
 923910        1     8173 7827 7740 7741 7902 8832108391271413521140111427714332
 923910        1    1419114240140811397014138141791407814173135861254511060 9782
 924910        2     8961 8489 8273 8153 8293 9136111731286713543139231415714178
 924910        2    1409514103139711379113745135651362314142135461246411054 9778
 925910        3     8933 8527 8330 8263 8423 9260113661331614124146191487114950
 925910        3    1467214552143661421514342142631418614237136501262411231 9910
 926910        4     9105 8629 8434 8326 8449 9234113471317113902142391445214423
 926910        4    1426514166139631377913716135531360714058135601254511148 9827
 927910        5     8961 8486 8248 8175 8299 9130111671281913488136851387413812
 927910        5    1356913499132601296412764126091276113235127781197310899 9904
 928910        6     8859 8376 8114 8008 8030 8344 8977 999111180118601199611834
 928910        6    1152311101108001060610725109491140711947115601095310088 9639
 929910        7     8458 8015 7776 7683 7680 7841 8224 8901 9923105941084110936
 929910        7    10850105541034910324107161115011493120141167010880 9885 8986
 930910        1     8277 7965 7898 7939 8171 9152114591331113939141481418514009
 930910        1    1383413634133731314013199132311358314114135641254911144 9841
10 1910        2     8986 8568 8357 8259 8424 9325114401320013728139361407214063
10 1910        2    1389513885137141355113543136151388214202135591253011069 9807
10 2910        3     8931 8475 8295 8193 8350 9181112591305713761142151442614454
10 2910        3    144481452614440142781413613962141041448413858127811134110032
10 3910        4     9073 8600 8410 8255 8355 9184113021314113871142631450414576
10 3910        4    144751446514330141451408913866140701439213881128091136310021
10 4910        5     9088 8593 8364 8236 8352 9164111601283313632140541433514415
10 4910        5    1431014357141951393613655132961349813729131091222011030 9895
10 5910        6     8974 8427 8114 7927 7927 8183 8856 981111105119831230012255
10 5910        6    1202511705114271130011460117521224712454119151121010302 9414
10 6910        7     8634 8118 7833 7654 7633 7763 8089 8621 9805107131130111619
10 6910        7    11675115241129611225115171185312293122091171810937 9948 8930
10 7910        1     8279 7929 7805 7752 7943 8834111361293413600138841395813862
10 7910        1    137111364213498133921335813515140221424213691127051131710226
10 8910        2     9168 8737 8555 8505 8697 9617118571359713966140491409913910
10 8910        2    1365913613133931316813190132751381914110135531257311216 9891
10 9910        3     9075 8645 8448 8375 8574 9492117111341813868139371399013887
10 9910        3    1371813655135011325513280133921396214087134751249011085 9765
1010910        4     8942 8585 8285 8231 8404 9276114211315613732139371408014073
1010910        4    1395213875137041348413411135031405514145135781259311135 9841
1011910        5     8975 8480 8253 8132 8280 9110111181285413565138571403413961
1011910        5    1378613756136061331713192132521369113465129661207011002 9898
1012910        6     8950 8386 8155 7990 7987 8199 8902 983111079118881208011909
1012910        6    1166011204108251067110728109991192212082116451105910249 9332
1013910        7     8667 8221 7960 7800 7784 7981 8468 897710011106641086910867
1013910        7    10691103691007210117104001095111711117741133410806 9968 9207
1014910        1     8589 8243 8106 8013 8204 8820101261142412448130431325513139
1014910        1    1284612495121961202012152125221350213657131071220510882 9727
1015910        2     8982 8634 8465 8428 8614 9562118841371214163142671425514115
1015910        2    1396313963138021366913900141681455414311136571260711161 9936
1016910        3     9010 8620 8362 8272 8415 9265114401335514050143021442814291
1016910        3    1411914054137951353213569136031422114141135491261411214 9912
1017910        4     9083 8638 8411 8367 8510 9425116431345513999141281414914062
1017910        4    138191380813658135351373914129146191438913747127771141410099
1018910        5     9210 8763 8443 8400 8490 9306114461325113833140181405813985
1018910        5    1375913720134981317713020129251364713499128981201910907 9518
1019910        6     8808 8435 8060 7885 7880 8208 8885 983411030117961198211864
1019910        6    1155311188108771074210933114971230112068115811090510070 9177
1020910        7     8482 8028 7777 7700 7665 7895 8328 890210003107341105411143
1020910        7    1101610666103451027310559111631231212458121391138910418 9458
1021910        1     8863 8620 8513 8557 8805 9839122291414314655147361461514388
1021910        1    140881385513567133761350313904146031437713776128431140610080
1022910        2     9188 8734 8571 8485 8677 9564118421366114029141111405413921
1022910        2    1372113673134411323313257134131415914032134681244411076 9814
1023910        3     8983 8535 8321 8245 8470 9414116681337513804137901382013661
1023910        3    1353013443132541303313080133781418514041134501249011103 9841
1024910        4     8924 8491 8296 8181 8377 9211114481327113798139641407513974
1024910        4    1378013752135361334513268134481427014085134441244611144 9849
1025910        5     8941 8457 8280 8169 8303 9197112761311613761140151411714055
1025910        5    1386113798135431329613186132791394713495128561204310951 9815
1026910        6     8857 8310 8037 7866 7869 8101 8800 974510941118281213712056
1026910        6    1172711355110061085210988115331252612158116241094310101 9301
1027910        7     8463 7770 7443 7346 7363 7603 8020 8694 9754105971096011010
1027910        7    10891106081052610567111171247812463120021148110686 9862 8924
1028910        1     8237 7865 7713 7695 7920 8902110321283713531137871385713809
1028910        1    136381356713352132441379115065148771430913663126091124410059
1029910        2     9299 8964 8823 8835 908810150123671395614401144721435814183
1029910        2    139501379413592135041406415404152181466814017130171161710380
1030910        3     9535 9200 9021 8966 922410248124021401914401143781430114190
1030910        3    140101397613800138221456715459152041458313855128641142110119
1031910        4     9354 8981 8780 8658 8795 9827118831358514073142281432114293
1031910        4    1410414063138811387314540149161449113994135131259011211 9962
11 1910        5     9125 8769 8599 8500 8666 9559115801329913986141901427314195
11 1910        5    1398313876136871356914118148181440313747130391212710941 9816
11 2910        6     8995 8547 8251 8065 8137 8439 90221006611279120581229512234
11 2910        6    1195511605113511138712151131181280912222116261094010086 9253
11 3910        7     8513 8047 7752 7606 7601 7797 8100 8827 9775105091082710952
11 3910        7    10854105171026210356113641277412671122261172810923 9984 9131
11 4910        1     8517 8261 8177 8184 8458 9546117811367314335144851449414327
11 4910        1    141101400713830137741458115812156121505714379133661199810643
11 5910        2     9812 9487 9320 9241 949710459126371430214840148001464414475
11 5910        2    142181414813891138661480316043157951525914619136531222211006
11 6910        3    10183 9851 9671 9640 989610853130421469815001150131484814601
11 6910        3    142891411113897137911454115656154921503914469133001196110677
11 7910        4     9849 9481 9307 9306 957710586127711437114766148091477414643
11 7910        4    143011414013882138281469715693153471491714325133121196810746
11 8910        5     9879 9534 9343 9298 949310482125471415014726148541486414740
11 8910        5    144491432914073139931484015689152781465614132132211209311000
11 9910        6    10149 9664 9412 9326 9398 9755104191142712455131101315012940
11 9910        6    124921206711867120051308714279140401346912902122621140410527
1110910        7     9792 9352 9099 8975 8977 9156 95161019911244120551240012631
1110910        7    126231234412214123761329013959136501314112572118241091310034
1111910        1     9333 9002 8812 8774 8938 9666110331251013755146271515815413
1111910        1    152661498914750146841542416033156071506014336133011198710779
1112910        2     9931 9582 9343 9306 951010481126481430514802148281467814569
1112910        2    143141418514019140751524616180157931518314516135011212710876
1113910        3     9985 9585 9369 9294 951510453125851428714773147451470814638
1113910        3    144351447914410144861539915982156871508114420134181203010829
1114910        4     9852 9396 9210 9119 933310252124031407314438144011432514234
1114910        4    139621385313626135241439915532152471478214155132831197510718
1115910        5     9885 9528 9364 9359 957110555126301438414904150551509115026
1115910        5    146751455214289142091479615304148611416213440126471148010361
1116910        6     9379 8898 8620 8464 8490 8815 94571038911627123681263612615
1116910        6    123481196811607115221259513779135831307312592119791116110469
1117910        7     9710 9344 9139 9064 9128 9369 97211035111299119421216512249
1117910        7    121281175811529116551288614172141201367913270124601142310533
1118910        1     9833 9619 9417 9478 978510864131381479915182151591497614742
1118910        1    143591415013883138431501216024157081517514503134341195310647
1119910        2     9755 9357 9152 9096 929810281124211403614374143301421414018
1119910        2    137351364213415133101432615229149201436913618126381126410000
1120910        3     9084 8697 8446 8388 8597 9563116531327813741138431384713803
1120910        3    1363213611134331331714204151601475514112134611247011088 9822
1121910        4     8907 8493 8200 8132 8311 9208113201312913722139541411614053
1121910        4    1390913863138031381414705152781486014295135941258511257 9986
1122910        5     8978 8568 8318 8195 8392 9315114261325613969142621443114370
1122910        5    142081417414063141061485515073146001393313260124191133710168
1123910        6     9222 8733 8387 8215 8279 8622 93241033811645124631269212597
1123910        6    1224711941117151179712800135311314912628120641139510553 9672
1124910        7     8819 8336 7992 7856 7849 8042 8439 910710374113751188812296
1124910        7    1237912092118751189412874136331338012933124751173210791 9852
1125910        1     9205 8940 8820 8843 914110186125581426414801149001494514784
1125910        1    145211446014296143651556316421161371559314978140351264711270
1126910        2    10339 9870 9714 9676 992710959132501486115260152101518815017
1126910        2    147241458314424144571565916590163261588915344144121302911652
1127910        3    106981030610100101091038611414136721532715779157271552515248
1127910        3    148571466114437144231543616148158411531114687138141256410982
1128910        4    10010 9468 9112 8926 8971 9264 98651073511780124291260912439
1128910        4    119111103710205 988310469109751100311029109841067010035 9241
1129910        5     8579 8264 8054 8013 8102 8519 94551050811627122811240912287
1129910        5    1197311630114101149612655134321315812672121221147410641 9663
1130910        6     8577 8451 8184 8068 8120 8437 8968 982511064119511229612281
1130910        6    1203811656113961141412349131121285612336117681109210247 9328
12 1910        7     8491 7974 7628 7484 7434 7598 8066 8716 9710105831111011430
12 1910        7    1150211313111211124412403131881305112669121701136110296 9334
12 2910        1     8649 8293 8146 8121 8348 9347116321349914153144061445714455
12 2910        1    142891420914087142581545616166158381530614753137961243311136
12 3910        2    10316 9942 9754 9694 998310920129191471215604159971611616136
12 3910        2    158731580815634157441668317048167311604715284142201274811338
12 4910        3    10413 9956 9673 9637 982110896130741469915108150961496414915
12 4910        3    147451475814662147941604117051168551652616031151291378912435
12 5910        4    115421105110946109031117812231144991619316419162411629716210
12 5910        4    160621592015511156921688217742174561694916407154141397912585
12 6910        5    115621126910919109161110212036141051565416251163421611015793
12 6910        5    153681514014906148821602916691162921571415128144071329512107
12 7910        6    111691066710383102911034210662114791252713764144531456614410
12 7910        6    140141368513483134951442615104145981405613429127371186910838
12 8910        7     9969 9404 9095 8876 8882 9103 95161020811268118541208112077
12 8910        7    119391159711399116871318514140140191366413261124331130410273
12 9910        1     9508 8933 8798 8774 8958 9926121331382214398144931450714425
12 9910        1    141561403613877140741534916029156441512014509135981221210778
1210910        2     9780 9331 9089 9107 933610380126801450014866147841468314481
1210910        2    142111412113914139801528716322163421580715257144351296711565
1211910        3    1051210079 9870 98581006311063134041501415302151601495514708
1211910        3    144161426814037140341534516238159991547314908140091254411104
1212910        4    10103 9626 9421 9391 965210669130371475715048149881478914518
1212910        4    141831405813906139611530816161158731539014785138691239310923
1213910        5     9871 9300 9043 8937 9062 9949121601400314564145961449014416
1213910        5    142131419014064141411505215470150211434413740129561182110597
1214910        6     9532 8930 8620 8433 8470 8766 95361065411972129571322613350
1214910        6    131011277712483124861343914088137511320712714120881138610489
1215910        7     9757 9274 8996 8920 9000 9308 98201052311603124051275812883
1215910        7    127911246512242124421386115043150541479814448137021248911264
1216910        1    1044610064 9907 99521024911313137031561516175162981634416310
1216910        1    160861600815810159491731018454182071774817185162371475213199
1217910        2    121151168211530115271182212945153931699217209171871692816726
1217910        2    165001652516454165811790118614183361779617100160321436112736
1218910        3    117471128811134111551145212515146821636016731166461649616262
1218910        3    159551590015812159341724818257180771767417205163791493413526
1219910        4    124751208811930119441224313383156621732017693176391738417047
1219910        4    166241640316176161791744718564183821795417482166381522113681
1220910        5    125461198411750117031191612914151601681117108169361665916326
1220910        5    158731551915172151051640917183168661627415620149161370412420
1221910        6    112851068910362101811018710508111791221613532144941466714407
1221910        6    139051335013051130721429215309151671464214106135051260911557
1222910        7    1056410033 9717 9570 9620 9826104201107512135127561295112948
1222910        7    127941246912227123031359214686146341440514036133891238011191
1223910        1    10248 9826 9652 9622 985410676123981392514808150381492714812
1223910        1    145841448014299143961541816055157581526714731139821272011320
1224910        2    10180 9608 9317 9237 941310117115311299513988144301438614086
1224910        2    135011306612810128821418515182145781383513482132721283112081
1225910        3    112941072610338102131024410536111831147812784132841328613079
1225910        3    127381209711595115271237813224133281337513411131291238011443
1226910        4    107291044010326103501060511295127461419715232157701587115722
1226910        4    152891500014628145801573516820166021607215416145071319711783
1227910        5    107591030110024 99691010210767121641358914497149591496614853
1227910        5    144611410813817137761491615913156711515614628138571285111715
1228910        6    108201035810100100051006910377110221177412726133831349813303
1228910        6    128261223411904118971315314390142591388113478128341193110949
1229910        7    10108 9623 9313 9170 9141 9281 96511018011059119241249112852
1229910        7    129171267212501126091356314240140011352912961121881122810229
1230910        1     9455 9061 8918 8946 920810010116351335314413150881538815370
1230910        1    150591477614452143641549116663164751592915382144851325411998
1231910        2    111261067910545104811070611422129501438615126154171537815183
1231910        2    146111416113739135441454415664152801449513813131501249811932
