 1 1920        3    113361082010416101641017810386107661107611599120731237812483
 1 1920        3    122591182611442114651272314086140731383613450127891176610815
 1 2920        4    10247 9947 9875 99001013311029131151482115524157631578115537
 1 2920        4    151921490114631146171555116565160711558014905139651252111308
 1 3920        5    10397 9987 9767 9709 987110690125691424914790149561495514783
 1 3920        5    144471424214011139341478715619152861468114044132191209710982
 1 4920        6    10089 9568 9282 9174 9215 9521101081099612194133041387414066
 1 4920        6    139621365413425133461406114681143341372013091123011142610503
 1 5920        7     9682 9160 8836 8707 8676 8821 9146 969610640115181205012381
 1 5920        7    124411214811824118151279113931138231337612944121611114110259
 1 6920        1     9527 9215 9120 9054 930610374126721444014873150041503814897
 1 6920        1    146731451814297143171532116307159901543814787138041243911147
 1 7920        2    10236 9816 9681 9691 995010882131681488915222152251518714985
 1 7920        2    146841453014338142911530616405160911552214869139441261911348
 1 8920        3    105531016810074100911040411444137441548915826158141578415625
 1 8920        3    152611508814785147501571716916166431609915584146791329011994
 1 9920        4    111751075510536104851070811658139311576816141162021614716104
 1 9920        4    159771593615817158261652917029166351599815237141301270111356
 110920        5    1041410010 9778 9726 995410886131161480815117151521518915110
 110920        5    149621485414659145571525616053157711520314637138911281911743
 111920        6    108611044910225101661027110650113701234713440142471451614420
 111920        6    140101355513239132611421115530153991492714439138121296712139
 112920        7    113641097910777107021077210963114471203912989135921382413863
 112920        7    137061326112854127891374515042149411459614098132351214411087
 113920        1    10353 9992 9791 9737 995710894131741501315417153531524014997
 113920        1    146521433014037138731468315931156981515614553135571216410853
 114920        2     9941 9544 9322 9283 947810351126471461615107153221544415449
 114920        2    152821516314558143201485415826154961490714283134101216611038
 115920        3    103791019810154102471057111729141771602116381164761644616326
 115920        3    160661590715667156171653617855176721718316597156531421512870
 116920        4    119531170111551114671169012715149571669817169173541745117330
 116920        4    171301700216831168951764718885187931835217779168201548614225
 117920        5    133481302012865128271303813990161561775218142182941819717981
 117920        5    178341766617254169411728017949176851694416471154861432213104
 118920        6    121871169711393112851132611657123981322314353151631548015444
 118920        6    151851481814471144971526116632165871614115667150801426813434
 119920        7    126941222211948120031206112266127651329714170147811501115090
 119920        7    149091442814015140031485816275162461588315443147791388312972
 120920        1    122711201911862118181204312779144041592616880175621786717818
 120920        1    174861711216660164201697318275181771761617021160461468313500
 121920        2    125821227612057119951220613190153841716517576176691749117010
 121920        2    164961621815849157591641017703175851703616363154051397112653
 122920        3    118501148811364113701165112688150421667116946167601653616293
 122920        3    159281569915435153851608517449173761691016303153301386212562
 123920        4    116761125210994109111110612008141821602116511166941687116837
 123920        4    166321646516167160571652917025166261593014992137641229910925
 124920        5     9987 9538 9315 9224 942210351125481434314894150361501714895
 124920        5    147441469814525143571483315948158881542714963142081332412328
 125920        6    115501118811015110271117611571123501330314449152411547815332
 125920        6    148871450614272143041495316157160981558514963143351348212586
 126920        7    118021133411056109381093811174116161209313237138351410514203
 126920        7    140581366613304132951396615346152901491114592140391324312320
 127920        1    116171137211308113821170012787151481690917222173231720117035
 127920        1    166961649516114160681667717730174851691016174150791361712298
 128920        2    114101105710867108411105412112143891621716588166131657316441
 128920        2    161361596415723156581622717203170521644815784148001344112090
 129920        3    112341086710697106761093112026143191609516230160421585115544
 129920        3    150541484614547143531495916319162721578815247142871293911598
 130920        4    108201045310292102551055911563138941556115853157151552115338
 130920        4    149911477914511144641499316152161591567615005140631265111314
 131920        5    1037610012 9765 97391001910976131711492415376154301536915206
 131920        5    148311465714419143331472315633154621487414330135561253811381
 2 1920        6    1052210057 9812 9737 988010246110621204413398142871464314600
 2 1920        6    142521387713648136451416815501156691516014651140141316312209
 2 2920        7    114391103610827107221077110995115001206613010137681408914155
 2 2920        7    139831354313146131131373415211154641518014753140181300411985
 2 3920        1    113401114411043110791141812443148861659716911168681671416444
 2 3920        1    160171571615376152271573217044171991672916131150991374312450
 2 4920        2    115781119411063110011128612303145861619616381163381632316028
 2 4920        2    158471580915633156981633917257170141647515736146831319511922
 2 5920        3    110811076410683107411108112182145761615016585166001659516328
 2 5920        3    160411587815554154181588117219173741693616375154021399812675
 2 6920        4    119211152411415114381177613077152281681317024167931658916251
 2 6920        4    158011555115167150231537716806171021670516228152821394412676
 2 7920        5    118691149011339112851151312459147281636316734166751654416268
 2 7920        5    159281572515390152471551016337162191563814986141551297711831
 2 8920        6    109021042310125100361007610442111541212313435144251476514745
 2 8920        6    144501405813777136071396315041150991454113930131801231611433
 2 9920        7    106001023710023 99591004710318108521146212452131441349113678
 2 9920        7    136491335213085131341378815432159891575015306146571370512756
 210920        1    121011198611931120001235813416156851740117763177241760817195
 210920        1    167031640015945157521615817478178261732516777157031431212954
 211920        2    121101166611447114061159412489146431614516490164671634016094
 211920        2    157181553815112149001540816457165081599215421145151327312166
 212920        3    114721127111270113781181712998153321693617480175331745217197
 212920        3    168521656616231160751645717732180681766017211162751497413728
 213920        4    129621265012537125931285713872160391751717794176051727116892
 213920        4    164531617515864157781622817114172311672316090150991367412379
 214920        5    113981090010647105681078511734137781532815758158221564215349
 214920        5    148991460914288140101419215143155181505014564138741293511907
 215920        6    111091073810503104351052510918115601245913591142911449814382
 215920        6    140441368013455133621373514628146851409813471127201179310890
 216920        7    10002 9474 9164 8972 8902 9075 9429 994410912116411194212085
 216920        7    119411162411449115461204113024133341296512586119701121810443
 217920        1     9735 9458 9295 9279 947810130113491251413425138871398913771
 217920        1    133461295312628124551296214288146911426213746128741172110664
 218920        2     9898 9549 9387 9374 962810507124901422214992151101510815052
 218920        2    149221484214582145151486915763157861517314568136031230110986
 219920        3    10098 9641 9396 9333 955110446123691404514804150861520915274
 219920        3    150591491614609144021463415397155571497614363133911218710934
 220920        4    10050 9609 9429 9363 955410476123271391314552146991475314738
 220920        4    145981450014312141141428615161156861523614769139041273711537
 221920        5    106831034410159101381036911300131181474915557157471567615399
 221920        5    150141470914359139961412014969153731489814401136491263911637
 222920        6    107381034510132100541013410495111421205913091138901415614050
 222920        6    137101327013030129751323614025142741369713101124021151910637
 223920        7     9805 9304 8997 8841 8816 9016 9345 994610904116241191911989
 223920        7    119101150511152110621148412669135571324412854121341121110350
 224920        1     9670 9416 9296 9293 957810598128491469615297155321563715529
 224920        1    153371528815081150061537516185163971586815243141521274511488
 225920        2    105801021010038100041021711236133171502715688158241592015903
 225920        2    157611570915492154651587216505165501598115236141831280411532
 226920        3    106511025410017 99611015311127132161487415470155761556715367
 226920        3    150421488314714146461495015690160301556214986140191267311463
 227920        4    106521028010102100481029611298133711501215513154951522614999
 227920        4    147961465614454143241455815302159321555314994140891275511547
 228920        5    107051035110197101721042511471135021508315599155241539015095
 228920        5    147601459214408142911436114976154471494814319134261225811149
 229920        6    10142 9695 9426 9344 954310118109401214313532145011488414821
 229920        6    144421402413680136441395415113161291579015380147441389412963
 3 1920        7    122711179811526113631136311496117531236513373141011443414479
 3 1920        7    142931385713444132901356914266146861436813833129361192910982
 3 2920        1    103421006610046101591047111633138271555516050161381601615775
 3 2920        1    154531524214951148471525716152165391604615383143401293411700
 3 3920        2    107731042010253102091045711499135311520515802158901585315643
 3 3920        2    153441519014915147841498215599162631584315256143191297611701
 3 4920        3    109141048310285102561051311541136291516815328151801497314746
 3 4920        3    143131413513861137021391714711155881525214777139151252311292
 3 5920        4    105711022510024100361023611218132961491515259151301490114569
 3 5920        4    141301392813630133771344714170150691478114206132921195710702
 3 6920        5     9934 9593 9401 9366 959810551126321430714858149681498014890
 3 6920        5    146311450414289141201430114804153291479614239133941226011169
 3 7920        6    10248 9787 9503 9383 9428 9746103921144512774137621414314182
 3 7920        6    137911341013049128931302513526138741328112684119581111610247
 3 8920        7     9430 8944 8623 8537 8494 8671 8937 964010674114951192312158
 3 8920        7    1212011810114871147511907125931324112988125431176810689 9764
 3 9920        1     9165 8886 8718 8727 898010046122061397414505147061471014598
 3 9920        1    143321415913804135651371414374151431470114128130971174810441
 310920        2     9592 9318 9075 9050 924610261122201401714574146811470714630
 310920        2    144531440414249142731469915297154331482714159131471181610531
 311920        3     9706 9181 8965 8903 9093 9948119631375514331145841480414894
 311920        3    148031461014268140301426714846156001540114910141491281911845
 312920        4    111221076510642106411089811961139141554816086160281602115755
 312920        4    154811523614902146411481815399162851603315506145731325811993
 313920        5    113061096410809108291110512133140701560416030160251593315704
 313920        5    153011502214677143811449314966159171561015154144611346612292
 314920        6    115711110510875107811086911219117231275613748143371442214289
 314920        6    137881326012876126671290313551146051437313865133051243711615
 315920        7    110201056810352103131034610612108081152212347129961332013383
 315920        7    131601264212207120631239613250145981456514292135691259411713
 316920        1    111451094710936109941132812357143581598816504164941638116139
 316920        1    157681547414992146861481215350164101617615605146071326512083
 317920        2    113261099910847108591109212054139651550515988161211610916020
 317920        2    156871539014998146141470515156158461547114837138631250211278
 318920        3    105821025110091101281043611540135601517315556154911541415198
 318920        3    148681458614244139451417214765157121550514931140311266211485
 319920        4    106901034710102100881034311352132471493015617159471605816062
 319920        4    158771568615438152331533515690164171610315315143621296311742
 320920        5    109831066910541105921087711846136791522515404153011513414828
 320920        5    145381433914084138621397214353151361484714284135311252011517
 321920        6    106961027110070 99821009710436109761196412976135161363313437
 321920        6    130551254312238120961229512916139521377913315127241196411185
 322920        7    105551022810024 99741005510287105301124912090125881265712643
 322920        7    123981194911720117951238313231141861407713611127541171310926
 323920        1    1029710073 9995 99861028311210130911477915328154231551815477
 323920        1    152271501414745146001479415245160381583515232141921280911621
 324920        2    109031058910471105261082611864138151529415481153761531515138
 324920        2    148301461514370141861442914861157561564015070141311281911570
 325920        3    108891058310479104901080511760137401517715350151911501914703
 325920        3    143881419913925137411397214452152581514214580136321224911023
 326920        4    10174 9820 9659 9563 978410764126721435714668145871449314380
 326920        4    140911406013973139981431414629150491483614175132501194210687
 327920        5     9971 9511 9230 9131 920710056120201388914564147201474014614
 327920        5    142901405113701133761329313521141731391013358125491144910355
 328920        6     9520 9046 8763 8614 8677 9043 96421080012056128921317613178
 328920        6    128371250412224122141254513058137731350313037123921151710695
 329920        7     9956 9515 9257 9142 9163 9259 95381026511152117191198312027
 329920        7    117691128010868107011092011436126621293012608118981087710072
 330920        1     9432 9174 9076 9143 941310351124621418114569146081451414289
 330920        1    139931383513577134361375914234147851458513961129401160410509
 331920        2     9639 9201 8980 8932 916610081121551400814665148321485514746
 331920        2    144801431814026138211387514075147741479514230133361199010819
 4 1920        3     9943 9575 9480 9468 976610669126511410514403143071417514004
 4 1920        3    137481363913469133571352913941145981454313985130651171610494
 4 2920        4     9693 9321 9163 9147 938610313122821395814387143941441114230
 4 2920        4    139731383613595135021369514055147301476514242133271196810817
 4 3920        5    10032 9648 9477 9471 978810639126261426314782148821481714591
 4 3920        5    142431404413707134261335913591143251440013878131231200811034
 4 4920        6    10180 9741 9449 9365 9416 9617102891128312232127201271912462
 4 4920        6    119761151311106109161108911552125581273712327117161089210009
 4 5920        7     9468 9056 8950 8860 8821 8975 9154 956010367109931151211660
 4 5920        7    115971127010887107461087711219116431243412768121701110510078
 4 6920        1     9389 9066 8928 8892 9089 9936120221398114690147571468314499
 4 6920        1    141611393813558132101314613028129701356913888130971182010555
 4 7920        2     9614 9200 9037 8953 912010004119861383314430143871427614078
 4 7920        2    137691364013379130881308913133130891364913584128831157610259
 4 8920        3     9384 8979 8730 8660 8841 9694117891367314276142801424913991
 4 8920        3    137001354313241129461283712745125801312613478127281144810092
 4 9920        4     9389 9055 8912 8926 913610140121811398614434143671429314128
 4 9920        4    138211369713447132101326213336132521367313758129531158310285
 410920        5     9429 9001 8765 8680 8794 9699116471341013874139811392713694
 410920        5    1345013361130611268812509122551209212496126961200010944 9875
 411920        6     8994 8504 8220 8130 8195 8575 92431047111990131091361413661
 411920        6    134301311312778125941266912837128711300212797122021133510346
 412920        7     9647 9091 8775 8593 8552 8692 8973 968810779115691194412083
 412920        7    1187311415110761088210939110881119911874124391189110968 9917
 413920        1     9400 9119 9052 9089 936810483124421441515047151681508614924
 413920        1    145261431413878134871338013331132511378814289135011219510786
 414920        2    10086 9739 9530 9529 978810710126731436914682146481451814357
 414920        2    139771379713411131071301112951128091328813789130121176910610
 415920        3     9744 9392 9204 9227 954410470124041413914515144071439314185
 415920        3    138511370913363132131292312839127221327713769130481178010556
 416920        4     9739 9382 9250 9227 947010402122621411414487146581449414326
 416920        4    141941413413953138241409014331144081452014341134831216710894
 417920        5     9999 9558 9311 9206 9335 9954112781283813884145921480914775
 417920        5    144131375413478137011374213859136061354613360127171165110568
 418920        6     9736 9277 8961 8827 8847 9086 95461064011939127801304912873
 418920        6    124721205011708115981186312195123111251012508119951116310147
 419920        7     9296 8771 8414 8276 8246 8348 8754 952510660113421145911434
 419920        7    1110810501 9948 9604 9491 9614 991810738113401087510088 9216
 420920        1     8543 8261 8126 8071 8245 9048104851228413352138931412513966
 420920        1    1364513399130231265912634126091242412803130481228410943 9735
 421920        2     8936 8513 8255 8180 8302 9101106651254113408137681391513866
 421920        2    1371913638134211316713088128551253112752132001238111064 9683
 422920        3     8901 8472 8188 8099 8217 8965104511235013364138271402914060
 422920        3    1390313820135971341113475133871310213097132611240311102 9856
 423920        4     8948 8504 8267 8153 8290 9065105581241913394138511406714003
 423920        4    1378913711135141320413027127851236912469130431232311098 9796
 424920        5     8921 8441 8206 8116 8248 8983104411232113344137611390613893
 424920        5    1370613621133691314313079129901289512979128701215311170 9994
 425920        6     9197 8693 8476 8330 8364 8625 91641032911665126101299412975
 425920        6    126801230712010118571201912218122481230712274117011091410397
 426920        7     9175 8744 8455 8315 8319 8442 8656 938810377111491158311768
 426920        7    1166211287108951072110865111141123511585122341163710608 9591
 427920        1     8981 8659 8518 8496 8741 9684116101353714194143621436514203
 427920        1    139191371813397131191307012929126421288113602128031149710268
 428920        2     9371 9050 8863 8841 9082 9954118141359113963140171396813843
 428920        2    135881347413179129691292712755124551267413416127591140810154
 429920        3     9336 8976 8823 8812 9038 9940117991354713963139381390013721
 429920        3    134681335113095128231274512585123091249813292125761132010073
 430920        4     9215 8876 8696 8701 8945 9801117151339313850138831380413674
 430920        4    1342313347131091288412797127401259612787132701256011138 9862
 5 1920        5     9024 8567 8377 8303 8457 9568110481291313575137311378113711
 5 1920        5    1343313289130391272312494122161191811966124941187110780 9538
 5 2920        6     8829 8263 7994 7833 7875 8069 8616 968810843115801181211740
 5 2920        6    1150711105108561072510735109131116611416119051089510019 9112
 5 3920        7     8368 7895 7566 7426 7418 7456 7660 8434 9440102321054610659
 5 3920        7    1053810173 9856 9758 993210140 9823100881134610860 9790 8828
 5 4920        1     8144 7827 7705 7651 7827 8667105991261313390136631369513669
 5 4920        1    1346113365131141291812948128961273312872132601244511030 9771
 5 5920        2     9005 8552 8468 8352 8548 9380112841316613743138511397113907
 5 5920        2    136851360913360131741318513182129001295413579128441154010287
 5 6920        3     9468 9064 8930 8909 9131 9941118941363214085140471405613914
 5 6920        3    136711351613281129911293212766124571253713292127381142210133
 5 7920        4     9332 8936 8816 8796 9033 9843117781350713980139691393213815
 5 7920        4    135881346613204129101279912615123811245113210125941131110014
 5 8920        5     9146 8725 8534 8501 8641 9433113121323513929140311415414145
 5 8920        5    1402113670133751311713012128981275712731128731220911115 9979
 5 9920        6     9058 8562 8242 8095 8082 8298 8812 995811154119241209611959
 5 9920        6    1155011106106921048010463104881042310498111421088410012 9111
 510920        7     8332 7818 7568 7432 7402 7439 7661 8460 9678102241055410608
 510920        7    1052710189 9923 9787 9871 995710105104301124810823 9816 8770
 511920        1     8136 7875 7700 7678 7846 8674106271260713366136551380013735
 511920        1    1362213531132561300812932127561235412289130471247311075 9699
 512920        2     8831 8414 8269 8203 8384 9094110891297913666138211381613695
 512920        2    1355113491133171313213081129821261012576131601248611147 9721
 513920        3     8893 8439 8209 8135 8239 8983108391286713521138391396013982
 513920        3    1381813756136481347813356131411274612599132331264111183 9857
 514920        4     8958 8462 8262 8135 8247 8966108591284213585139251405914082
 514920        4    1394613931137251349313336130031257212507130991248911163 9710
 515920        5     8897 8421 8195 8073 8221 8884106971260513389136161377113696
 515920        5    1349113449132581294812711123921204511931124131190710786 9642
 516920        6     8753 8194 7933 7790 7807 8009 8555 962010860116701199311927
 516920        6    1156911189108321060410614106431058110503110791083410025 9066
 517920        7     8340 7855 7623 7466 7449 7399 7690 8458 9408101071044210423
 517920        7    1035710051 9827 9762 98691002210057102731116510902 9827 8699
 518920        1     8086 7782 7641 7610 7790 8497104131231413210137401402814183
 518920        1    1415314082139001367713580132851272012484130651243510978 9553
 519920        2     8724 8265 8079 7979 8129 8793107531265213330135641373013699
 519920        2    1356813589134131321313143129221242612241128451244310936 9619
 520920        3     8670 8313 8100 8025 8201 8899108121270213395136631394613974
 520920        3    1387213920138681370013592132431278412447130471260511181 9683
 521920        4     8906 8358 8130 8027 8169 8781107061268413525139411428414451
 521920        4    144721462414606144931438214021134861323013733133481184410386
 522920        5     9315 8738 8466 8270 8389 8963108041284813961146521509515313
 522920        5    153581545615458152601504414683141001364513880134471209510665
 523920        6     9587 8799 8400 8111 8061 8020 8550 974111062120451250012671
 523920        6    1264712550125131253612654126961251112213125651228211211 9974
 524920        7     9060 8432 8082 7825 7714 7549 7837 8624 9706105581098911175
 524920        7    11107107591036810085101731031910287103121056610245 9460 8528
 525920        1     7924 7480 7308 7198 7206 7253 7596 8466 9558103001070710802
 525920        1    1069310308 9950 9788 99381014210175103251099910735 9706 8633
 526920        2     8069 7773 7683 7665 7866 8572105671252413206135111359213619
 526920        2    1347813434132031303113102130441282212741129811237410957 9614
 527920        3     8832 8411 8244 8159 8261 8994109081279013408136401375013742
 527920        3    1358513623134351323213259130801268412515129491249111106 9699
 528920        4     8864 8408 8239 8153 8326 8983109571277013452137011376113885
 528920        4    1371013683134941326213240130011251512327128321248311114 9687
 529920        5     8871 8403 8168 8097 8261 8850107291262913423137631391513964
 529920        5    1383113784136561344313236128351237911978123661213910973 9724
 530920        6     8834 8313 8001 7839 7842 7836 8478 963310827115581177211684
 530920        6    1140611119108491073110780108581078910696111141091010011 9024
 531920        7     8315 7813 7508 7360 7336 7257 7538 8252 9341102201076211111
 531920        7    11203109471070810635108551109811102110751131910905 9891 8861
 6 1920        1     8272 7848 7757 7698 7867 8628105951265513592140331432014393
 6 1920        1    1422914110139051375013849138541354113234132201242211062 9775
 6 2920        2     8941 8456 8251 8173 8307 8941108481269613486137611398513993
 6 2920        2    1389613894137781359513556133091278312415128541269311265 9792
 6 3920        3     8915 8373 8178 8022 8165 8748106981270913592140201433114412
 6 3920        3    143801448014466143221426713915133431290513346131091167110187
 6 4920        4     9199 8632 8362 8227 8342 8880108331291813913144611490315120
 6 4920        4    151561528815264150291484414425137681328213546132261175010266
 6 5920        5     9334 8758 8562 8410 8520 9078109351288613731140341423314251
 6 5920        5    1405913970137331355913442132751294012700127551206110950 9767
 6 6920        6     8958 8288 7989 7841 7808 7949 8467 950910773118491236912427
 6 6920        6    1218011890116201141211497115521134311130113881137010592 9698
 6 7920        7     8756 8151 7833 7598 7572 7482 7754 8549 9635106051115111552
 6 7920        7    1171811600115021146311632117121166811730123201228311159 9898
 6 8920        1     9162 8680 8517 8373 8497 9100110811329114581154801616216491
 6 8920        1    166431681416705163981616915717150061450114686143161278611176
 6 9920        2    10124 9516 9141 8960 8991 9428113741342614372148721516715293
 6 9920        2    152591529615271151071498914611138751339213637134431193510308
 610920        3     9376 8773 8491 8311 8394 8931108681287613811143391464914746
 610920        3    147131473414604144601440814000133791291613191130321168610149
 611920        4     9203 8678 8386 8262 8345 8898108061281313713141551440314549
 611920        4    144601450014426142911419813815132101278213115130091165410155
 612920        5     9221 8691 8441 8333 8457 9001108131283513893144601493615103
 612920        5    151141519815138149861479314338136991313913199130931190610536
 613920        6     9540 8872 8509 8320 8242 8210 88421006511453125681294213096
 613920        6    1294112764126731257412682126601239512032121551210911140 9968
 614920        7     9135 8477 8134 7902 7839 7668 7969 8854 9982109871159012036
 614920        7    122751218612128121751233812402122611216012555125621144210127
 615920        1     9282 8858 8619 8505 8592 9167110831318214341150061527115381
 615920        1    153321543615229150081489114383136881317713307131571166510188
 616920        2     9213 8692 8423 8304 8391 8952107711274113674141551449214625
 616920        2    145141459714548145201440014123134771300713236130881167010141
 617920        3     9161 8614 8352 8242 8365 8909107051272113736144491487415077
 617920        3    151171528315266152251512614722140931353813665135351214310573
 618920        4     9583 8967 8690 8483 8586 9089109231298614066146351504915175
 618920        4    151511521815213150601495314474138011329913470133451203610495
 619920        5     9588 9008 8749 8605 8705 9302110221303814291150411541715535
 619920        5    154551546515241148721460014070135881324813400130601194910747
 620920        6     9780 9127 8767 8581 8542 8618 92251035711738127571323813267
 620920        6    130401278112474123901239712353121531192912092119551104110030
 621920        7     9194 8541 8250 8029 7954 7808 8050 889510002108561141611730
 621920        7    1177111485112781118711259112861115111182116141161410640 9507
 622920        1     8786 8315 8156 8042 8226 8695102971228513471141931454714658
 622920        1    1451114481142371393913872135921307812675128301250411181 9781
 623920        2     8903 8409 8183 8093 8195 8696103431220913171137411402714164
 623920        2    140441404513949137621372213447129131246812705126551138810047
 624920        3     9044 8539 8297 8196 8262 8813104641242813471141701461114743
 624920        3    146061449814319140961411213922134641309813068125211127310005
 625920        4     9156 8615 8410 8284 8383 8911105331241913572142411468914810
 625920        4    147021468814483142941404213705131831277612960127631155510233
 626920        5     9217 8693 8388 8281 8354 8817103511228313486142271461114746
 626920        5    146741469614586143711408813691130321259212693126131149710336
 627920        6     9288 8729 8429 8176 8133 8288 8741 978611063119931242412544
 627920        6    1237912173119371171311635115851135911090112691128210466 9445
 628920        7     8751 8111 7864 7652 7563 7426 7722 8538 9569104511095011224
 628920        7    1131711155110341102911230113531124311122115581180810859 9722
 629920        1     8853 8401 8185 8090 8173 8578101631224313706146921522815557
 629920        1    155721569415621155071537615034143441375213853136851228110709
 630920        2     9770 9136 8832 8668 8727 9203107311274213945147021516015512
 630920        2    156551588615918158501580315427147481416714283140261263511207
 7 1920        3    10099 9509 9187 8993 9040 9525110651312614523153991585116099
 7 1920        3    161221628516223160521594015505148321418314078139231248010888
 7 2920        4     9691 9005 8677 8442 8446 8847103671220513363139091419914283
 7 2920        4    1418414190140721388013798135541300112505125381246911065 9925
 7 3920        5     8889 8257 7956 7751 7737 7869 8658 971911053116941200912059
 7 3920        5    1199111753115301140411485115531133511107112341089810074 9168
 7 4920        6     8280 7826 7555 7356 7334 7356 7619 8280 9329103981106611328
 7 4920        6    11247107981040110169101641022610065 99281014010089 9580 8824
 7 5920        7     7958 7454 7339 7185 7136 7070 7508 7925 8894 97991037910730
 7 5920        7    10751105511030110170103071047010473104361072110619 9928 9116
 7 6920        1     8365 7930 7755 7719 7857 8466 98151158812826136421413314337
 7 6920        1    143631436114258140991404613828132681282212996127881149210041
 7 7920        2     9068 8490 8235 8094 8197 8608100741197713117137741428014582
 7 7920        2    145691472914684145031433114096134731297313170130281171310354
 7 8920        3     9309 8711 8468 8297 8363 8829102841222313523143831485215104
 7 8920        3    150641513915114150271492814556139151358113764133371202210632
 7 9920        4     9670 9065 8793 8640 8763 9356107371255013772145271501815502
 7 9920        4    157521605416162160801604915736151451462814633144041303711509
 710920        5    10289 9634 9287 8990 9069 9462108941292614357152081567415909
 710920        5    159141598715934157701563115201146001406114108139341279311415
 711920        6    10333 9643 9261 8985 8925 8943 95601068212065130311352213522
 711920        6    133541310812930128411291212899126711234812464124521159210481
 712920        7     9615 8849 8526 8187 8061 7992 8169 891310042110321170312058
 712920        7    122761213412054119371207812201121341211512406122021124610234
 713920        1     9277 8999 8834 8751 8950 9730115111343715163162521688817214
 713920        1    171651729217229169921681116374155591486314696142681269211337
 714920        2    10189 9563 9241 9043 9178 9659111501313314308149701542215623
 714920        2    156391579515891159311610215817153851493714941144501313711592
 715920        3    10384 9803 9438 9241 9292 9815113011323514413150711555915731
 715920        3    155431546515165147211450714264137761350613560129891168910336
 716920        4     9401 8881 8616 8489 8573 9126106091250513765144371480814858
 716920        4    148451486614782145951449014212136571323213393132101193310531
 717920        5     9509 8849 8656 8450 8589 9092105001240613660144021484614971
 717920        5    149461498114804145681435513888134651307613210129011181010679
 718920        6     9766 9080 8781 8561 8579 8747 92941043311905132371393514157
 718920        6    140351385713707136251375813774135311326913480133481240811084
 719920        7    10121 9508 9117 8754 8623 8400 8753 946610599116111227112717
 719920        7    129231283512756127471297813100129681276313138130431191911004
 720920        1     9870 9327 9035 8889 8966 9505110331325514848159381669917130
 720920        1    172831747317476173581728616919162211562015740153271372112102
 721920        2    1091310264 9967 9740 982510394119591396515298163411693717177
 721920        2    173161739417299170661686116265153811482914836144221288511317
 722920        3    10109 9471 9112 8894 8922 9418108711275413950145731495115053
 722920        3    150031506014929148341476614444138581324613510132011186110448
 723920        4     9502 8915 8647 8551 8629 9251107331262713770143871473914796
 723920        4    1468114563143381402913889137081326812945129991242411180 9935
 724920        5     9000 8555 8261 8105 8242 8775101581207113306140241438814514
 724920        5    144471449014368141171394213512129541252012746125351142610125
 725920        6     9106 8505 8186 7959 7939 8020 8474 951110790117871227012336
 725920        6    1211511866116431160011696117731160711342116581152810642 9563
 726920        7     8763 8135 7847 7621 7547 7505 7691 8431 9455104051097811364
 726920        7    1149111307111311103111189113371134811331117921156710687 9633
 727920        1     8971 8559 8374 8310 8483 9150107311272514156149991553215803
 727920        1    159381608216039159201592715664150441453214727142511276611172
 728920        2     9982 9372 9002 8797 8801 9279106881267113949146031507815249
 728920        2    151771522515150149581493914629140371350113778133981199510598
 729920        3     9571 8937 8629 8483 8546 9113105721251413871146741519915503
 729920        3    156631590415963159971598415575149491452014532139251257111131
 730920        4    10008 9414 9102 8924 8976 9567110271294214073146941499915084
 730920        4    150311510115049148741489314562139831349113820134421212010699
 731920        5     9672 8984 8699 8529 8622 9152105431242913721144591488815076
 731920        5    149761483614605143461419813949135611333013394127841172010538
 8 1920        6     9638 9015 8713 8475 8415 8568 8982 998711226121691256712539
 8 1920        6    1225511886115741140711450114841132311083114961130610443 9486
 8 2920        7     8636 8060 7766 7532 7469 7405 7621 8365 9473104031096411279
 8 2920        7    1139611268111561121511458116081147811383120881195110971 9871
 8 3920        1     9067 8614 8422 8306 8445 9061104951256114035149331553315817
 8 3920        1    159111601015947158421576415411147571428214681141221265511246
 8 4920        2    10144 9532 9331 9182 9288 9903113381333814630154821598916195
 8 4920        2    162381636516361162251605115680149731452214651139531246710967
 8 5920        3     9829 9171 8838 8614 8680 9259106531255113820145091487815014
 8 5920        3    149681502414958148451482114491138261339713817132671190710459
 8 6920        4     9448 8870 8653 8451 8538 9091104351235013680144301484615067
 8 6920        4    150681531815273152191513214842142301375114159135981223710847
 8 7920        5     9747 9121 8815 8619 8707 9259105191249213850147491536615549
 8 7920        5    155491561815525153121511514646139671349213780132601201010745
 8 8920        6     9540 8933 8537 8342 8207 8432 8757 981711126121921265912684
 8 8920        6    1255112317121251200612056120731184811665121161170610741 9809
 8 9920        7     8944 8427 8155 7979 7908 8013 8194 8757 9764107151138111840
 8 9920        7    1202611847116241154911694118511180611774120691159810712 9702
 810920        1     8978 8631 8445 8386 8544 9198106581258713881147591521315467
 810920        1    154821551415494154171547915229146691423114722140221258411113
 811920        2    10093 9507 9219 9058 9147 9812112551338414927159791672617237
 811920        2    174231777617790174991709716529159371562915566146351308811558
 812920        3    10477 9849 9523 9285 9318 9884112011303314272149651537715516
 812920        3    154491550815398152461513914751140841366714126134171211710658
 813920        4     9626 9029 8777 8587 8680 9345107451245213649143071475014950
 813920        4    149471497914863146341447714222138531369513912131161180910512
 814920        5     9556 9056 8766 8616 8722 9358107231253313717144801485614915
 814920        5    147821467814396140771385413501130681288013105124221133110172
 815920        6     9145 8593 8294 8083 8076 8241 8656 965810905118651231512386
 815920        6    1209511796114981134011421115831152111517116911113510302 9326
 816920        7     8599 8088 7781 7612 7576 7693 7814 8418 9462104411110911448
 816920        7    1152111243109711087211074112541131111398115321101410154 9185
 817920        1     8475 8073 7930 7874 8083 8804102921218813456142141466914794
 817920        1    147251465214409142211422714184138691373013724128591157310259
 818920        2     9396 8902 8669 8509 8633 9316107751262913859146481503315235
 818920        2    151031507214864146811472614580140441381614118132921196410580
 819920        3     9643 9104 8843 8763 8876 9558110101290614186150491566415890
 819920        3    159311596315865155861539015007144281419114194133121197010562
 820920        4     9587 9029 8735 8539 8666 9244105721245113674143531473714817
 820920        4    147561474514640143661427013943134301328413679128621153510196
 821920        5     9290 8712 8429 8281 8399 9015102621208713329140741444114564
 821920        5    145271452714455142581412513704132401306013336127141147410258
 822920        6     9226 8621 8327 8127 8072 8286 8647 975411044120911248612574
 822920        6    124321224012083120501220212284121961217712702120681110510012
 823920        7     9202 8604 8239 8029 7954 8017 8109 8801 9957109671159512044
 823920        7    122691216112077120941229112380122091237912986124451133710185
 824920        1     9459 8971 8744 8589 8670 9391108151279714278152791592516284
 824920        1    163621654816553164361640516072153831514915460144171286511387
 825920        2    10282 9665 9340 9152 9290 9987114121343414832158411664917108
 825920        2    174191778917849178341784117482168391674717004159371432812615
 826920        3    114191072810392101651019010759122641427815782168411769818165
 826920        3    184151869618707185651841617947173021710517299162401457212855
 827920        4    117071101610604103331036211074126021458515930167411750017740
 827920        4    180991835518426182061810017580170041688016900158701424412674
 828920        5    115611096610632103851050411105126871463715967168121725917541
 828920        5    175111762117587172961699316425157731566415727148421357012191
 829920        6    110701045810061 9791 9679 9781101551109112415133911385013782
 829920        6    1342713010126901246012421123841213212311124721180610868 9815
 830920        7     8966 8368 8102 7863 7842 7815 7912 8608 9667105221103811289
 830920        7    1135911173110171103811260114441141311821121231158710607 9621
 831920        1     8979 8593 8410 8340 8485 9280108841283514194151151556515759
 831920        1    156681565515501152101506314725141401413014212130821159110201
 9 1920        2     9304 8777 8500 8362 8465 9208107141249013499140951448214590
 9 1920        2    1449614482143341414414079138271332413529136251256311121 9764
 9 2920        3     8928 8442 8227 8153 8235 9042107381245713297138281414314259
 9 2920        3    1420714278141831405913995137931334813598136781264611182 9915
 9 3920        4     9032 8567 8323 8230 8391 9210110471292813924144631475814835
 9 3920        4    147441465414514143941441014400142501422513808128141145910177
 9 4920        5     9250 8693 8464 8318 8421 9227108901267713641141591442414489
 9 4920        5    144501450614400142201401813641132621340313413125821137210117
 9 5920        6     9130 8580 8296 8058 8049 8215 8553 945410681116291200512080
 9 5920        6    1187712058112721111111161107521114211618116951106210144 9170
 9 6920        7     8439 7893 7641 7508 7457 7544 7743 8275 9315101791063710838
 9 6920        7    10831105651025610117101871031310318108581096210413 9657 8701
 9 7920        1     8075 7635 7458 7367 7338 7524 7801 8420 9534106141131011494
 9 7920        1    1144711075108511077210961112791133412079122401146610282 9284
 9 8920        2     8553 8186 8005 7968 8110 8959110381301814101148111521715387
 9 8920        2    153561554715548155241551315235147541514415007138801237810923
 9 9920        3     9934 9444 9204 9065 919210040121111401615016157391628216618
 9 9920        3    166331693316900167821672316323158151619015978148051321411702
 910920        4    1063710089 9780 9635 973610583126721454515603162941677817000
 910920        4    170091708216941167281650416161155891587115662145731299311453
 911920        5    10454 9857 9516 9281 932010117119591378714538149221511615100
 911920        5    1490414868146901439114162136681319413536132721241611226 9912
 912920        6     9031 8484 8171 7953 7929 8205 8634 959410829116481186911802
 912920        6    11549112421099110821108851100011051116631156410889 9946 9037
 913920        7     8274 7765 7500 7319 7370 7309 7617 8245 9349100891048910673
 913920        7    10736104991029010277104691068510825117111168210871 9772 8780
 914920        1     8130 7747 7664 7587 7781 8644107021242713259137341414514284
 914920        1    1424114363142641408614051138231347914011136451255911047 9730
 915920        2     8912 8463 8241 8095 8204 9038110291267913458138701421714432
 915920        2    144531455414503143811436614103136891425713914128381136610030
 916920        3     9144 8657 8469 8362 8440 9295113701314013931145641500415348
 916920        3    154681580715913158451582615509151481568015250140351246210992
 917920        4    10129 9459 9162 8983 9132 9959120101384714771154521600116373
 917920        4    164681677016778166271654116090157241618915695145181282311354
 918920        5    10312 9740 9449 9255 932510103121661400115002157791634316661
 918920        5    167351697416985167441643815809152811558915001139641266711335
 919920        6    10336 9729 9384 9226 9157 9432101171100412180129391313112991
 919920        6    1260212204118001154611516115791160512197118101108110179 9225
 920920        7     8504 7948 7644 7497 7453 7582 7795 8430 9474102261060510763
 920920        7    10803105861037910333105441082111115120021170010874 9802 8823
 921920        1     8189 7848 7736 7701 7899 8740108641256713453139391427414373
 921920        1    1434114313142231397313991138711381114285136981252611156 9811
 922920        2     9063 8624 8399 8338 8471 9357115331351114410149151534215567
 922920        2    156611570915674155251556515416153511562414993138551235910754
 923920        3     9769 9216 8939 8732 8770 9524115451314413734140371425314218
 923920        3    1406814047138491358513613134331334913872133881239610954 9695
 924920        4     8828 8425 8222 8144 8318 9213113511302813659137821386313775
 924920        4    1357813563133721319213182131361325413949134951252011167 9841
 925920        5     9014 8584 8378 8301 8467 9364114721319713748138761395413857
 925920        5    1364513571133691306812953128151306113394128391200310871 9694
 926920        6     8884 8397 8143 7947 7959 8227 8912 993311207120621239012409
 926920        6    1219411928115961152811695119351223912300118361107110176 9227
 927920        7     8426 7910 7648 7486 7444 7573 7864 8482 9583105081103411334
 927920        7    1140411155109681095711266116311209012397119801119010172 9212
 928920        1     8512 8111 7987 7893 8046 8952108381255913424139201418614241
 928920        1    1414514218140911388413857138071393714348136411252911061 9748
 929920        2     8866 8386 8191 8066 8219 9110112091293113547138461402113953
 929920        2    1381513793135981337113385133471360314006134271242211025 9702
 930920        3     8889 8425 8284 8210 8425 9388115751326413726139381398513962
 930920        3    137981372913505133591354513702140661436713819128541150110221
10 1920        4     9166 8929 8755 8725 8895 9918122881406214507145001445714324
10 1920        4    139571387613654133991337813427139401452314110131261168810249
10 2920        5     9502 9050 8877 8802 9013 9917121411380014240142711415214018
10 2920        5    1376513613133831309112911128071312913421128051206410922 9696
10 3920        6     8773 8310 8020 7863 7865 8110 8804 974010924116451187211787
10 3920        6    1153211222109731082810950111451170312091116621095410057 9123
10 4920        7     8340 7862 7572 7396 7343 7507 7852 8450 9496102581057610698
10 4920        7    10632103661013310039103001071311547120441166210898 9852 8869
10 5920        1     8240 7943 7868 7856 8098 9079114121327713878140251413913999
10 5920        1    137271367113438131831323113404139491429313749126901141610086
10 6920        2     9186 8807 8661 8607 8845 9795121891370114243141951385713856
10 6920        2    137071362213407131921324813325139121420913675126871127710006
10 7920        3     9145 8764 8588 8566 8779 9756117571345613956140301400813862
10 7920        3    1366713597134241328413263132571375614046134491248011042 9796
10 8920        4     8940 8554 8404 8364 8534 9418117101338813840139521393313853
10 8920        4    1369113680134891324813193131771378813980134471246511102 9736
10 9920        5     8849 8428 8201 8130 8286 9129112861302613692139201404914071
10 9920        5    1395513912137551360213633136411391013670130631216010994 9872
1010920        6     8978 8443 8142 7928 7922 8199 8810 976011071119521226712188
1010920        6    1184611476111211096711077113261205212236117261093110042 9138
1011920        7     8361 7861 7589 7428 7361 7513 7862 8478 9510103351074010914
1011920        7    10891106201038710353107041120411861116201114210696 9759 8831
1012920        1     8201 7817 7685 7607 7721 8229 93961067111738125141293412975
1012920        1    1276212483122121208212238125401326613335128141181510528 9388
1013920        2     8584 8213 8002 7917 8123 9054112971306813589138021389913786
1013920        2    1362313560133451311513169133581412413995137381262211175 9885
1014920        3     9091 8611 8445 8425 8610 9607118951356313978140091397813848
1014920        3    1370513690135381342413660140061453414238137181269211246 9988
1015920        4     8994 8570 8347 8270 8449 9345115791341814003141301421014110
1015920        4    139621378513618135321345313650143121420313658125851132010031
1016920        5     8972 8535 8270 8225 8340 9218113441328613945142501437814322
1016920        5    1411114006138311346313476135191392213666130531225011131 9934
1017920        6     8999 8460 8164 8006 8031 8362 91061015111332120721222312080
1017920        6    1174211359110181083010995114281246812439120461149310610 9708
1018920        7     8849 8393 8179 8068 8057 8308 8761 941410409110361127811342
1018920        7    1121810862105451045010846115941260112558121341135310350 9350
1019920        1     8676 8318 8213 8210 8407 9412117431368214294145091455914503
1019920        1    143191422714032139111416914628152041468313984131931176710451
1020920        2     9578 9164 8968 8915 915310121124681423414547145241446814303
1020920        2    139871388413644134501359414080148321456914037129771173710296
1021920        3     9327 8892 8707 8595 8786 9732120031384614458146131473014672
1021920        3    144931434814105138811402014415148571451613884129051155810026
1022920        4     9367 8957 8772 8729 8852 9862121931393314313143701439614187
1022920        4    140001393213744135881365114015147491454613955130181175310445
1023920        5     9428 9009 8813 8742 8930 9952121991395014331143381421714021
1023920        5    136581353313227129361284613022138391354512948121761111010027
1024920        6     9095 8587 8316 8164 8193 8550 92921021511380121141232812225
1024920        6    1189811628114121140711787123701270212248117121111310290 9435
1025920        7     8726 7909 7635 7559 7651 7918 8489 952310711113901168711790
1025920        7    1165711420112741142012203132801317612752121821134110303 9452
1026920        1     8801 8524 8474 8513 8841 9940122381385314381144281438214228
1026920        1    139341376413551136361437215437151111452513781126871125510074
1027920        2     9174 8757 8591 8569 8804 9841119411357914003140571404013905
1027920        2    136921355313443133521394315249150891452613893128871150210252
1028920        3     9489 9141 8990 8979 924710333124521405714301142221413713940
1028920        3    136641353513306132281382215137148921437613743127381140510138
1029920        4     9292 8945 8819 8777 900010059122221376814115142041421114091
1029920        4    138631381813558135251415015175148811434613698127291128810033
1030920        5     9188 8751 8512 8422 8577 9521115911310813711138531381713524
1030920        5    136561351113286132041380914700143301372113095123191120810120
1031920        6     9204 8710 8487 8403 8484 8859 95141070511982127611296212845
1031920        6    1251912172119261197312744135811308512588121421151110626 9842
11 1920        7     9079 8719 8475 8378 8409 8628 8979 977210750114211165711719
11 1920        7    116021122310959110301202013583135531320412748119331093510070
11 2920        1     9358 9120 9029 9047 938410561125531439214970150441501414917
11 2920        1    146801458614384143501523716224158451509214597134101195310645
11 3920        2     9717 9336 9128 9077 932910274124401411214702149591507415046
11 3920        2    148201468314418143251500515718153301475914087130611169910470
11 4920        3     9579 9061 8766 8731 8882 9862119911359414096141901431514298
11 4920        3    141191406713942139121473315555151791457613913128451139510116
11 5920        4     9112 8718 8495 8406 8617 9543116461334813889140551418314190
11 5920        4    140851405413928140091478415511151851467714046130311168610321
11 6920        5     9408 9070 8866 8849 907010059121231369814149142001425514189
11 6920        5    140521398013796136831432715218148611428313734129221181510673
11 7920        6     9702 9277 9002 8862 8962 9339100601114912320129921312312928
11 7920        6    124761210211876119161283714123138301334512837122241140110583
11 8920        7     9760 9332 9069 8951 9001 9259 96251032811316119481213712149
11 8920        7    120501179511599117291287314212141161377513324126151155110660
11 9920        1    10016 9770 9647 97001007111133134021503515488155151541915186
11 9920        1    148881463714363143391545016633163101579615127141111267611380
1110920        2    104951015510008100011033011467136771521115438153041512314806
1110920        2    144621425414040140021502116073157861513614480135651220110894
1111920        3     9933 9478 9237 9136 9256 9914112711265813613140941435514395
1111920        3    142101400113869138291464515335149071432013656127371139910141
1112920        4     9368 9006 8759 8699 8953 9928121041379914352144971457414527
1112920        4    144061434414250143061510915650152461467713974129771156310261
1113920        5     9319 8857 8581 8411 8580 9408114011308013688138581389113738
1113920        5    134931339813156129921375514716144361387413368126031150210474
1114920        6     9626 9113 8865 8775 8883 9283 99501098911996125651264412424
1114920        6    120051158811273113461252213800136011312612584120151121410378
1115920        7     9653 9239 8976 8842 8871 9065 94321009511074116841189011939
1115920        7    118441161711485116821295413987138071345312998122241126310376
1116920        1     9624 9355 9286 9322 964410743130881475315222152151520415019
1116920        1    147381455214313143751557816664163651586515247141971275411450
1117920        2    1045810035 9825 9788 999411047132541491615497155971561315538
1117920        2    154481537515290153071627516827163491570215002139401241111138
1118920        3    10171 9831 9605 9597 986310892131661478215215152941533615266
1118920        3    150731505915017150791608916763163431577915099141011267711453
1119920        4    1045410094 9910 99041016811233134631507515360153041518314999
1119920        4    147231458714411145661564616521162701580015234143071286811604
1120920        5    106461038710226102571051811695138951544815742156231543915032
1120920        5    146761443014153140981504915951156411506914521137091256611415
1121920        6    10433 9978 9674 9529 9618 9987107091174612855134281340013245
1121920        6    1290812576123981247913359140161364113047124581164610705 9815
1122920        7     8953 8465 8107 7951 7902 8087 8433 906510196110441151911808
1122920        7    1187911647114421157012650133451308612632121461133310260 9291
1123920        1     8506 8310 8149 8105 8320 9271114441330513953142421443914453
1123920        1    143331422914173142481515515679151591463714035130271163110319
1124920        2     9364 8938 8764 8713 8944 9936121811397614644148141485614756
1124920        2    146171455214405145341547816048156521511914541135431215910769
1125920        3     9769 9290 9072 8966 919710133122201403914731150091509015036
1125920        3    148431475814562144681510615467150481448613907129651174610351
1126920        4     9196 8676 8255 8066 8078 8369 8937 975711154123141296113072
1126920        4    12671116821090310468107291091610845107841066910309 9705 8896
1127920        5     8188 7792 7601 7530 7689 8175 90541000611107116781197111992
1127920        5    118951161411421112111272813620132971287312402118221091810279
1128920        6     9064 8704 8448 8386 8502 8857 95121027511334120611224912032
1128920        6    116291126411044111061233113322131741269812316117401100010089
1129920        7     9306 8846 8579 8525 8569 8808 9178 977510701114231135211999
1129920        7    1165511422112971167812956137421361913255128081187710807 9781
1130920        1     9102 8782 8642 8657 893210018123441412214790149221491714780
1130920        1    145331442314306144481560916219158721532414711136891230710845
12 1920        2    10003 9519 9317 9267 953510570128241445514870147911468814470
12 1920        2    141321402313831139051520216082157861521814651137051230910852
12 2920        3    10055 9634 9460 9440 970710741130771470615086150291491114613
12 2920        3    143711425814155143091554916198158751533114680137211230110838
12 3920        4     9961 9543 9315 9264 944210449126491445914995150781518415119
12 3920        4    149401480114536145321573416371160671565215038140801264811285
12 4920        5    10376 9937 9737 9744 994810988132181489915224151611504114760
12 4920        5    144131432114248143901540516014155791499614427136571255611358
12 5920        6    10338 9769 9479 9336 9442 9850106061162912855134721363213646
12 5920        6    133991311712980131431437115303151381471414298136791282511853
12 6920        7    110681057010287101901019910464109181152912518130931327413293
12 6920        7    131061277512531126961418415291152081480814227134191219111046
12 7920        1    10234 9882 9724 9648 991710958132911511815595155901548815266
12 7920        1    149931488814734148421615617187167971627715717147331327011778
12 8920        2    108661044710335103351062111795142771591616314162761617215965
12 8920        2    155651545815310154571679017772174911700516437155271420912778
12 9920        3    118301138111234112561155812730150801673216997168461660416316
12 9920        3    159111569415490155981704817925176511724816734158611440212790
1210920        4    119471155811373113421159712686150771672217134170821698616831
1210920        4    165401643716234162961735417911175341697216323153131374812170
1211920        5    111561061510356102781051011526137221549016171164301659416511
1211920        5    164101624116025160451687417213165771566715142142431297111623
1212920        6    1070610223 9892 9821 993210266110071207013299142271454314509
1212920        6    142261393213655136781480015611152321462114008132861226711253
1213920        7    10401 9857 9539 9448 9383 9621 92031077311818126571304113207
1213920        7    131521293212702128421419915229151281476714334135311235311050
1214920        1    1040510010 9829 98311015511201135001535315905160471597115778
1214920        1    154551520414967150511633417357171381662716123151371368412111
1215920        2    110601064210424104301064711695140291571416138161071581315545
1215920        2    151141491614736148541612417164169641648415897150321355111972
1216920        3    108981040410111100221021611215134971530715756157001558015442
1216920        3    151761507214934149491616216801164421588215311143401288911329
1217920        4    10273 9724 9477 9410 959210604128841476015344154691552815455
1217920        4    152971520815085152411617416566161901562915092141411275511234
1218920        5    10195 9666 9435 9398 965810623128781464215005150331496814766
1218920        5    144121428514068141321524616304160171549215076143901335412117
1219920        6    110461043010142100451009610487112521232813533142931437814186
1219920        6    138221338713098132051436415118148151425613709130761218111090
1220920        7    10049 9389 8885 8745 8708 8843 92841004511195122161272012939
1220920        7    128541239312023120721334214491145431443714213135761248911303
1221920        1    10378 9987 9884 99181021611329136301544315952159801587115605
1221920        1    152851506014822149091621817406172131681916368154921405012456
1222920        2    113321076510549104371064411581137761560316072161231600515630
1222920        2    151051480414546146021579216813166611626515819149731362812059
1223920        3    109081037010088100201024511266133901523715775159741604415864
1223920        3    155501529215086149081569016466162091576815207144281315711696
1224920        4    10473 9851 9555 9511 954110171114381290814100147711487114638
1224920        4    142241392613826140391539216409157981506114681143651386713114
1225920        5    121221152111078108951093111208117631249213281136201363213532
1225920        5    132691282912492123801299913391133191318813010126521185510916
1226920        6    10044 9633 9425 9338 9383 9672103241100212069128981332213447
1226920        6    132991300412829129981426615452153621496914590140121318912122
1227920        7    113401091210708106451072510959114751204212932136071392614017
1227920        7    138031337713020131211438315677156551536614986143331329412204
1228920        1    113681097610772107011088611621130881464615680162611650116468
1228920        1    161971582615494153941629117005166161595015264142251283311434
1229920        2    10361 9866 9604 9531 966010408119721346314365148871496214945
1229920        2    148631467814485145631552616118156961508514446134741216510894
1230920        3     9827 9345 9083 8991 9170 9886114221300214047146921496014999
1230920        3    148961482114630146611553716000156451507014505135641234510998
1231920        4     9962 9429 9175 9063 9166 9826111821266113686143621466314632
1231920        4    143031391813572134011414614761142211338412573118261108610473
