 1 1930        5     9786 9260 8793 8532 8487 8704 9132 953810305111301181612239
 1 1930        5    123271212211935120371326014515144521416313812133101260411688
 1 2930        6    108021035110109100571011910453110211171712742136341399413940
 1 2930        6    136681320612904129621408515359152691486014407138451299212131
 1 3930        7    112851086310633104901059310826112131171212612133701377314035
 1 3930        7    140251375213507135291463715400151521463614041130661189110812
 1 4930        1    10008 9526 9330 9226 943310436126901439214786149741505814722
 1 4930        1    143581410213809136861466715776154831478814191132191175910354
 1 5930        2     9390 8968 8715 8648 8812 9761118971377514319145541474614756
 1 5930        2    145771434814073139401470915782155511498514388135051219010921
 1 6930        3     9939 9551 9396 9425 969110723130111486815275154711556015475
 1 6930        3    152121511514895149351578616677162551577015163141851274011367
 1 7930        4    1052510145 9943 99151010911182134361515315526155051537115200
 1 7930        4    148781468414438144181539416526163481588415321143261286311510
 1 8930        5    1056910167 9904 9806 999610970131711497615460155801557615500
 1 8930        5    152251509314899147831548316140157211518114609137521269611549
 1 9930        6    1070910160 9940 9887 996510385111681223213515145701510615200
 1 9930        6    149631461314349143201514816054158031521014589138921306712077
 110930        7    113991091210714106331068310947114291206313075138911437214569
 110930        7    145601425214039140531505416078159171547614974141101299411948
 111930        1    112801101510875108851112312176144301618816722168571697516879
 111930        1    166451648216249162251707017823174441682616083150231347312058
 112930        2    112221075310553104711067511678139201568616149162461625716161
 112930        2    159121585115680156491646417267168571626715602145061307011760
 113930        3    107671037410130100941030511335134651515815757160891629116415
 113930        3    162601612916005159661672017491170701647115695146101320411956
 114930        4    111371080310573106411091811924140431563116175163531650416473
 114930        4    162701608715875157811653017564173191678816137151331366312296
 115930        5    114261102310820108001100912019142041596416399165221647616313
 115930        5    160691588515578154401591316732164331581515255144301328412068
 116930        6    112691083410574105321057910990117551273413865144131441914104
 116930        6    136021318112928130191382915104149681441713939133411234911453
 117930        7    107661029410018 9923 995110095105241114112216130141336613510
 117930        7    134251306612722127321361614816146491425513747129811201211114
 118930        1    104841018710079101551044711417131641469015660161601633516292
 118930        1    159591563715364153231618517620174541694516377153661397612685
 119930        2    121961186711755117851207613197153251702717243170901688516720
 119930        2    163721614715926158731670218085179381739516832158481438313089
 120930        3    121341179311585115601181312785150581673316964168161650816081
 120930        3    155911549015141149641560116985168821632215788147631331111989
 121930        4    113271090110751107211108012177145711623216484163251608415721
 121930        4    152991505314858148881560216715165231600515357143861285711544
 122930        5    1056810138 9961 98771015311044131981505115577157631582215693
 122930        5    154981522414948147551513115753153821465614097132911215911027
 123930        6    10118 9596 9313 9152 9181 9563103041128912477133191355013480
 123930        6    130641263712280122121279914157141071358013062124181158210591
 124930        7     9903 9510 9258 9060 9168 9400 98241041511316119971221512261
 124930        7    1207811641113331135812177136631365713265127821195410894 9879
 125930        1     9236 9019 8979 9043 937510555129491473015227154461549115337
 125930        1    150781491614699145731530916740167201618315587145631317211927
 126930        2    110881077310628106511089312005143681606516325162061604115765
 126930        2    154221519214941148451551316953169251646715880149261343712128
 127930        3    112591089210702106711088111910142191594016309163201623516000
 127930        3    156541543715093149501543216756166811616915579145511312311760
 128930        4    109691059010439104531071211822142031585416148161091601815843
 128930        4    155131533315112150941560516859168471634615761147011322111871
 129930        5    109461046510252101401034511294134901525815709157231565815410
 129930        5    150641494514749147711530616669167481634715799153021406712938
 130930        6    120191157811347112221129611673124091333914471151381532115289
 130930        6    149261447714143140841462216037161741568315156144941359412692
 131930        7    119831143411175110641110611266116871229813420143311482115060
 131930        7    150841479614471142741461215713155471501114584139081297911978
 2 1930        1    112091082110673106481094312021143061608116778170131711417146
 2 1930        1    169351674316648165791728618646188531833217789167211525514003
 2 2930        2    131471271412557125431273613776160141754617836177431760817387
 2 2930        2    169411668016317161361656217911181351765517075160181450713071
 2 3930        3    121931178111623115931187912936152291675116978167631653416208
 2 3930        3    157881546115166149681537416653168491636215720146561318311801
 2 4930        4    108951051910329103281059311643140421570416060161821610115917
 2 4930        4    157081552315288151861567017017172651682416277152831392212556
 2 5930        5    117081134311143110701128512314145591608516277160911583915484
 2 5930        5    150451476614447142321451515535156381510314553137761264611625
 2 6930        6    107721035610309103361059311103120401321214680157001610216097
 2 6930        6    156951514814687144971494116412168011637215831152041433013527
 2 7930        7    128121243012242122161227912564130361363714523150761525015310
 2 7930        7    151011457014113139361451215888162191583315275143631320012074
 2 8930        1    113341100410811107491092511959142121581316232161091595015693
 2 8930        1    155191525214885147291512916498169131646615953149801361512436
 2 9930        2    116521136911293113391172312803152111679317027168941669916389
 2 9930        2    159761564115278151491558216890172271674816204152421379712450
 210930        3    115471117010965109191111812086143231594416160161021585815661
 210930        3    151711490314583143901475315914161501564815059141541269711448
 211930        4    106531052210331103181028011245134331516115627156941565215441
 211930        4    151951507214866147531515116324166561629215773148141347512224
 212930        5    113681099710823107581107112080142181592716574168031693516906
 212930        5    167401655416345161371622017072170441628115553145381319011996
 213930        6    110421062710323101191009410347109371178412993138981425914323
 213930        6    140281371913269131301347714495147871428913720130571219911332
 214930        7    1055710045 9820 9636 9711 9835102961090711907125661281112771
 214930        7    125361208511727116341213813528141841385213536129701215911289
 215930        1    106181038210336103621061711271125341369314545149291497814764
 215930        1    143081384313477133591378215082155811515214639137851258211569
 216930        2    107121040810259102261043411366132081482615641159371613216315
 216930        2    161941614615984158301620517003168661614615280141261268411380
 217930        3    1045610087 9903 97631008510939127841436015150154541546315362
 217930        3    150781485414621144941485415957164631608015459146311343612230
 218930        4    113441097610862108651115712150140111554316116161971605515844
 218930        4    155161534115139150001530816259167571632615849149491369812567
 219930        5    117181139411270112971159512571144121596216639168281676516530
 219930        5    160971579715427151311528316201167801636215906151981412513074
 220930        6    121861181811732116511180912228129101380414767152571520414915
 220930        6    143331377913359131961351014639153761499214537139371315912301
 221930        7    117151128211047110511116511438118511242613240137481398014010
 221930        7    139661372713516136221422715276156661519814632137401266511706
 222930        1    110061069310548105041077211731135491509315969163681651316543
 222930        1    163461620615901157651607916795170551648815819146931327511992
 223930        2    111151077610620105771083311821139691556716025161381616715898
 223930        2    155751542415125150011538416276167521640415817148811344012196
 224930        3    113861105510933109491126412367145071604016418163661631716097
 224930        3    158271565215383153301570916775174371716116669157001433413042
 225930        4    122191192611827118791222513315154401694017282172391710716839
 225930        4    164321616315856156171595516888177191738416922160221463513390
 226930        5    126211233512218122511254913601156421718617597175881738716979
 226930        5    164651605015604152261526016023167681641015922151701412213034
 227930        6    122041186311681116031168912112128321374514653151801522614955
 227930        6    144331392113510133901365914674154991506514615139541306612187
 228930        7    114781106310838108321093611135114941223013285138501410614096
 228930        7    138491334612980128851329214242152521497514544137031256511620
 3 1930        1    110131080010749108311114512294144141591916230162371607715734
 3 1930        1    152921503414670144541468915512163621601915481144531312111813
 3 2930        2    110411070110579106401091711937141491549715699155431538914970
 3 2930        2    148251453314242140701432215236159641562515022140361264111447
 3 3930        3    106201029010133101191035411397134891498115265150901493614692
 3 3930        3    143421414513918138101408514895157051536114842138961255611360
 3 4930        4    105271018710000100021022411294134241500815496155261551115402
 3 4930        4    152521518915078151221549116261165931623015440145321311311881
 3 5930        5    110671066410480104121064311563133291493715796161001635916413
 3 5930        5    162011602615777155961575616177164951595315336143501319512134
 3 6930        6    112421085810608105071057310903114371247713490141291425114055
 3 6930        6    134831292112459122911254913446143251395113402127581191211010
 3 7930        7    10282 9850 9637 9518 9573 9820100811071511493120271221612261
 3 7930        7    120331160211262111211148712373136121354013202124361141910502
 3 8930        1     9902 9647 9586 9622 991310960130361469615181151591505414841
 3 8930        1    145551434414103140401447215126156231521814603135291211510897
 3 9930        2    10083 9694 9509 9503 972110735128151448914969150261508915012
 3 9930        2    148331464814467143601472015360160071562014978139621260411321
 310930        3    1047710133 9995 99681026511330133351486015112150201483114677
 310930        3    145161438214204141861457615371160111566915116141021264211389
 311930        4    106021025310025 99921020311184130151456415048151361515315101
 311930        4    149231474914534144221461115109160741584715373144261312111911
 312930        5    111001073510597105761087211934139501549215903158761577415484
 312930        5    151821490114529142151427614802158101554215109143771331012229
 313930        6    113081085310589104971056410941114961277814101149201526615511
 313930        6    153691505414717145431468314940149091425413387125871172510848
 314930        7    10166 9843 9566 9558 9636 9818101281086811751123871265812945
 314930        7    130621295212796128251325314145153051514214598137211275212004
 315930        1    114251126211227113321169412726145571610416640168021675016537
 315930        1    161601583415464151371529615816168821673416229151521376912589
 316930        2    118121154811385113531158512567144241588116102159621577515541
 316930        2    151411488214581144261467515309161981590615316142911282911498
 317930        3    1060510208 9982 98661006211004129401451614961150161503615015
 317930        3    146971456414558145531486915334157401548814938141571293711810
 318930        4    111721097110902109491131912412143151592816461165751652016369
 318930        4    160371567515331151511523215797168821684416369155191417112941
 319930        5    122011193011845118631218713215151301656316768165511640115965
 319930        5    156031527314802145001443414781157851564415245145671350012501
 320930        6    116721129611107110621117211556121011312813964144291426913934
 320930        6    133351280912330121621237413020140561392413457128081196011047
 321930        7    10271 9909 9635 9505 9510 9654 99691086211874125901296413190
 321930        7    131061272512310121251232412884138241379313418126381155310664
 322930        1    10034 9770 9690 9712 999111024130331464214945149801490014720
 322930        1    144201418813886136711382914283153191520714775137501239311246
 323930        2    104701019710089100541040411389133631474715154150031486414466
 323930        2    141841393713801137791409814745152841503514519137421230711094
 324930        3    10314 9999 9868 97791010510915128211447815131155301573315701
 324930        3    156221547215244150621533815664161171581415150140761267111402
 325930        4    1055810163 9965 99041014911113131581484115301153131533215128
 325930        4    148191462314357141331423314551153321516614666136661225011001
 326930        5    10107 9739 9547 9438 977410565125161398114302142851411113938
 326930        5    136201343513267128301276812810135851356713091123581133710311
 327930        6     9509 9083 8871 8800 8888 9166 97991082111822123401235312116
 327930        6    1166611192108571066510831112641224112279117981113110293 9462
 328930        7     8778 8442 8172 8065 8095 8222 8556 941410430112831163811745
 328930        7    1168411425112441122911394122481284412846122991138410320 9489
 329930        1     8848 8581 8437 8478 8699 9649117811363214364146161475814744
 329930        1    145851457814349142881457514993153831508414429133311195110710
 330930        2     9855 9419 9192 9163 935410337123371416414690148001483514747
 330930        2    145441440314150139971416314440149521484914224132691181910584
 331930        3     9735 9333 9250 9207 950810351122781378714104141231405313877
 331930        3    136561351713320131361321713622144241445713991129731164110401
 4 1930        4     9614 9239 9073 9060 930710249125041437115126154471561015597
 4 1930        4    154591539515205150691532015609159061569015012139511254511278
 4 2930        5    1045710058 9823 98131006210956129771486015481157491580715737
 4 2930        5    154421532315121149121497515135154681517414562137171252511336
 4 3930        6    10396 9980 9706 9547 9624 9840104961162312790133701349813380
 4 3930        6    129881265112365123131260813121136931356613091124131158210647
 4 4930        7     9907 9478 9364 9249 9183 9282 9491 996410818116631221012402
 4 4930        7    124281216411869117071181312021118991237512928129321228810956
 4 5930        1     9861 9580 9450 9481 976110693127721453514956148611473514466
 4 5930        1    141181393613603132541318513192131771383214114133401210710856
 4 6930        2     9928 9167 8994 8943 920010153121601379714147141411401613796
 4 6930        2    134751331113070127941279212800128141346413710129041161210239
 4 7930        3     9474 9577 9373 9376 961910618126271428614605144991438114119
 4 7930        3    138091363213358131171301112939128091347613823130791179310462
 4 8930        4     9697 9384 9199 9198 942310454124921414614518144221428914012
 4 8930        4    136581351613243128981277312659126451325313456127281141810082
 4 9930        5     9204 8758 8514 8456 8631 9296106891219613003133371338413193
 4 9930        5    1287212631123221203112043120851206812463125931194210925 9830
 410930        6     8946 8534 8248 8102 8138 8376 8899 988311276122701261812606
 410930        6    1232211940116881152511701119341203412261121161153710646 9640
 411930        7     8752 8201 7915 7734 7696 7864 8240 907110195109901128811353
 411930        7    111731061710073 9851 9845 99401029911111115201097710105 9196
 412930        1     8535 8255 8125 8117 8343 9292113591327814185146031481814835
 412930        1    146941455014378142031433414471144201456414384134081196910636
 413930        2     9804 9398 9123 9072 922410148121031388014249146491474414571
 413930        2    142421408313861136271366613644135521381813934130861174210442
 414930        3     9562 9130 8899 8843 9072 9978118281359214079141841420313857
 414930        3    136921353613236129511291712819126881319713602128251146210146
 415930        4     9324 8925 8727 8652 8838 9679116231345714172143861444414301
 415930        4    140181386113641134451353413611136441386413815129431163210293
 416930        5     9440 8985 8738 8604 8760 9616114401322113938141381423714126
 416930        5    1390013641134171307512947128011265212875128781207811048 9888
 417930        6     8939 8413 8117 7938 7974 8241 8810 982311186121951256212537
 417930        6    1223511772113441102010924109791097911262116031110210297 9394
 418930        7     8725 8261 7991 7848 7811 7954 8224 8953 9981107731106411179
 418930        7    1109610745104221025210347104671056811163118921134510428 9471
 419930        1     8830 8549 8445 8421 8657 9500109941249413216135141361113488
 419930        1    1314512924126901247912494123981221812516130061216310888 9648
 420930        2     8821 8409 8206 8147 8305 9124106981246613233135441365813615
 420930        2    1343613372131971300512975127481243012709131471240211115 9785
 421930        3     8909 8506 8255 8160 8281 9082106651242513216135531370413674
 421930        3    1355313461133021307212998127971249612740131251234311107 9798
 422930        4     8915 8504 8241 8128 8264 9023106421253713527138641410214113
 422930        4    140041384413658135411352313649134771358213352124671134910066
 423930        5     9193 8379 8119 8017 8167 9011106771250113315137271386213770
 423930        5    1355013449131781292112893127941252912541127711211111087 9945
 424930        6     9523 9060 8758 8579 8642 8930 93991041611404119481200711767
 424930        6    1131410892105181028110310104721062311030114101086310039 9129
 425930        7     8374 7940 7670 7562 7554 7679 7860 8613 9548102461054910675
 425930        7    1056310259 9960 9820 99841018610277107351154710931 9894 8878
 426930        1     8199 7872 7730 7692 7860 8688106121254213361137211394513964
 426930        1    1384013791136851358013876140211382313745135761258611235 9982
 427930        2     9223 8882 8707 8674 8905 9862118791379614406145511449014323
 427930        2    140041384913577132161313312982126861285713601129201156310234
 428930        3     9430 9040 8868 8845 911310025119511357114005140041396413783
 428930        3    135341342013175128811280812648123831259813360126191134610044
 429930        4     9233 8844 8650 8642 8864 9732116461335713752138611380313687
 429930        4    1344513363131571287812794125421226812414131521241711102 9783
 430930        5     8876 8308 8069 8003 8176 9030109091268513266134151349113415
 430930        5    1318613104128881252812373120901179611826123401173210610 9445
 5 1930        6     8757 8223 7984 7821 7830 8100 8641 982310991116091169211541
 5 1930        6    1121110852106201048810545106191054810660113341090310007 9024
 5 2930        7     8261 7735 7475 7367 7347 7378 7624 8441 9445101241040310477
 5 2930        7    1037810100 9869 9816 99631017510220106361148910912 9801 8823
 5 3930        1     8159 7761 7666 7628 7842 8663106381251813315136091368213660
 5 3930        1    1348013408131911298912839127331236012428131521235410914 9560
 5 4930        2     8725 8042 7846 7771 7900 8748106881255313170133641343513404
 5 4930        2    1329313279131381294412882126751231412397129731224710780 9403
 5 5930        3     8562 8382 8145 8064 8205 9031109211282013496137851401414064
 5 5930        3    1396514017139001372913691134911315913195134801270011260 9840
 5 6930        4     8987 8482 8268 8144 8284 9076110511294613672140401432514267
 5 6930        4    1421914209140321381513679133461290212821134801280711401 9981
 5 7930        5     8997 8477 8212 8085 8177 8887107901263313423137501395113926
 5 7930        5    1379713686134841314312873125311215211988125161203110895 9656
 5 8930        6     8700 8189 7901 7752 7758 7936 8518 968910848115041164311504
 5 8930        6    1124610921106881058810645107381066810650112791099110087 9076
 5 9930        7     8242 7751 7489 7320 7282 7252 7533 8424 9476102301050310595
 5 9930        7    1058010379102121019410303103801036010590116291132710146 9017
 510930        1     8288 7892 7726 7647 7852 8583105271245513320137431401614074
 510930        1    1398113976137881356113537133231286512697133321255711090 9705
 511930        2     8823 8356 8180 8100 8242 8967109251278913599140701444214693
 511930        2    147731498915044148531482514465139471367313964132151169510189
 512930        3     9244 8704 8328 8109 8223 8957109781289113715141151432814417
 512930        3    143651443514344141851413613903133711317813649129111148210047
 513930        4     9083 8584 8336 8194 8349 9038108961278413478137621398413921
 513930        4    1380113701134501325713251130161263512514130761243911083 9712
 514930        5     8845 8385 8183 8071 8237 8946108221265613314136491378713727
 514930        5    1358613513133371305112818124351206111885124271199510857 9655
 515930        6     8705 8189 7976 7835 7870 8036 8617 979110885116081173911676
 515930        6    1137411076108081069110773108491081910821113061095610090 9100
 516930        7     8314 7817 7575 7375 7225 7188 7450 8274 9408103031068310892
 516930        7    10923106381040810307104591066210741110101166211139 9997 8912
 517930        1     8097 7734 7586 7471 7641 8385103691240113235136321383013870
 517930        1    1376813754136131338313333130961267412498130871243710962 9573
 518930        2     8699 8237 8036 7980 8137 8841107691268113357136381381813835
 518930        2    1368413666134861329713379133411315313001132151239510944 9596
 519930        3     8776 8340 8147 8059 8234 9019109551297213670139951414714146
 519930        3    1402113906137221358413691136291334613131132961250611149 9778
 520930        4     8892 8480 8254 8157 8243 9017109901295413680139121415214085
 520930        4    138931380013734135841363213634133991330213374124831116810046
 521930        5     9066 8586 8339 8215 8351 9077109551278813501137861390013872
 521930        5    1366713597134151311612889125641218111929123991206910979 9753
 522930        6     8798 8243 7986 7846 7847 7974 8577 968710901115921178311688
 522930        6    1142011119108871084710842109491084510752111211089810027 9085
 523930        7     8288 7795 7569 7418 7396 7323 7648 8442 9500102001046710567
 523930        7    104941021410000 9922100781026910258103681113011015 9836 8891
 524930        1     8136 7812 7678 7648 7839 8538105761258813429138741411914123
 524930        1    1409414088139161385013911137631328813143133481280111223 9739
 525930        2     8830 8389 8127 8023 8178 8927109381290213830143341472414881
 525930        2    149241502114927148141482314433138261348713990135031175310254
 526930        3     9267 8729 8515 8350 8481 9131110501289213660139931422714217
 526930        3    1409114071139191372413641133091288612603130381264211251 9820
 527930        4     8893 8400 8200 8082 8227 8945108481273413547138671401714031
 527930        4    1392213871137271350413419131551272212462129861264311225 9802
 528930        5     8912 8180 7964 7853 8016 8705106121266013484137871393013890
 528930        5    1376513664134151316213016127331231412001123901208410940 9592
 529930        6     8787 8237 7971 7784 7767 7847 8196 932810472112771149711469
 529930        6    11204108891058010403104431058510462103401079710764 9924 8907
 530930        7     8205 7702 7457 7296 7281 7158 7474 8220 9228 99591023210355
 530930        7    10242 9955 9692 9577 9666 9771 9688 96381020810312 9514 8611
 531930        1     7889 7470 7293 7164 7150 7106 7525 8342 9408102341057310726
 531930        1    10645103711014510094103881070110873110601133810774 9619 8657
 6 1930        2     8039 7722 7640 7603 7799 8615105601266913625140061426914303
 6 1930        2    1413014058138101358413517132721272512446127091238311086 9637
 6 2930        3     8859 8291 8104 8028 8187 8811107711266113361136291384013818
 6 2930        3    1373813699135801338713345131171267612396128361258011179 9816
 6 3930        4     8841 8313 8149 8098 8205 8850107731261913401137561406114076
 6 3930        4    1395513984138281363113613133081285912560129921273911357 9943
 6 4930        5     8923 8433 8233 8085 8206 8894107441269513554138531399114032
 6 4930        5    1390313846136851337713209128271231711986122311213311067 9852
 6 5930        6     8807 8285 8021 7826 7811 7842 8509 966810795115991184311850
 6 5930        6    1167111462111921105311074112541132111235113461096310081 9139
 6 6930        7     8317 7883 7586 7470 7380 7473 7647 8388 9425103391091411232
 6 6930        7    1128210992107001057710691108581091610894112461104610009 8965
 6 7930        1     8250 7909 7770 7700 7894 8581106301262613363137261399314044
 6 7930        1    1398014055139051377413767133921288212541129671270511330 9882
 6 8930        2     8887 8397 8181 8041 8183 8773107101262313498139191429914417
 6 8930        2    144171452614476144231430113962133961316713530130721161410165
 6 9930        3     9218 8763 8528 8423 8527 9208111611318314089145081482014917
 6 9930        3    149341515415160149471469814491138161347513708135231213610658
 610930        4     9628 9090 8825 8681 8795 9422115841361814784153931576715916
 610930        4    158041588315792156041552015037144191393614208140151259811033
 611930        5     9955 9360 9065 8899 8949 9451114441343914512151471533715338
 611930        5    151701514514921146811445114004134011296113069128451174310374
 612930        6     9330 8763 8368 8169 8137 8110 88451004811264120841243212384
 612930        6    1215311874116411153511600115671138511173113921141010552 9483
 613930        7     8649 8116 7805 7611 7539 7422 7748 8560 9577104591092311183
 613930        7    1126311168110391105511219112841121511258117601178510782 9583
 614930        1     8840 8383 8207 8122 8252 8838108811294914411151181553015801
 614930        1    159051608816092160431598715592149671438814409141851262911055
 615930        2     9964 9354 9061 8850 8924 9396113481333714435150931553015766
 615930        2    157451586215843157041554115048143261385114084138141233910849
 616930        3     9794 9301 9028 8894 8979 9547114471347514563151511552115625
 616930        3    155671559515531153371519514830141671369313863137761236210823
 617930        4     9763 9148 8862 8688 8781 9273111411310814127147591514615303
 617930        4    152711542415428153301525014847142731381713939138701244910912
 618930        5     9883 9358 9059 8877 8956 9399112461334714631154931610516439
 618930        5    166081688416921168051664816102154831499215103147471348512096
 619930        6    1091810231 9798 9560 9491 9603101931140512911141791487915128
 619930        6    150181478314571143501419513965135731321913336132131220011036
 620930        7    10084 9396 8984 8722 8601 8489 8719 951310493113271180512062
 620930        7    1214211923116491152611592116311156011548119761184110874 9851
 621930        1     9090 8617 8495 8420 8615 9338111681330214489152361572415877
 621930        1    160401632616406165001653516174156561526715160144011274511154
 622930        2    10311 9898 9641 9525 968310237119151387915081157781624816273
 622930        2    162511634116338161771598215493146531390113814135561214310720
 623930        3     9676 9110 8835 8695 8799 9260109271281313829143621463414803
 623930        3    147651481014748145881455014251136201311213224131911184810377
 624930        4     9364 8821 8555 8411 8542 9032106861264213762144711493815116
 624930        4    151461525415238151421509814728141081362513690135981221010706
 625930        5     9675 9102 8790 8631 8686 9184107911279014097149921554115813
 625930        5    159231608716122159811585615375146341396113844137261245611061
 626930        6     9934 9254 8849 8628 8560 8616 92751056712009130901372713964
 626930        6    139601389313833138931401513921136441328313387133471244111314
 627930        7    10295 9604 9223 8932 8807 8677 8950 972310635114081189312206
 627930        7    122751211511977119781212612264121201204812490126501174110582
 628930        1     9743 9259 9071 8921 9100 9646113771357915135162471697617412
 628930        1    175601773717624173361712816720160121549615556152541367012076
 629930        2    1088010220 9894 9675 975110283118991384314995156701602016195
 629930        2    162331635216339163121618215799150761449514588144361299311430
 630930        3    10322 9734 9407 9229 9333 9909114651342114661154941600216321
 630930        3    163451644116446163031610215634149181439214537143221296211430
 7 1930        4    10318 9723 9378 9176 9242 9685113131329914581152331577215916
 7 1930        4    159631601015924157161556015089144311384313841136681230410740
 7 2930        5     9652 9056 8768 8565 8629 9039105131233213582142391461514666
 7 2930        5    145831448214187138131358913279128811256612682124291135210183
 7 3930        6     9206 8640 8318 8080 8044 8167 8563 951810734117711229112448
 7 3930        6    123101198511726115411156911655115951147211604116631092410115
 7 4930        7     9186 8638 8255 8061 7962 7795 8108 902310258112601191912238
 7 4930        7    122671206211949119261210412259120051176511807118701132410505
 7 5930        1     9508 8835 8496 8241 8163 8051 8551 953410748118461251412876
 7 5930        1    128921277212666127021299213141129331261112730128341177210391
 7 6930        2     9460 8945 8673 8539 8609 9034106171277214316154261622416738
 7 6930        2    170001729617432174771747417130164531590615876157341418212380
 7 7930        3    113351037210156100941025810889123831436816054172201814918752
 7 7930        3    190981922819341192261904718372177501717217132168151532813692
 7 8930        4    124241175911393110891114611546131161527716943181201880219169
 7 8930        4    193351954319570194181928618814180671713516917165261512613528
 7 9930        5    122241161711179109141103011411128761506816687179001844918963
 7 9930        5    191291932119344192751908218637180081737017284169771547414148
 710930        6    128251197711458110861093610840115321292114695161631704517587
 710930        6    175941743217299170441685216547162541593015824157881469713234
 711930        7    12009111171056610138 9868 9583 98061074011944130371370614283
 711930        7    144761437614371144411468814847147071446014616148211376812266
 712930        1    112381062910282100811010910541120981421715808169411733317621
 712930        1    175361746917360172431732317178167041610016071159411436012619
 713930        2    113541062110229 99971001010343118471381115156159831648516770
 713930        2    169261714117199171901731216951165021574815685154721402312314
 714930        3    1103910333 9908 9669 970210100115401345914834156981634016672
 714930        3    169131715317290172771723116870162401581416036156871426612779
 715930        4    116891107710759105841069211219126521456015823166001707117203
 715930        4    171591720117107169951687816419157351504114910147191325911731
 716930        5    10547 9903 9501 9255 9275 9698111041304114387151401560615788
 716930        5    156541569315587153861510314668140451354213612133731221210933
 717930        6     9888 9244 8843 8606 8506 8512 90031011211351122671271212752
 717930        6    126151241412190120841211512150119711172411899119521110010061
 718930        7     9242 8665 8308 8086 8015 7894 8119 895210062109761155011871
 718930        7    120041188511780118231206512273121781197912364124641150710365
 719930        1     9535 9070 8853 8774 8937 9447110291304114389152981580015985
 719930        1    158811578315544152621508314761142281380013811132201189210568
 720930        2     9648 9175 8899 8844 8963 9643110731297514167148751532015566
 720930        2    156241571315696156461566315451149161438814594143361292311461
 721930        3    10333 9706 9370 9159 9209 9724111681309714369151001564915917
 721930        3    160031608516043159501595315540147451410414127138371244311019
 722930        4     9914 9291 8979 8835 8918 9388108441276814015147821522115387
 722930        4    153741541115356151961504814761142121375813910135651230510895
 723930        5     9867 9275 8932 8781 8864 9370108151274113960147241517315285
 723930        5    152591531615125148541464014272137131326613400131911205510709
 724930        6     9684 9085 8722 8464 8401 8457 89831017511537125491308313220
 724930        6    130441275112622125441264212698125281232512567125191160410516
 725930        7     9571 8919 8545 8285 8170 8088 8281 908810228111191173312030
 725930        7    1216411984118291178411921119821178111567120501195610946 9830
 726930        1     9046 8636 8422 8327 8508 9069105321247113780145211500315190
 726930        1    151461514515020148101466014277136441324313475129831163910323
 727930        2     9363 8857 8596 8525 8666 9381108291266313947146361492815168
 727930        2    150761504614917147641479614651142761393414025134671220810923
 728930        3     9926 9379 9118 8992 9097 9708112101324314659155651617616574
 728930        3    168461706517135171661715716876162561569815885155171406612429
 729930        4    112681059910218 99821003910561120561400715293161631668917050
 729930        4    171831738717511174241741217127165981607816178155651405812480
 730930        5    113201058310156 9891 989810440117961374315166161421680117151
 730930        5    172461736617221169181662616043153071465514654141851297111540
 731930        6    10419 9757 9305 9079 8974 9055 95121073412134132791388714056
 731930        6    139271377113554134671348913527133291300513297131081215111048
 8 1930        7     9978 9362 8987 8704 8596 8502 8699 954010709118411253513086
 8 1930        7    133521328613231132741347213543133491316213712135691249211274
 8 2930        1    10361 9869 9605 9511 965510301117731386315317163261705017562
 8 2930        1    178651814518141180151790517532168041625216263155271401412421
 8 3930        2    111941071610366101751025210881123271437815917169681770318128
 8 3930        2    183541857518586184871837017943172401679517008164161480213041
 8 4930        3    118161113110735104501043110971123711430915654165851729417738
 8 4930        3    179701823418229181331806517677170001635716117152631374912154
 8 5930        4    1088610244 9841 9571 962110071114281334314590153551574915919
 8 5930        4    158321591115778155711539514996142971379314074135641218610749
 8 6930        5     9675 9077 8773 8602 8688 9227105771237813519142621472714884
 8 6930        5    148781483114654143461405513683132291287913166125831148210320
 8 7930        6     8927 8693 8500 8291 8226 8421 91421009011091121091260012726
 8 7930        6    1254512313120931192011943119371179511642120691170910793 9773
 8 8930        7     8946 8393 8095 7916 7855 7887 8022 8662 9795107501134111700
 8 8930        7    118531170811559115301166711770116561159312300120351103710095
 8 9930        1     9185 8740 8545 8450 8561 9262106631255013911147191529315581
 8 9930        1    156671577815699154741538415036144121394814343136671217510736
 810930        2     9768 9204 8921 8779 8877 9499109191282914112149131539215710
 810930        2    157671586715879157431568115254145751412014402137751233910845
 811930        3     9806 9224 8941 8784 8875 9508108541272513977148261535415605
 811930        3    156391574815638153721528914899142691388814223135931243811175
 812930        4    10172 9584 9314 9201 9295 9899111961295714144148041520115540
 812930        4    155891558715479152231512214762141181388514229135441220410840
 813930        5     9842 9273 9018 8856 8973 9604110361295014292150501549015671
 813930        5    156561579715774155171529014809141861384814034134701236211036
 814930        6    10021 9375 9001 8760 8705 8942 93621047111819129401360313799
 814930        6    137601361813498134681353113503131901302313385128981186110677
 815930        7     9749 9217 8829 8584 8473 8441 8566 936310555116151234412832
 815930        7    131301309013007130001319913169128751284213529131621203710902
 816930        1    10014 9482 9240 9123 9243 9980114051344114829158041631816711
 816930        1    167551688016703164281621215848152951504915176142671282211446
 817930        2    10421 9846 9605 9463 960910337119371371415019157721624916347
 817930        2    164091639316191159141585815612150411490614895140811271611327
 818930        3    10381 9798 9480 9349 943310146116631353114758155381592916016
 818930        3    159061582915736155941547615137146021428014672139331253011096
 819930        4    10095 9490 9237 9070 9212 9898113641320114467151391558715837
 819930        4    159161608616097159141580015350147691445714850140711269611249
 820930        5    10185 9574 9253 9104 9195 9881112261313014529153711607916455
 820930        5    165061648016324160201581315352148651464114752140551288411625
 821930        6    10565 9896 9506 9209 9096 9274 96451078812131130681345913400
 821930        6    1306012767124791230912317122621204711907123191168510693 9668
 822930        7     8827 8248 7939 7747 7692 7750 7819 8527 9568104011091111097
 822930        7    1121911033108811087011062112261116911384120341144210437 9461
 823930        1     8715 8330 8112 8061 8339 8830103081217813561144311506715372
 823930        1    154151552915574154681544115062145241431614690138041230010951
 824930        2     9954 9434 9204 9008 9181 9950113621330514605154891605516433
 824930        2    165761686016867167221663616158154431530115434144551301611567
 825930        3    10552 9960 9723 9524 964610398119791390115350164471734217841
 825930        3    181961849118552185461857818211176361731217635166311493913179
 826930        4    119311115310749104011041711072124461446415977171661801218476
 826930        4    187361907119117190271903518668179861762517886168501506213484
 827930        5    121861136810930106421067811241125261448116130173671827518756
 827930        5    189101920319255191091895918400177471745717525166731524913736
 828930        6    124831177711152108911080110972112971252714182156561659316977
 828930        6    170861695016755161661551915212148381475815089143941327812058
 829930        7    10911 9994 9661 9292 9130 9095 9164 995611116118641233112672
 829930        7    127891266412574126461276212895127591292113308124961160010544
 830930        1     9663 9197 8993 8901 9121 9903114871321914604154931603216274
 830930        1    164251652016484163401627515908152471524415402143781293311223
 831930        2    10515 9955 9695 9553 972610523122051399715344162571693117278
 831930        2    174381760417635175031731116714160451602616208151431366112209
 9 1930        3    111821064310336101941026711082128651471615926168601746117705
 9 1930        3    175891744717121166101642015926153261540815133141801263911191
 9 2930        4    10149 9600 9302 9119 927710039117181349014501151671564415741
 9 2930        4    156531577815725155651540515123144701474214715137861228610985
 9 3930        5     9941 9599 9272 9169 936810262121861418615502164151702017507
 9 3930        5    177671816818180181341793617570170331713716950160651462112999
 9 4930        6    117471100310577102831019810362107361158712828137501419614118
 9 4930        6    137681330012823125201244712474123771268412726120611109510104
 9 5930        7     9302 8750 8413 8186 8099 8183 8302 894610099109701161011959
 9 5930        7    1213312037118921187111970120171185412188124581187411000 9997
 9 6930        1     9122 8560 8276 8074 8007 8175 8328 900110126112781195812332
 9 6930        1    123981226812174121641241612601125231308613305124701124310076
 9 7930        2     9299 8876 8693 8580 8732 9618114791338714384150591543415652
 9 7930        2    156691571915510152151511814879145971469314363132461176910364
 9 8930        3     9449 8978 8731 8643 8773 9630116651339714175147111493414971
 9 8930        3    148671482614689145931467114564142941445114056129431152610188
 9 9930        4     9289 8825 8625 8530 8668 9537116001334014178146771492115102
 9 9930        4    150841520415190150211498614749144621490214750137161224210902
 910930        5     9940 9485 9238 9132 925210067121471394414905153981566315577
 910930        5    154181533515212150111478814349139291406013778127571154110245
 911930        6     9284 8669 8310 8112 8107 8343 8831 989611131119631226312185
 911930        6    1189011574112641109511112111831120711697116431099210093 9141
 912930        7     8354 7862 7574 7419 7371 7536 7740 8418 9439102341064110863
 912930        7    10898107111052910431106621092911107119131186511066 9964 8949
 913930        1     8342 8004 7888 7804 8030 8958110221285713817144041483214962
 913930        1    150251521815219151421515214827144301491314694135821202610684
 914930        2     9671 9157 8906 8747 8919 9776117591354214486151171559115933
 914930        2    159761622616272161741611715794152321573215468143251271211248
 915930        3    10228 9702 9412 9261 941610304123311409615124158191638716742
 915930        3    169291728517471174901751317129166721699816491152551356111925
 916930        4    1077910088 9644 9339 935210042118591345214175145131465914604
 916930        4    1442114299140781388813879138011376514128136541261811271 9968
 917930        5     9065 8608 8373 8293 8454 9297113811307713886142521439614440
 917930        5    1418814145139771376813661134891341513571131601227711112 9949
 918930        6     9026 8514 8201 8029 8035 8355 8983 998111225121991251612544
 918930        6    1232511962116371151111625118411185212319119651127510376 9419
 919930        7     8654 8094 7757 7571 7557 7699 7950 8596 9636104401084311040
 919930        7    11035107501047710385105531080711112119901177410994 9887 8951
 920930        1     8262 7949 7817 7813 8035 8989111691292013485136811393013917
 920930        1    1375513723135891346513499134441355714159136541262611180 9795
 921930        2     8889 8434 8266 8176 8373 9241113611309113749140371421614211
 921930        2    1408713969138571373913971140741413414257136651268611180 9855
 922930        3     8957 8518 8291 8178 8340 9077114411324113903142441431814361
 922930        3    1417914250140961402514120141031391014286137311269311274 9902
 923930        4     8996 8561 8354 8264 8425 9305113841308413793140601427514328
 923930        4    1422314248141231406414234141991432014449138961280011376 9986
 924930        5     9087 8590 8378 8225 8403 9238112151286813564139021400513888
 924930        5    1378813725135291329013146129001288113342128691208910948 9779
 925930        6     8846 8336 8121 7935 8021 8346 8995 999911214119041204911924
 925930        6    1160911330110421085210900110961160912160117211103410086 9157
 926930        7     8382 7896 7640 7475 7451 7611 8000 8685 9857108681153111917
 926930        7    1200411774115571142211652118921222612571121561132110231 9240
 927930        1     8541 8199 8057 7984 8206 9152113021308613945144251485914934
 927930        1    149451501914971149121508115138151911501614383132021168210374
 928930        2     9403 8884 8621 8431 8555 9364114281302713639139621414614168
 928930        2    1411614048139391374013728136081371814223136751265911204 9890
 929930        3     9014 8531 8316 8236 8377 9277114051303213600138171397413936
 929930        3    1382113790136061345713486134271364814136136351269011276 9915
 930930        4     9014 8568 8405 8325 8530 9508116631325513737139141396913831
 930930        4    137091361213439132531327713350137991425113751128011142210123
10 1930        5     9239 8812 8627 8542 8792 9761119311354513993140521405713862
10 1930        5    1360313498132191295412816127531314913499130551221411117 9960
10 2930        6     9054 8560 8277 8108 8123 8464 90841008511211119281207411931
10 2930        6    1162611233109721080210909111511176712175117441106510177 9257
10 3930        7     8485 7976 7704 7534 7513 7646 8057 8661 9765106341109611339
10 3930        7    1125410948106691065710747111421174812317119511116810146 9155
10 4930        1     8444 8095 7982 7991 8190 9142113061300313609138571398313959
10 4930        1    1384213769136211345213466135281385314179136541254111118 9808
10 5930        2     8900 8416 8240 8125 8304 9237113981302113525137631387913790
10 5930        2    1370813622134791329613411135151394514215137431273711301 9975
10 6930        3     9128 8715 8545 8526 8740 9776120181361113990140561409013924
10 6930        3    1368513655134611328413291133491383614186136801264311177 9896
10 7930        4     8983 8549 8371 8269 8464 9341114831306113616138291394413934
10 7930        4    1391313972138601366613517134501393014284137641263811258 9914
10 8930        5     8961 8531 8274 8203 8340 9156112571290013597139221419814295
10 8930        5    1417014231139991367213410132501365313683130621225211065 9857
10 9930        6     8945 8398 8082 7940 7910 8289 8930 989311155119151219312067
10 9930        6    1182011494111881106711163115041230012399119001109510375 9342
1010930        7     8457 7930 7642 7508 7511 7690 8124 8805 9967106931101911079
1010930        7    1098110616102351011510344108191179512101117871126310437 9580
1011930        1     8894 8508 8386 8405 8588 9235105331179212843133571347713328
1011930        1    129891266212345122171239712766136861398213460125091124510063
1012930        2     9278 8857 8729 8698 8916 9938122301409614677148481498814943
1012930        2    148221471314567145111476315114153511505614270131971172310365
1013930        3     9387 8969 8784 8687 8868 9836120761364914068141321419514090
1013930        3    138761376513510133211339713618144481463814184132191189410527
1014930        4     9679 9282 9156 9157 936810430128021439014738146631455014271
1014930        4    139381380613554134161353813898146531458314049129891160510227
1015930        5     9339 8932 8680 8619 8801 9724118741374414361145231455314462
1015930        5    142121404113773134331339613421139861385613285124571136010113
1016930        6     9241 8702 8454 8306 8358 8687 94311046711608123301254012359
1016930        6    1195611499111061091211027114191237012347118831124610347 9429
1017930        7     8635 8109 7844 7664 7638 7797 8138 8815 9855107721129511549
1017930        7    1158411327110351092611208117281252812482119981118110126 9181
1018930        1     8460 8025 7877 7868 8060 9046112421298213602139121410614041
1018930        1    1390513817136241341713405135681435114244136441251011101 9827
1019930        2     8954 8548 8339 8269 8498 9507118691348313923139831399713860
1019930        2    1368413615133981320813296135591441514368137421266411247 9898
1020930        3     9098 8668 8451 8394 8537 9505117431363514173143951450614475
1020930        3    143271422714020139311415814554149411457513941129061153210206
1021930        4     9324 8859 8634 8530 8703 9664119161382514368146261470014643
1021930        4    144761435414200140841428314722150381465013985128561145210131
1022930        5     9191 8721 8544 8430 8614 9500117761346014028140851411113948
1022930        5    136861356913279129581289212996138681356913127123921131410158
1023930        6     9278 8795 8546 8428 8498 8896 96881066711759124041253812291
1023930        6    1190211458110831094111079116131262712554121481155110781 9948
1024930        7     9170 8699 8449 8340 8322 8583 9025 964010599111741133911361
1024930        7    1120510791104591036510618112721244312463120111119810090 9130
1025930        1     8443 8110 7994 7973 8227 9209115921333013846140321408714014
1025930        1    138561374713538133501337313712145891435613725127161132510002
1026930        2     9151 8766 8626 8537 8729 9778121551390714255142711428014193
1026930        2    140091394313775137251395914532151751481714146130771163210317
1027930        3     9392 8958 8747 8666 8849 9795120331396114504147111483814697
1027930        3    145391435814139139661418114562150831466813970129781158610214
1028930        4     9367 8897 8691 8607 8763 9756120561381414201143201437114254
1028930        4    140121386213577133981343313911148351456214015130721175810442
1029930        5     9597 9208 9054 8998 920010104123811414214463144071419914021
1029930        5    137281353313277129601296613319140301361513053121511112410062
1030930        6     9173 8696 8443 8273 8330 8651 93581027111542124111261212602
1030930        6    1236712130119251191212328128971312712632121611147810774 9983
1031930        7     9253 8596 8270 8265 8329 8613 91641018811447122121238112506
1031930        7    1243712169118491274613353134831282412320120741116910328 9371
11 1930        1     9002 8734 8581 8588 8865 9903121971395714626149081507115014
11 1930        1    148151474714597146181531416325160731547314768136831218510886
11 2930        2    10088 9710 9533 9500 978610883129891439814761147591471514522
11 2930        2    142181407813835137451451915902157941533114674136161220010935
11 3930        3    10110 9712 9507 9491 977310850130731450714816148301496714867
11 3930        3    146781463014527146041543416204158361511514374132431176910579
11 4930        4     9722 9359 9186 9170 941710455126521411714439144371434814162
11 4930        4    139321381913593136171440515537153581481814180130801169410360
11 5930        5     9536 9095 8897 8879 902210045122851398314488146331473514727
11 5930        5    145611449014363143321480315181146251392513331123961122310137
11 6930        6     9153 8644 8344 8192 8253 8600 92261033211453120611216712061
11 6930        6    1181411634114951172812672134091308912599119781141310648 9797
11 7930        7     9123 8663 8415 8319 8356 8602 9051 983810957116791193211895
11 7930        7    116851128910984111141229013974138011344812977121931121310350
11 8930        1     9658 9398 9337 9398 975810850131261472115081150691499814761
11 8930        1    144461423513972139491489616184159411543114822137401229111136
11 9930        2    10266 9935 9765 97501001911107132721472214918147811465814531
11 9930        2    142971415213962139411483116032157651519214619135521225111002
1110930        3    1067210212 9997 99471014111112132351471114934147931454814393
1110930        3    140391387313658135911444215650153701484514272133821212010905
1111930        4     9605 9328 9202 9246 954910395119381319513988141271406013911
1111930        4    135901335713135131361414515284150331450013830128421158510336
1112930        5     9511 9102 8880 8795 9000 9925120041372114283143071424714077
1112930        5    138891371513484133891412415108147961422413729129431190710826
1113930        6     9981 9610 9431 9361 9505 9967106551167612703132901335113125
1113930        6    1281112553123851253013424140361367913061124851175010849 9891
1114930        7     9120 8591 8273 8103 8096 8299 8606 921410100107081094511102
1114930        7    1104010806106841089112161131041286912419119051106810107 9138
1115930        1     8498 8157 8024 8002 8219 9167113121302013677139521421514237
1115930        1    1412514004136811368514498154171500214372136651259011060 9923
1116930        2     9056 8640 8439 8375 8599 9550117191335413738138571389913853
1116930        2    136301358713328134151437315456151171462013922129531156310321
1117930        3     9642 9228 9058 9064 932710338125301405414407144261446914462
1117930        3    144311450614477146841556915976155601493314210131371170310378
1118930        4     9471 9055 8820 8760 904810017122101371614114141701417514090
1118930        4    138651376213571135651456615658154391503014486135221218610975
1119930        5    10116 9725 9580 9517 982210811129551462415114151431519215123
1119930        5    149811490514766148191552315725151951447213763128591171210537
1120930        6     9628 9132 8828 8643 8695 9132 97841099412063128201313513107
1120930        6    127311238312135121951329414422142831377213216125981174410876
1121930        7    10038 9527 9338 9213 9293 9506 99391056311456120741227712274
1121930        7    121211180211530116201299714266141281376713188123761129810319
1122930        1     9582 9267 9133 9146 941910419126591423214642145811447614302
1122930        1    140161392713710136581471515699154611493914367133661197810713
1123930        2     9818 9454 9294 9249 951810526127921430314626145601445814295
1123930        2    141291412814006141441515015912156041507914492134771206810741
1124930        3     9796 9380 9131 9073 928010268123371402714677147611479614601
1124930        3    143701432414156140991494315562152751475814291134111229311005
1125930        4    10019 9536 9303 9251 9375 9836105651156412733134111360913467
1125930        4    128701190911104108371148212312123651239912252121241171510819
1126930        5    10209 9932 9818 9829 999710569115061250313366136861359013330
1126930        5    129141250112219123321358114482142041374613276126511169010770
1127930        6     9965 9528 9279 9160 9225 9560101441097512077126951279512674
1127930        6    1236812009118091192913008138031350613009124471182010920 9946
1128930        7     9114 8575 8256 8089 8073 8247 8671 923110308112831191312345
1128930        7    1252112353121411223413025135041325912811121871136010316 9472
1129930        1     8800 8515 8396 8487 8818 9980123171403214535145501455614451
1129930        1    141951406713878139311512316194158841535514738137841231610924
1130930        2    10021 9638 9452 9430 967310764129691454914798148541479314662
1130930        2    144631439214253143031557116689164321592815373144461304811586
12 1930        3    107261036210169101491043711555138661543615676155421531515026
12 1930        3    147131457414362144831578616815165771609715505145441308111637
12 2930        4    107451032710129100881036011410136811525915668155731553615329
12 2930        4    150851491214705147441586716590162801576915142141521269811263
12 3930        5    10343 9815 9568 9498 968010566127691443114812147731458814338
12 3930        5    139891393213660136061466515423150581449414028133011224211001
12 4930        6    10056 9540 9229 9135 9201 9622105211160412697133681337113126
12 4930        6    128211252212429126991397614487141051356513051123071123810334
12 5930        7     9566 8987 8650 8477 8454 8638 9056 982410990120761271713108
12 5930        7    132611305712817128461390614603144521410613616127141153810457
12 6930        1     9643 9267 9188 9192 947310564128801454114986149891485514718
12 6930        1    144461430914103141871551716534162111573615109140821258311107
12 7930        2    10114 9662 9438 9389 962810623129091451814881147991471014607
12 7930        2    143881428214146142361546216473162001571915130141781270311241
12 8930        3    10265 9835 9595 9561 981710777130381484415343153481523015060
12 8930        3    148111465714511145791580716731164781601315466145111308611634
12 9930        4    106911030710116101171039011473138431543915691154951527214974
12 9930        4    146091436314258144371583616691164411594415371143801290011405
1210930        5    10423 9970 9714 9636 987510804131031472115045150151494514834
1210930        5    145811454914404145271549815869153871471514123133681215310860
1211930        6     9826 9220 8850 8701 8720 9067 97891087312176131031347213570
1211930        6    133711319913098133051451015235150661461814125136071256811396
1212930        7    1063910136 9960 9894 997210133105661116012248128801319413200
1212930        7    132891284912541128441438115596155861535114847139351280911606
1213930        1    107831042410259102931054711626140151569616081160741602215810
1213930        1    156101539615149152731649317373170491654315880147511322711644
1214930        2    1054210029 9798 9707 993510911131991497015389153641533115291
1214930        2    150841501614849149751613916847164641590815319142921280611266
1215930        3    10190 9702 9443 9348 954710563127991445714997150611513015036
1215930        3    148251470714604147571578616468161441576115305143661280011204
1216930        4    10169 9673 9428 9354 965710660129421481015365154501550015309
1216930        4    150351495414801149321607717148169141650116001150961372212147
1217930        5    111111064010424103971067011694139661564616012158541567715347
1217930        5    149321467114344143281543016593163911587215383146781364812348
1218930        6    112681069710400102571036510803115971267813876145081443714119
1218930        6    136821333413064132251447615356150471451913930133341241711306
1219930        7    10391 9737 9359 9175 9157 9387 98041058711779127781336513677
1219930        7    137261354713317134231451415417152801499514569137371249211229
1220930        1    10326 9900 9766 97411002711060133491507415621157401577315588
1220930        1    153211511814850149121613417194168321636815896149171353311912
1221930        2    1069110125 9846 9756 994810945130661499915647158381590515900
1221930        2    156701541715223152151613616815165581606315493146121322811690
1222930        3    10519 9977 9736 9676 990910938131591485315324153701534915168
1222930        3    148541468214474145411572016768166551624215749149691367112110
1223930        4    109301017810122100611048311179130651471715422155431538715124
1223930        4    146991442814262142921551816486163711596115578148881374212405
1224930        5    113341076810505104281058811005119551301214075146061463814494
1224930        5    141941390013793138971489415417147281385913482131291260311833
1225930        6    1089710202 9713 9481 9444 9684102141102911943123671244212495
1225930        6    123591190111471113231208112751128171284812816125261186010919
1226930        7    10148 9695 9508 9450 9591 9841103731105112013129521360013949
1226930        7    139951381113694138511510916353164021612415750150461410113039
1227930        1    122591191711809118011209312842142901572716781173161744517333
1227930        1    169831664216381164291753518613184121792617391164841510313758
1228930        2    127501229512074120751228413027145591602016873172051719017005
1228930        2    167081645316227162701735418280180361749816934160681472513414
1229930        3    125301213112005120231229313124147701623617033173231729517014
1229930        3    167251631416249163691744318288180651747116853157851435413003
1230930        4    120301156911333112961148212177135921480415598160341624316201
1230930        4    159641569415439154391647917618173671686316283153741413712964
1231930        5    119571147711262112141133011830128231374914697152001523915076
1231930        5    147011426214001140461515216282158661507414396137411308812440
