 1 1940        6    118271124610809105111047410622109911125411945126061299813103
 1 1940        6    129251258012260123921347414493143101384713368127421186110890
 1 2940        7    10062 9559 9291 9157 9176 9369 97911038711338119981231012423
 1 2940        7    123621211112009121161325614608146271430113926131171210811120
 1 3940        1    103961011610056101371040111406136601537715953162081625316234
 1 3940        1    161181606015919160271715617867173971701216386153161385012565
 1 4940        2    118191143411258112481149112329139531536416222168631726817345
 1 4940        2    171891691916612164791728317982174171679716009148661351712286
 1 5940        3    114761115911032110831145712442147121623916496165711651416337
 1 5940        3    160791593815795158881684418036179991754616993160171464413331
 1 6940        4    125561220312079120921227113365156141716517458174841753217335
 1 6940        4    171081701716850168051768418658185161803717458163311484613491
 1 7940        5    125701215912036119441223713077150001646117033174571774017802
 1 7940        5    176631739316913165701712517898174831675615981150251389712737
 1 8940        6    118761146411218111021115311390119831276413830148291546015620
 1 8940        6    154211492714536143191514716502163111576315082143541348312510
 1 9940        7    118221129211134110461117211370117991240413293139551430114404
 1 9940        7    142591389313654137441487316406164061607015549147701373812765
 110940        1    120671188312185122861245813253156341701017330173771757717349
 110940        1    170461679916505164451720418668185501808717502162941481313735
 111940        2    129461265012474124701276613822161071773817956179431784517558
 111940        2    172211699116747166181731218146178171727416633155911410512817
 112940        3    118611151811305113441153412496148111642516714167431667916587
 112940        3    163951625216109161241686917783175991707916311151501363012313
 113940        4    114301102610815107681099211947141811573016169163001617015885
 113940        4    155201527815093150871583917006168251636115685147711332412010
 114940        5    111081070010481104081062211574138701554115972161001619116144
 114940        5    159351583115616154671605416879166171608015485146961363812583
 115940        6    118021138311206112011136811837126431362814765155151582715766
 115940        6    154741515214926149811587817278172261683016332157591491914077
 116940        7    133711296312818127191280013085135801417915138159171625616406
 116940        7    163431588215517155301641317935178781741716948161501515914157
 117940        1    133781299512907128211299813735152081662617494180981844018452
 117940        1    182611798317613173301782118479179451707116287149971352512227
 118940        2    112961090510701106231079111621133211485515529158671602716167
 118940        2    160811599915902160161687618268183091796117502165201518014037
 119940        3    132151313912929130271332814423166431820018493185511846518308
 119940        3    179921771217504174421811019502195281915418543175161629315122
 120940        4    140811373013582135911379714810169921849618867188161860618354
 120940        4    179521758517288171811787019250192641891318430174261602714717
 121940        5    138671360213451134651375014822170041846718766186231835817978
 121940        5    174791717516948168481729818332181951765216993161961501613848
 122940        6    129621250812304121381218112531132681416715295158721602715737
 122940        6    151891474014508145511524416618166191619615694150241416713329
 123940        7    125601220712019119281197112164126291323214309151071547415668
 123940        7    157091542715185152351597816914168091633015726147401353612515
 124940        1    117291139211222111721137512312146091616016500165881652216227
 124940        1    158961567515390152851593117123170621651215924147981332712044
 125940        2    111161076810600106241090711986143481590516206163231632416217
 125940        2    160111583215631156411634617536173751691316294153271396912609
 126940        3    118381156911502116031195213082153741689217476177881795017894
 126940        3    176371729617209177141800918677190311852217669170421590414671
 127940        4    139091364613562136141386414992172721871118998188731862618243
 127940        4    177971752217238171991776418868187741830017646165151502613647
 128940        5    127491230712067119751211512954146311602216681169681711217050
 128940        5    167231642216135158181601516530161311540614651136861252411360
 129940        6    10419 9949 9717 9596 968810054107711171812898136111387613758
 129940        6    134131300412705126801329714726148921446413948133281251011613
 130940        7    108481043210195101011013610414109671153512506132211350413642
 130940        7    135391318613025132001400415259152571482414472138771310612119
 131940        1    114551127611238113361165912747151641672517200172471702916740
 131940        1    163411604215707156401628517614176891721516588156071415212889
 2 1940        2    120351177211694117091205913184155451704317265171691703216804
 2 1940        2    165401636216154161521669817920180911764917106161751474213492
 2 2940        3    126931239712323123991276313813161901765617824176731745117089
 2 2940        3    166041628116029159681654017826179661753816997160381461313306
 2 3940        4    124921220712079121341250613528157811735117549173711720617025
 2 3940        4    167601659516273161561648017630178991752716969159741457313274
 2 4940        5    124881218912020120611235813363156511714817439174261736117118
 2 4940        5    167801649916257160301624517086171451653515940150751387612714
 2 5940        6    118471140911184111321122211627123901331714338148771487914550
 2 5940        6    139601355913261131821367414813149441445013863131991233611411
 2 6940        7    106481024910096100001009510299107891142712323129181319413249
 2 6940        7    130251256412227122001282414401150121475214294134621235911404
 2 7940        1    107081046410387103881070511796141451565315968158411575115591
 2 7940        1    153081510214894148891554016976173361698516467155521420012959
 2 8940        2    121251183311729117611205813069154371705217562177201786517947
 2 8940        2    177771767417502173151768618793188431818317374163321490413655
 2 9940        3    128391249212347123661264713569153101660817438179331825118364
 2 9940        3    183061815217888176801799818906188771833217570164281498813674
 210940        4    129261258312467125501292713994161911754617942179191773617470
 210940        4    170521676716397162381661917888184291808917597166781525313895
 211940        5    130801283312610125981285013858159961738517902179971801917932
 211940        5    175991719416674163311650117448174801676016019151041400812869
 212940        6    120821168811417114151145711803123751321714207147811487114679
 212940        6    142161374313391132901369414989155641507714537138111292711983
 213940        7    112421078310543104251041910584109341157012727136871418914416
 213940        7    142451381913400132051358714826153661500814497136801266711679
 214940        1    109931078610694107871108012218145161604516437165251656516451
 214940        1    162181606215819157221614317284177891746616937159691458213318
 215940        2    125341220112100121561246213472157481709317216170121675316480
 215940        2    161511595415689156121604317132174461695816346154221396812645
 216940        3    116971131411139110861132612362144971597416278162311616915976
 216940        3    156991553415253151691555016783173211694716436154371405712771
 217940        4    119581168511554116011190812950152841658816745165031624215910
 217940        4    154561518714873147291506016197167331632615813148361341912124
 218940        5    112021083310410106371085811811139621539915868156491537214988
 218940        5    146261435113963137331388814739153441513714688138431275511674
 219940        6    108181040010183101251021210573112851231513261137481367013358
 219940        6    128661233811944117921213013216139911357413049124001155410635
 220940        7     9644 9383 9175 9062 9076 9277 96101050911045115461171911723
 220940        7    1148611083107851073711104123091305812686122961159510733 9893
 221940        1     9166 8838 8673 8618 8794 9334104731170312905136711407614151
 221940        1    139611371413525134801390214769148921440913807128551164010606
 222940        2     9853 9528 9373 9387 965410615124031397114658148361492114776
 222940        2    145721433214077138671412715233159061558315091142531301711908
 223940        3    110561067410513105051078211738136041527516116164221661716718
 223940        3    167301673016551163741663917403175861696516082150311382012504
 224940        4    115981117910986109491117312021136511510515961164371672816818
 224940        4    165271618515766154441562516277167711632515772147861353512328
 225940        5    114031109310933109231120612106137351517315797160331613716019
 225940        5    157001542015073148741498815870165231611415557148951380212905
 226940        6    118941136011114110091109911481121821328014395151571537215314
 226940        6    148861445113993137911401214946160621578915320146301378712935
 227940        7    123191189511682116241168111969123201294613810144401469914766
 227940        7    145131409813706135841401315248163421619615745149121384412836
 228940        1    122581202011950120131229313345153351680317146170841708116774
 228940        1    164041610815746155241583216706176251729116733156671423112979
 3 1940        2    122021189511735117551202513035150671648216648164741622515949
 3 1940        2    156191535915041148711516816144169231674216230153331396512746
 3 2940        3    119971166711551116231193313056151851656816718164691620715930
 3 2940        3    155961547615375153961581016683172601685516214152181382712594
 3 3940        4    117521141811248111651142212245137951507416048165111687916961
 3 3940        4    167581644416111158241608116705170401652415750146451322912023
 3 4940        5    112321084610649106221086811820137481520215684156981565015465
 3 4940        5    150791480914556142371428314763155941520514661138631277511728
 3 5940        6    108301045210191100881014210501111201213613130135331364913511
 3 5940        6    130921270712401122671251913306143501406713549129391211411241
 3 6940        7    1049110133 9941 9865 994810201105351122611925123731248712436
 3 6940        7    122351181311466114221189712985142211409613676128411173610813
 3 7940        1    10147 9909 9780 97921007511127132041490915401154951555615433
 3 7940        1    151861496414692144601470315424160541560414960139231243311152
 3 8940        2    10279 9942 9708 9635 990210837129271451714934150491511315149
 3 8940        2    150481506114971149371529315820161451573815114141671280111570
 3 9940        3    107181039310243102261053111551136461526015760157891584215756
 3 9940        3    156111548315393153791577116498169761656315866147741334012013
 310940        4    111301066510474103601055811474133641502215658159001600815880
 310940        4    156161539515185150501527815861161881575415103140531269011456
 311940        5    105851023710045100171027811334133631508715544156661559815496
 311940        5    151351491114564142841428114699156131534814861141491311412026
 312940        6    112061078410565104961062411027115901259313499139221397713698
 312940        6    131771269412266120081221112861141461402713487129271213211245
 313940        7    1049610024 9773 9646 9668 9859101031079511598121661238712455
 313940        7    122831196411648116341195612827138671371413232123841127810339
 314940        1     9637 9397 9294 9292 957410684127361449815078151711517515003
 314940        1    146411441014154140061432514908155911529014685136371228411023
 315940        2    10200 9879 9698 9685 993310951129181452914903147971469614525
 315940        2    142471406814046139571446215164155451527914649136341221010960
 316940        3    10102 9769 9590 9599 984710847127121420214789149041476314620
 316940        3    144821440014295142791466915282159511573215217142631291611653
 317940        4    108461052510357103651066811696135231514015745157421568515506
 317940        4    152151499414756145731477615244161941610115651147251343112155
 318940        5    113331098910781107771103712008137851520915666155691547015233
 318940        5    149501483414718146661485415234158021543614852139241270111592
 319940        6    107651034010084 99741006410389110071209313097136751378613556
 319940        6    130641261012205120461221512791138801384613326126841184210976
 320940        7    10238 9821 9597 9500 9531 9746100921092411712122901251712531
 320940        7    123071180811413112361148412126133831356013192123711138910463
 321940        1     9808 9563 9519 9554 986910889129431446714814147501470314547
 321940        1    142321406713791136801400414648154241528414628135811225011076
 322940        2    10246 9801 9575 9558 976610723127731455315188153171543215338
 322940        2    151331492414611144701464615074157731556014934138431239311080
 323940        3    10258 9861 9640 9616 987810800126871406314347143031422314021
 323940        3    138041372813449132191325413494144081441413876128961152710331
 324940        4     9516 9220 9012 9010 928610276122051367514042141461405013955
 324940        4    137791374613550133961359613871146481455814067130941176810501
 325940        5     9682 9246 9079 8997 924210172121171383014404145201456514427
 325940        5    141821415113937137111366313721145111445513969132121219211157
 326940        6    10264 9778 9505 9398 9468 9764103691143512460130101307312797
 326940        6    122721181411425112721141111807128941302512644120231124710409
 327940        7     9725 9309 9073 8935 8962 9102 94161034611386122131269513030
 327940        7    131371304712901128381316713516139411364013079121461105810092
 328940        1     9426 9073 8991 8959 920910301122861406614705149341504814929
 328940        1    147241457514367142961452714945154251510914466133451190010681
 329940        2     9835 9455 9262 9205 950510562126561452515117153521551315522
 329940        2    153011527415074149511516515452158691566015054140031253911204
 330940        3    1041810017 9853 98621009311019129801448014781147201463114490
 330940        3    142621413613901137341385314126150141517414732137681242211157
 331940        4    10309 9988 9835 98111007111066128181433414505144401437914192
 331940        4    138631395013743135171356513751147101465714124132281193310619
 4 1940        5     9744 9357 9141 9059 9241 9940112891263113241134381337013186
 4 1940        5    1283712595123381208512093123141317013271127891201111000 9988
 4 2940        6     9239 8906 8713 8635 8754 8959 94891067211685124851253712503
 4 2940        6    121411157211240111181141311931129641317012997121661112310103
 4 3940        7     9271 8769 8617 8464 8389 8441 8724 925010093107861092511073
 4 3940        7    11120106421017510036 9900100841056011306117991136810423 9352
 4 4940        1     8724 8416 8269 8263 8502 9452115521348414367145601464614459
 4 4940        1    141051384013505131791308013061129981372114081132631191610585
 4 5940        2     9683 9262 9126 9072 933510294123531403214411143551424214109
 4 5940        2    137891366613380130961311213076130561373513942130671169710311
 4 6940        3     9438 9047 8825 8768 8962 9893120601375614316145071452514471
 4 6940        3    143111422414137140421427214453144161452714157131531177110321
 4 7940        4     9424 9001 8726 8659 8842 9755118831364714329145131459814471
 4 7940        4    142281407513835136761371813682135621411114394136521229010942
 4 8940        5    10067 9708 9482 9464 966810667126151429214715146991462814364
 4 8940        5    139601379613434130231282712637124941300013363127961171910635
 4 9940        6     9857 9433 9202 9125 9166 9533101131119412184127361278612587
 4 9940        6    1216911749113971128411374115271163912100122521164610818 9836
 410940        7     9101 8626 8291 8125 8104 8278 8567 925810384113241180912072
 410940        7    1202911799115571148411808121261218412519124581165810519 9555
 411940        1     8874 8612 8452 8449 8772 9822119011359314180141851421714133
 411940        1    138501366613370131301311013088130551359213843129641151810199
 412940        2     9363 9010 8824 8787 902310069120371370714210143381434314209
 412940        2    139411382113651134341352813697137381413514107131721169610347
 413940        3     9460 9061 8851 8762 8961 9907120161384714436146041475814731
 413940        3    145681451414287141721439314504143681439514126131581172310301
 414940        4     9405 8977 8726 8657 8814 9776116521345613888139571394513868
 414940        4    136761352313308130781295712850126161303813522127661140810056
 415940        5     9192 8782 8540 8465 8680 9631115101316913654137441377913680
 415940        5    1348913430132231294712696123901207112296127511204310930 9700
 416940        6     8802 8339 8025 7901 7930 8225 8683 985711189121951268412802
 416940        6    1252812148116861136311303112811115511400117541118010347 9417
 417940        7     8682 8210 7953 7807 7864 7987 8190 8888 9846107251083411104
 417940        7    1098810692104051029310386105531062411194117501113510199 9326
 418940        1     8637 8346 8214 8219 8436 9201104891218213149135771369913670
 418940        1    1331112852128271258912569125471229112672131611242611073 9953
 419940        2     9130 8787 8597 8552 8747 9588111781282713516137451389513821
 419940        2    1362913573133631314713096130261289113103133101243611119 9848
 420940        3     8966 8567 8323 8247 8399 9219107421239413190135201367113620
 420940        3    134171327013092128361281512677124241267913195125131130410045
 421940        4     9216 8886 8681 8655 8893 9714112791290213564138031388413776
 421940        4    135331335413104128021275712667124561273113331126481147710273
 422940        5     9472 9082 8889 8866 9086 9905114201297813625138361391213768
 422940        5    135191329013002126231254012238120511227112869122581123310192
 423940        6     9397 8969 8750 8680 8764 9101 96251062911592120731210511873
 423940        6    1145511055106881050010546106951071811069116191111110263 9399
 424940        7     8663 8215 7951 7799 7783 7951 8129 8856 9774104321070510798
 424940        7    106851038310101 999410149103521044510855117561113310063 8972
 425940        1     8218 7895 7716 7687 7889 8764107601272113559138791404314073
 425940        1    1390013775135791342513534134901332813463136201269611274 9983
 426940        2     9153 8768 8532 8440 8638 9565115501335814027142051430314267
 426940        2    140501392513697134631353013457132021331713655127821146310113
 427940        3     9204 8783 8543 8454 8629 9485113431313013736139111392213856
 427940        3    137031375813684135551355513593134551338813586128361144510019
 428940        4     9103 8653 8365 8250 8389 9165109621272113405136001389313784
 428940        4    1359913567133431311512982128001247812631132901250111181 9859
 429940        5     9017 8608 8345 8262 8443 9290111371299413689140001412013951
 429940        5    137281358313289129751286712693124921256812849122141113410008
 430940        6     9110 8590 8253 8061 8111 8346 8860 994811102117191189811778
 430940        6    1144611110108241067810739108331086411038115451103310216 9298
 5 1940        7     8511 7984 7725 7556 7538 7674 7857 8574 9661105811115011523
 5 1940        7    1159011295109531082410933110711112711331119141131310215 9200
 5 2940        1     9150 8792 8678 8657 8921 9351110341287413541137761372913684
 5 2940        1    135461341613193130011301612896126021263713399127121129910201
 5 3940        2     9098 8725 8576 8493 8734 9622115061313413604137281366713642
 5 3940        2    1349613426132311303313006128401254512639133441263111209 9856
 5 4940        3     8963 8550 8367 8303 8498 9351112901299613511136321370713695
 5 4940        3    1355613494133331308413044128941257712665133011259511204 9818
 5 5940        4     8969 8550 8353 8281 8459 9349113171322713864141211429614246
 5 5940        4    140441395813725135031353213420130751294513452127721144710072
 5 6940        5     9104 8728 8536 8466 8635 9408112751299513636138601409613967
 5 6940        5    138501374113562133821331013143129101281813033123771128710100
 5 7940        6     9186 8668 8458 8303 8344 8577 91891029611252117811188211641
 5 7940        6    1130410937106701048510511106321071911013114941107710205 9222
 5 8940        7     8442 7941 7742 7591 7574 7704 7994 8794 9936108461130011436
 5 8940        7    1133510957106701053210713109401105311297117661121910196 9171
 5 9940        1     8423 8097 7955 7925 8178 8968109771279113503138061394213955
 5 9940        1    1381813741135711336813323131021268112672133741271311208 9858
 510940        2     8899 8429 8242 8136 8277 9041109431278213428136881391013921
 510940        2    1379013728135701333613252129911259812501131541258811156 9799
 511940        3     8853 8447 8264 8194 8366 9180111151280813403135701369613649
 511940        3    1356113534133991322913144129571269812784132661246811078 9877
 512940        4     8807 8439 8188 8127 8272 9095110071286013621139631410314099
 512940        4    139591391013723135591355613340129801282013222124671105010223
 513940        5     9030 8612 8448 8339 8512 9250111701296913657138411389713836
 513940        5    1360713493132331292712736123871207112001125221219011173 9969
 514940        6     9050 8602 8356 8224 8284 8463 90441014711192117361180311617
 514940        6    1126610929106371048410558106711065710648112511102310161 9186
 515940        7     8380 7915 7673 7563 7521 7524 7836 8608 9546102351053610676
 515940        7    10651104901026510231104621079011074112851162310991 9979 8994
 516940        1     8319 7919 7820 7741 7943 8796107981281613693141151440714461
 516940        1    1432314126139671383313939139541374513571135881269911245 9934
 517940        2     9017 8576 8382 8286 8434 9249111591319113776140371418014191
 517940        2    140401399313805135921371713658132981321313465128011136810068
 518940        3     9156 8731 8530 8435 8621 9367112581303813635138461398614019
 518940        3    1389013777135921343713589135441338313322134531269911371 9982
 519940        4     9119 8682 8482 8401 8554 9366113431328213870141191420314139
 519940        4    139391384613639133791344313348131521316213531128441152110158
 520940        5     9251 8771 8566 8483 8652 9399113991316013730138921393113788
 520940        5    1358913455131851289012644123491200411823123921220711171 9959
 521940        6     9053 8547 8308 8177 8240 8366 90371014711260119171185011602
 521940        6    1129910994107401062410672107411068510653111221101110158 9135
 522940        7     8367 7851 7640 7470 7447 7371 7720 8537 9563103351063910845
 522940        7    1086010679105471048010614107151068810806115491141710307 9141
 523940        1     8296 7960 7682 7735 7920 8586105141250613523140761451514713
 523940        1    148371488114724145451433514056135261323613595130741152410125
 524940        2     9131 8644 8388 8238 8387 9008109281287113700141341438814452
 524940        2    144151444614376142291410913769132171295213396129241146910017
 525940        3     9082 8595 8376 8279 8429 9204111151298113727141441444914665
 525940        3    146941470914685145671454614275137981362913719130021164410156
 526940        4     9260 8783 8480 8399 8506 9231111611305013791141411441014430
 526940        4    143431429214170140021399313747133631326413529129141155810135
 527940        5     9198 8687 8420 8313 8430 9097109051271713431137331385713762
 527940        5    1358013426131711286512695124191209811832122111209311038 9844
 528940        6     8893 8354 8101 7970 7976 8048 8590 954810564111481128411145
 528940        6    1091910656103951026210379105441057710574110141085210018 9073
 529940        7     8246 7756 7523 7358 7340 7260 7587 8363 9344100461031810419
 529940        7    1036310114 9882 9809 990610014 9937 99481046810523 9745 8796
 530940        1     8011 7577 7361 7252 7231 7200 7577 8495 9638105001087110959
 530940        1    1095510689105191050010639108201072010861115291140610203 9047
 531940        2     8344 7974 7801 7749 7904 8561105951260413675143341478515008
 531940        2    150431519215079149261481214429136801338013753133311184010348
 6 1940        3     9366 8833 8601 8462 8621 9213111721316414071145111482214899
 6 1940        3    149511500314969148641481414388137701336113541132241169710194
 6 2940        4     9159 8626 8359 8234 8339 8948108861272313503138801410314096
 6 2940        4    1399313948137791357813540132951287012598129321261011300 9900
 6 3940        5     8976 8481 8276 8188 8315 8953108461265413427138071399514127
 6 3940        5    140141407313958137271361413204126971237912639124261095310036
 6 4940        6     9040 8429 8104 7921 7939 7978 8703 994811178119451226612262
 6 4940        6    1201811731114921137911399114251128611103114191135510495 9394
 6 5940        7     8550 8016 7748 7576 7514 7417 7735 8547 9630104421091011186
 6 5940        7    1120811058108561080110973110971109011170117121154110425 9302
 6 6940        1     8578 8178 8028 7968 8165 8840107911280513848144421479215000
 6 6940        1    149421496614767146131465314539141021376413811132051174410375
 6 7940        2     9461 8994 8782 8707 8876 9606115701360614623153061574515996
 6 7940        2    160201601616018159061578615336146141411514303141001255110947
 6 8940        3     9846 9272 8973 8809 8935 9548115091345014320148441509015101
 6 8940        3    149901494114801146711455214163135541314013350132511174510247
 6 9940        4     9195 8704 8459 8347 8480 9071110041289413746141871447914602
 6 9940        4    146141471714668147211469714380138781348113724135641207510626
 610940        5     9531 8970 8685 8491 8612 9158110881295913938144641475514843
 610940        5    147391479914693145491436913867132971283212822128131162910426
 611940        6     9207 8610 8309 8118 8086 8115 8756 997711226121461250512544
 611940        6    1233412092118251158911596116471154511407117341156210686 9693
 612940        7     8841 8283 8027 7834 7819 7791 8075 8799 9859108221145811845
 612940        7    1193211654114071129111396115511154211607119421179410783 9672
 613940        1     8879 8534 8392 8365 8534 9273112661341314568153081586616127
 613940        1    162351640416454164551643616095154571502915300148511318511574
 614940        2    10423 9854 9608 9475 961310342122701434015385159761633116426
 614940        2    164231659716630166911678916501159931564615789153381370612074
 615940        3    1089910222 9938 9724 987810523125651463615829165071697817278
 615940        3    174211770317762177211760117082162891561515668154091377912061
 616940        4    1080510157 9770 9595 968010301121911417215293159981648216824
 616940        4    170311733917372174621740616957162671559715581154781385712105
 617940        5    1087110216 9847 9632 973210296122411429815639164191716817679
 617940        5    180181832118448183451830517858171631658716469163441488713495
 618940        6    121111118210672103301023410240109081232013979153361625716737
 618940        6    167881672916639166051653716404160951572815814158971481713411
 619940        7    122711134511015106041038610194105401172913377146581547115984
 619940        7    160761589115671155611550315349149721456014663147021339711834
 620940        1    1073610108 9795 9626 970510202120801420315551163471689717202
 620940        1    172491734317261171171699116557157291512615092148011315011487
 621940        2    10413 9862 9557 9429 955610150119921395815084156881596916027
 621940        2    158791575015516153231529615040145181410714092137791253011160
 622940        3    10178 9688 9426 9270 9342 9901117481367014821153841573015898
 622940        3    158931603716076160171606515631149401436714406143571296111409
 623940        4    10228 9630 9313 9141 9272 9792115411357414806156031610716330
 623940        4    163501652916450163741627015828152481481814924148521346811898
 624940        5    1079610183 9832 9664 977310391119861384615009155391585115831
 624940        5    156261546415152148201457114175136621332713327130001192710690
 625940        6     9660 9141 8804 8652 8646 8878 94261054211822128571338313522
 625940        6    133731317113087130441318713292132381304613210130911219311121
 626940        7    10109 9432 9023 8745 8647 8444 8828 970810850117731238812765
 626940        7    129441284312850128521305613175130361282113154133581236411135
 627940        1    10128 9602 9383 9278 949010120118981397015469164951728317809
 627940        1    179331811318115179271783217330166721599015978155571401212371
 628940        2    112351057510235100931018810752124411443615741163551697217314
 628940        2    173971750417382172611722716838161211557815568153881387312232
 629940        3    110481038510006 9828 992910420120741408415497162401673417041
 629940        3    171091714116985166431648316125154941498214991146301331311820
 630940        4    1073610139 9832 9689 981710433121011413615391161851663616885
 630940        4    169371707317050169431683916343156401514615176149041350011961
 7 1940        5    1082910162 9841 9633 968610185117631374315197161121670716941
 7 1940        5    169251700816879167191655316170155681499114962148761362612162
 7 2940        6    1094310145 9681 9413 9261 9255 97201084812278134561421014491
 7 2940        6    145311443514390144111448914478142051384113888137781284311729
 7 3940        7    10708 9991 9584 9308 9151 8968 9217 999411067119311246512778
 7 3940        7    128591265212396122911233712327120681175411836119381117810562
 7 4940        1     9484 8891 8538 8338 8241 8126 8480 933010517115471213312423
 7 4940        1    124531226212126121531233912441122211197612036120021124810258
 7 5940        2     9347 8829 8580 8446 8520 8986104591242313929148881555415922
 7 5940        2    160731626616280162911635816076155851516715387151231377012210
 7 6940        3    111251053110251101001020110750123041447316145173621811618676
 7 6940        3    188251909519126191641915418831182221776917844175531598714118
 7 7940        4    128221213011661114121141611791132001527816707177901857919136
 7 7940        4    193731947319225187531863418313176771718017195165571494513275
 7 8940        5    120851137910991107801082111303127801474916146171861794018443
 7 8940        5    187511890018799185151790717120163591588415800153721413512644
 7 9940        6    115091080610355101081005510176107571179613107140941470714982
 7 9940        6    150481504015132152061534415392151971488414945147611376212569
 710940        7    11688108591042610125 9989 9792100471083511914130551394514509
 710940        7    147351466614587146281473914834146191432514586146311347312024
 711940        1    1088110165 9790 9575 958510029115171351214830156901615416426
 711940        1    164461649516509164541647916224155991505015026147911330111652
 712940        2    10511 9884 9545 9355 9404 9847113421331814628154211599316267
 712940        2    163911660116626166501674616419157571523015229151561381112421
 713940        3    112121051810213100171008110561121751423515773169031778118365
 713940        3    185181886919029190381910518763181571757417518172611565513804
 714940        4    124511168511199108941088111302126521457015825165691706617320
 714940        4    173551740017319170291678816221155351505615109146271322711779
 715940        5    1068310078 9744 9571 965310283116991346314638152091556915605
 715940        5    154321531315084147851458114253138031344813482130761198510711
 716940        6     9757 9165 8856 8703 8693 8842 94171059411979131761394614245
 716940        6    142801419314075141231422014308141941386914043140091303711831
 717940        7    1078510061 9580 9293 9141 8995 92141003411128121931295913500
 717940        7    137631373313606135701367713702134861330813674136891265511397
 718940        1    10502 9945 9715 9600 979910413119011397015280160031645616601
 718940        1    165411647016384162361619115988154591501915227148661342011921
 719940        2    1083710214 9944 9798 992110768121821414115544165491703817743
 719940        2    180341833418502184701852418247176411703017137170051530913529
 720940        3    122341151811086108541091811421130471513716663177471855819118
 720940        3    193891958819711196481967219253186071807118089176171606714271
 721940        4    130031225511822115861166512239137551595317684188621969920185
 721940        4    203232051620519204322033819860193021865018687182631664114831
 722940        5    135481275012395121901229012868143501632117809188501945819755
 722940        5    198542001819920197611952418931182421755017569172071586814369
 723940        6    131671234811952116081153811626121551336714834159771669616896
 723940        6    167831650816102156751525114958146461422814351140961321012134
 724940        7    11220105911020710011 9926 9918101071088812054131711382714362
 724940        7    146841470714686146921484414977147811458515031150301390712625
 725940        1    115211095410634105411063211268127491478316241173481825818821
 725940        1    191341918218962190941907618775181421752517341166611499113295
 726940        2    121001137011004107871089311481129061492516338173161798418464
 726940        2    186961905919153190961911718683179291732617213165791505913469
 727940        3    122931159611234109751108211711131491503616306171271764917968
 727940        3    180461828418247182491823917836170881661316708162741477313104
 728940        4    119711133810954107501087811477128751467515889167051741317792
 728940        4    179651817218149179121780017419168451641116461159471456313014
 729940        5    118621119210824106011064211244126041448215803166781724517508
 729940        5    175681774317753176641759817167165331594615986156311438812886
 730940        6    116831097010540102741022610367108891210913618148181548815809
 730940        6    158471577415648156311574115659153581498515231149741400112780
 731940        7    117761097510576102511008010050102121101612112131321369514113
 731940        7    143461427214183141621429114424142561417214701145531342812170
 8 1940        1    111481058310292101601027310911124111443015996171191786118281
 8 1940        1    184611867518624184681837718018174051689317179166821498913343
 8 2940        2    120541139511010108091085811423129111493716454174601820718680
 8 2940        2    188801909019105189921894418488179121739917618169111528513645
 8 3940        3    124511174411382111771125611908133281525316460172111770518000
 8 3940        3    181631859918727187021873318390177061716217362167211507213407
 8 4940        4    121841148411069108501090611453129251490916401175231841718907
 8 4940        4    191941936419388193071919618785180521758717787171441556313919
 8 5940        5    127101204411645114451151512074135191552617032179931846318602
 8 5940        5    184091809017321167081628615619148291433513962131491193810683
 8 6940        6     9594 8973 8681 8465 8435 8589 89861003211280121441243312363
 8 6940        6    1213311881116671154311622117131159511433118611162010743 9712
 8 7940        7     8804 8301 8011 7821 7778 7781 7961 8705 9742106201114011439
 8 7940        7    1150611329112011121011431116301154211464120751183010833 9732
 8 8940        1     8920 8535 8339 8271 8426 9047103961226313601144721508815374
 8 8940        1    154041553115484154091540515158145761409314480138251229310852
 8 9940        2     9812 9276 8980 8831 8938 9606106581287914210150901567416010
 8 9940        2    161431637616469164211646016163155321508115442147691321711712
 810940        3    1063110106 9758 9604 974710394117941363414848156071603716226
 810940        3    161731621316099159731596615574149371443514765140701260611159
 811940        4    10089 9493 9187 9041 9161 9829111881295614033146801501815131
 811940        4    151161509914992148191473114443140111386614262136181222810878
 812940        5     9906 9361 9115 8990 9155 9830112821319614342151211567015885
 812940        5    159521597315729156191544715070145261423414604140081284811578
 813940        6    10564 9951 9590 9382 9393 9732101771131512672137081450714966
 813940        6    150851509715013149121491514825144821403114200137001277011704
 814940        7    1073810082 9763 9517 9448 9500 96141041011642129091374614271
 814940        7    142341378013352131081316013207130291297913370127901165110407
 815940        1     9487 8985 8745 8660 8797 9496108551267813938146881510915183
 815940        1    150881501114899146871464814389138931357513965132511179510421
 816940        2     9426 8933 8679 8568 8722 9378107221248913652143981487415128
 816940        2    151431522515192150811500414684141801401314396136331221210812
 817940        3     9852 9331 9050 8932 9073 9770111811299414277149981547315687
 817940        3    156801575815661154911542815215147861473714896141061272311389
 818940        4    10387 9833 9561 9449 960910364119191379115076159241658216919
 818940        4    170001711917032169431684016464158881566315632147321330911829
 819940        5    1075310100 9793 9605 973110390118611369514915156381599216099
 819940        5    159261580515582152411502714690142931417914373136431243111182
 820940        6    10102 9548 9222 9023 9005 9269 97641082512230132931384714014
 820940        6    139171378913730137051379013704134771340013841132281226211111
 821940        7    10187 9606 9204 8982 8908 8998 9159 985810938119451265713259
 821940        7    135411347813422133891352313686136371372413783131151201310923
 822940        1    10131 9670 9443 9321 949210279118151365114873156801612016184
 822940        1    159421573115415150761494514695142411414614109131681173310417
 823940        2     9486 8967 8745 8618 8780 9477107651247213603142671462614714
 823940        2    146661470114618144781447614238137311361113920131121170510356
 824940        3     9420 8884 8619 8497 8650 9360107221236513666142341473414863
 824940        3    148781500414991148671480314498139361387414211133251188310553
 825940        4     9530 9007 8734 8652 8760 9479107901253113715144611494815192
 825940        4    152621541015458153241527714922143971437214601137531234411016
 826940        5    10013 9462 9155 9055 9167 9933112971307114401153151598216318
 826940        5    164871666116667165921642816064154551534515505146851337611933
 827940        6    1078810122 9743 9501 9433 9676101381123412534135061412414463
 827940        6    144301429014151140431398413948138451391214149135731249811210
 828940        7    10232 9534 9232 8869 8742 8795 8906 961810700119051268613253
 828940        7    135871365813594136341382913905137831409614495138911281311660
 829940        1    107361025510027 99421006010782122611400015154157131600115961
 829940        1    157301567615595154241535415029144711434414527135061201410611
 830940        2     9623 9039 8792 8690 8815 9652110721277613847142941481615028
 830940        2    149931506615062148391478314530141311411814299133081183410488
 831940        3     9507 9002 8752 8647 8788 9593112921298913897144651486114972
 831940        3    149381496014823146461475914576143281440814304133351194110622
 9 1940        4     9683 9193 8940 8842 9013 9836116211340314416150881554315690
 9 1940        4    156151565715452151521496314592141421425714282133151179310416
 9 2940        5     9438 8891 8640 8462 8637 9379109351261413563141071439214438
 9 2940        5    1426314265140881380313604133081292613070131551230311124 9895
 9 3940        6     8937 8439 8159 7989 7971 8209 8477 936910564113751181711804
 9 3940        6    1161811355111221097910998111291112011522117351110610211 9248
 9 4940        7     8456 7982 7721 7549 7506 7648 7815 8445 9459102901068810890
 9 4940        7    10821105401028010116102181039510421109391108410534 9725 8884
 9 5940        1     8134 7747 7537 7442 7458 7631 7927 8597 9754108221143011691
 9 5940        1    1163911287110331096511174114321149511966119451119010069 9010
 9 6940        2     8327 7970 7818 7778 7974 8886107021244613424138871421414267
 9 6940        2    1419614183140471392713936137921352413904139051286611331 9997
 9 7940        3     9103 8616 8413 8300 8465 9280111201273913548139701434814540
 9 7940        3    144811460914459143341438314201138621424514132130941155310180
 9 8940        4     9274 8770 8532 8426 8563 9410112321293413670141541446814653
 9 8940        4    146451471414684146191457014363140161448614379133131181410395
 9 9940        5     9443 8927 8645 8535 8685 9542113741303113899144371486915063
 9 9940        5    150181498314830146221441613997135691382513578127301155610290
 910940        6     9333 8775 8487 8342 8358 8570 90321007311342121361242912374
 910940        6    1208311778115191136311398114641146911985119171124810314 9344
 911940        7     8552 8064 7748 7613 7587 7752 7919 8626 9677105401095511144
 911940        7    1116110991107781071810916111871137312097120821120810138 9161
 912940        1     8416 8094 7947 7927 8126 9047109771266613452139631431114412
 912940        1    143641442814337142181426014015138041433314051130031150110166
 913940        2     9218 8755 8528 8452 8619 9494114661308713980146041495115245
 913940        2    154521554015466154011539915141148831538315040139321238410918
 914940        3    10016 9477 9235 9121 928510169122721403814775151311535515365
 914940        3    152481525015110150271506614810144311497114639135241196910545
 915940        4     9557 9064 8810 8627 8772 9554113931297813796142501454414631
 915940        4    145751466614614145361447014208139691449014186131571163610244
 916940        5     9322 8846 8583 8454 8635 9473113981309713917143681469914739
 916940        5    145981449114317140971399413751136521399613674128081163810453
 917940        6     9556 9036 8755 8634 8624 8974 96131072012083131331363713823
 917940        6    137561354813356131981326113418135821386213409125851162610514
 918940        7     9634 9020 8683 8449 8343 8372 8583 905010016108301129211486
 918940        7    1147711138108821088211089113671156112338121671133110138 9096
 919940        1     8460 8128 7973 7939 8180 9076110971277613538139721428214435
 919940        1    1431814309141701401414030139421376414311138611276911268 9951
 920940        2     9144 8628 8405 8322 8507 9398113561298713619139211425214361
 920940        2    144001449114404142681430014144139641452614111129691149410048
 921940        3     9182 8724 8519 8407 8566 9423114991301913715141901457514762
 921940        3    148131497614941148241476214444143151482714305131931163910214
 922940        4     9341 8879 8656 8485 8668 9559116391324313916142981449814542
 922940        4    143751431414145139281392714029142451445513935128561143410063
 923940        5     9223 8729 8501 8429 8602 9465115441344214195146101490214956
 923940        5    147981471614577144281434714183140801414213559126681151110331
 924940        6     9362 8822 8539 8338 8327 8646 93211040111687126081302813015
 924940        6    1273512423121201191412001122171246612772123101161010706 9717
 925940        7     8905 8369 8042 7834 7819 7944 8265 8871 9977108721133611635
 925940        7    1169911470112461120111462118771225412797123701152110437 9431
 926940        1     8706 8353 8223 8186 8387 9288114431326114070144931480914895
 926940        1    147551475114578144271450814522145711480514148130491156910224
 927940        2     9248 8785 8552 8469 8640 9523116001321513976144361466814679
 927940        2    145751453214349142181435814499146381471214099130231155610188
 928940        3     9279 8825 8583 8502 8644 9546116301329713926143681465914725
 928940        3    146321472114552143471431514209144601474614147131481166310241
 929940        4     9284 8751 8535 8395 8554 9431114841299713622139851425514245
 929940        4    141621411613954137311380913743140411437913831128481133110006
 930940        5     9093 8627 8400 8275 8429 9324113871298413486138361396413884
 930940        5    1376113680134581318713066129151313513568130591225311102 9902
10 1940        6     8920 8486 8198 8197 8047 8433 90861013311324119911212311967
10 1940        6    1167511426112041117511442119451241512399119171120510308 9340
10 2940        7     8545 8083 7833 7678 7658 7825 8201 8909 9961106341090211059
10 2940        7    1100110771105581053510821113151195612482120871123810141 9167
10 3940        1     8505 8170 8069 8056 8313 9317115691334013903141031418114052
10 3940        1    1388813763135381333113424136211404914470138881282011310 9957
10 4940        2     9123 8727 8528 8481 8658 9593117621342013864139681400813994
10 4940        2    1384613754135471339113431136561423214475138511281611394 9981
10 5940        3     9165 8747 8520 8437 8613 9574117491348813947140781410614065
10 5940        3    138261385813625135101358513792143271455514071129081151710139
10 6940        4     9298 8920 8741 8664 8864 9815120141362914040140661409914016
10 6940        4    138281376713548133671334813434139961439613921129101146210179
10 7940        5     9283 8855 8643 8557 8768 9700118331345313969140561412014007
10 7940        5    1383213738135421324013094129881337013651131541226611164 9885
10 8940        6     8971 8454 8152 7991 8050 8432 90881009011239119391207011917
10 8940        6    1163711271109901085710955112241202312325118741114910140 9264
10 9940        7     8466 7992 7762 7590 7622 7713 8053 8651 9743105211087211021
10 9940        7    1100910779105851054110752111471193512205118101105910152 9249
1010940        1     8409 7953 7784 7695 7807 8371 95691078511900126541302813016
1010940        1    1282512585123721226112469127791349013776132041222010882 9702
1011940        2     8918 8510 8394 8326 8556 9590119101359114046141511414114066
1011940        2    139121373613563133611342713639143591459214075130531162410249
1012940        3     9413 9000 8855 8811 906910067124381404314353143361426314177
1012940        3    138691378413571133401346513677143961459114039130451163810248
1013940        4     9364 8964 8809 8763 8975 9978122911385914215142071422614098
1013940        4    138631378313628134611342313514143501444813900128571148210104
1014940        5     9216 8738 8563 8515 8711 9648118381346413923140251405813932
1014940        5    1375813666134301314413032131081380513769131451227711198 9967
1015940        6     9066 8567 8323 8205 8261 8658 94831054711650122711233712139
1015940        6    1171811308109991081510950113281230812479120371141210594 9650
1016940        7     8887 8425 8231 8108 8128 8369 8813 948710545111651132711337
1016940        7    1121310865105941049810729112361239712656121791139210336 9345
1017940        1     8657 8309 8250 8269 8495 9557119211361614090142421427014156
1017940        1    139791388613691135011355713795146111461713943129121146510135
1018940        2     9246 8858 8709 8589 8793 9801120601367314020140721409313991
1018940        2    138471375113583134761359313984147001455713909128141140010036
1019940        3     9110 8654 8445 8371 8545 9508117531349214007141551419514135
1019940        3    140351394713784136481375614124147871456113902128901139310031
1020940        4     9137 8693 8471 8404 8585 9475116681347213998142711445914410
1020940        4    142541424114043139361409814420149091461113899128291145510110
1021940        5     9164 8670 8444 8340 8500 9418115731340113953142141441214328
1021940        5    141381402213783135561344013515140791380213186123371126110076
1022940        6     9132 8560 8276 8122 8137 8508 92661021211442121931247012389
1022940        6    1205311696113551118311293117371264312489119131123110353 9398
1023940        7     8605 8102 7824 7669 7658 7825 8245 8819 9862106571106811300
1023940        7    1135411171110241110311559122181292112641121001119210168 9189
1024940        1     8471 8107 7990 7966 8154 9129114191322213632138871409614109
1024940        1    1394213893136871349913535137821466214449138191273611281 9933
1025940        2     9100 8644 8455 8418 8601 9561118491358913930140131408314079
1025940        2    139201382913665135021352713870147361457213862128791146310101
1026940        3     9186 8723 8540 8470 8706 9697120561381214110142131418614077
1026940        3    138991380613573134601363714185149531463814014130141153010159
1027940        4     9281 8860 8644 8601 8815 9802121501380414054140761411113984
1027940        4    137741374813614134651357913984148031459314037130231172110322
1028940        5     9449 9044 8885 8853 905310054123901402714306143181425114041
1028940        5    137791359113329130561297813188140491374113196124411132010138
1029940        6     9254 8736 8495 8371 8404 8753 95601055311690123431245312264
1029940        6    1188411482111681100611225119201278412475119511131610451 9582
1030940        7     8821 8114 7806 7758 7811 8145 8658 978210505108381090410901
1030940        7    10883105541036610595116401287312762121281156410605 9715 8907
1031940        1     8339 8022 7954 7968 8273 9360115281312713694139431407414089
1031940        1    1391813886137021370414345150381437613889133841238610902 9659
11 1940        2     8897 8592 8319 8259 8488 9462115861328613892141761440214410
11 1940        2    1431214266141891427915000157851532714705139171281211244 9863
11 2940        3     8995 8573 8343 8286 8496 9512116141324613696138901402814107
11 2940        3    139711389913693137561464715596153571475814071129971154710254
11 3940        4     9416 9011 8790 8744 900410099121151355213810139421396213852
11 3940        4    1365113580133991329713910151791495114441137941273111333 9997
11 4940        5     9124 8698 8465 8393 8654 9624116051312613593137971395613954
11 4940        5    1379513750136131343413767147581439213694130351218311017 9813
11 5940        6     8948 8454 8167 8015 8072 8484 91171020111351120111221312102
11 5940        6    1181111520112811122511974132891303412411118211110210192 9260
11 6940        7     8488 7991 7731 7593 7596 7769 8089 8844 9930107181115811411
11 6940        7    1151811407112891148412381133291311812624120361118410095 9103
11 7940        1     8403 8092 7967 7973 8280 9329114401312613719138561401813976
11 7940        1    138101371613523134191418015518152711468013982129501159910299
11 8940        2     9339 8932 8707 8650 8881 9794118941340813780139401402413915
11 8940        2    137351366913525135041429115334150151446513845128541142210031
11 9940        3     9139 8719 8475 8393 8621 9578116751333313859140051409414051
11 9940        3    139091380513690136641449915453151351455313835128171141410085
1110940        4     9213 8802 8629 8604 8816 9754119051353814013141171414314081
1110940        4    138691382913685136061442715559153451487314287133581212710850
1111940        5     9940 9475 9261 9215 939110133114611280613675140351414714032
1111940        5    137041345913188131071384615087147871423113602128641182410698
1112940        6     9861 9444 9196 9117 9224 9626102941127912265127541272412403
1112940        6    119711155611239112921239713704134471296512464118171091710010
1113940        7     9192 8685 8401 8263 8296 8479 8805 947010385109681118111260
1113940        7    1115410835106201073211947133581328412890124041158910518 9549
1114940        1     8920 8658 8576 8620 890810028121851382914258142841433314195
1114940        1    139831386613653136591466015753153741476914058130341155610171
1115940        2     9253 8799 8566 8466 8673 9670117941338213836139761410114109
1115940        2    139441388113767137511462215603152471465914008129401152910245
1116940        3     9275 8898 8707 8686 8962 9995122161384614354144431446814386
1116940        3    142041415814015141181508415982156071509514457134661197510609
1117940        4     9712 9321 9132 9102 937210492127031421114389144421436314211
1117940        4    139541386013677136301453815670153931489414294133141192710602
1118940        5     9692 9281 9043 8975 919910190123091392614317143901439614323
1118940        5    141701410914008140451478715307148171421113535126311141010213
1119940        6     9235 8746 8495 8375 8435 8848 95091053711671123001243712319
1119940        6    1194711565112781121912219134521337412819122591164510834 9921
1120940        7     9117 8683 8391 8277 8317 8561 8984 968810673112901156211637
1120940        7    115591125611047111781250913891138661350113042122481119210216
1121940        1     9529 9213 9139 9156 947110507127511443014919150751517015035
1121940        1    148421471614626148661585716323158921526814482134241186510428
1122940        2     9458 8961 8712 8622 8826 9816119651344213916140611413814059
1122940        2    138801378813652136841478415880156511523314705137781235111025
1123940        3    10083 9649 9438 9421 974710804129101446914982151121516915112
1123940        3    149001488114765147721559616475162711589015437145401320811722
1124940        4    1070910137 9799 9713 977710118107871170412768134201359813471
1124940        4    128711187611085108691151612179122771231912263119151116510269
1125940        5     9623 8550 8856 9048 9131 9785106171185213034131671326213023
1125940        5    125961219111959120161311114151139051351113030123361143210435
1126940        6     9661 9226 9017 8946 9049 9385100681092211968125511265312549
1126940        6    122431192511723118681311214278141561378413309127861200111068
1127940        7    10332 9846 9664 9593 9684 9940103801103111943125831274212755
1127940        7    125981227612115124041374614887147731448213833130531179110732
1128940        1    10017 9670 9543 9539 975410744129121470415384156331581615790
1128940        1    155971541115225153071610016482159851534214617135211203710640
1129940        2     9730 9255 9057 9027 927010304124951402014337143911437714283
1129940        2    140661400413842139321519316162158921538914804137561230210939
1130940        3     9946 9528 9344 9319 959710665129561457814969148931471714506
1130940        3    142391412513965140161526316306160281558614997140501261411192
12 1940        4    10259 9877 9713 9684 998511070133771488315147151011501014839
12 1940        4    145421438514193142681543516545163761599315482145371312611682
12 2940        5    1065010245 9991 99381019011175133831494115238150811486914603
12 2940        5    142441408213834137921477215637152911474514171134171225210968
12 3940        6     9975 9468 9199 9092 9204 9625104881153612568129721290112571
12 3940        6    121181176111517115951292913987137261325712728121261130110278
12 4940        7     9370 8864 8603 8475 8525 8745 9188 989310861114651160511599
12 4940        7    1147411165109521112312698138811381113482130071215710988 9931
12 5940        1     9094 8737 8599 8586 8823 9931122441412914753149871512615162
12 5940        1    151501505114915150681609116613161561552914723136961208810575
12 6940        2     9581 9104 8866 8792 9006 9983122361383914169142731429714197
12 6940        2    140071397413844140011521016075157551523814642136161205410529
12 7940        3     9530 9045 8823 8757 8945 9957122341407314607147371486314925
12 7940        3    149081491914896151431627916939166451618415602145301305411591
12 8940        4    106431025610142101511049911612140171553315836158331578315609
12 8940        4    153341519014992150691634417485173041687816328153301381112331
12 9940        5    113371084710643106411093411995142711582916085159661578215459
12 9940        5    150851494214810149931606916727163421574015052141961299011583
1210940        6    10491 9926 9600 9430 9521 9923107341176313019136631381613629
1210940        6    133091301612898131511449315207149251440713873132221229611193
1211940        7    10222 9601 9204 8982 8946 9115 95151025811395122131257212749
1211940        7    126921241112218123661377415081151151482814442135521237911239
1212940        1    104761021310160102631066211818143011601316449164511630516201
1212940        1    158661578415642158301718618425182691780717267162061460613010
1213940        2    119841152911356113551165412719150541672617009169631680516674
1213940        2    163651619215983160771737318364180971756316962158881427412623
1214940        3    115321107210830107871101612097143981605816443164931645416362
1214940        3    161921605615943160981731718073177761727116699157261416512528
1215940        4    114051092110645106481090911985142771598016288162911611215857
1215940        4    154761535315255152571646117597173791690716429154851401612453
1216940        5    113411082410596105581078811864141171594716455165351648316330
1216940        5    160711591815771158091682417429170781643715814150341381512376
1217940        6    112221057710239100791011910512112971236613610143791465014522
1217940        6    141481385713644137251485415617153171478314138135001258211435
1218940        7    10397 9754 9341 9185 9152 9313 97841048611589124701291413098
1218940        7    130871281512583127331398315087150921484414480136091241411132
1219940        1    10197 9812 9684 9644 990911002133091511915618156841564215532
1219940        1    152611510814895149671635417678175291709116509155701403312401
1220940        2    112981080910617105681085911961142651587316178160641593615658
1220940        2    153881523315011150801635717604174531700216464154611397212266
1221940        3    111191060110328102521047111494137231532215581154141522214911
1221940        3    145231432514126141081535016610164451605215542146621325411610
1222940        4    10529 9974 9779 9724 997111046132291484815245151021491914630
1222940        4    142001395713710136701493216146160361560715184143481300311478
1223940        5    10374 9786 9515 9478 964610484122851388014575147141464314371
1223940        5    139351367613463135521484115729154201490514396136221251911169
1224940        6    10023 9353 8904 8659 8631 8852 93411031911700128081338313586
1224940        6    134411313813052130051378814092134091270812281119381140610570
1225940        7     9659 8984 8490 8279 8224 8403 8897 964210550110931124811226
1225940        7    109841049510026 992910702116021173411735117721149010857 9995
1226940        1     9213 8822 8640 8634 8733 9138 97711040811328120621240912444
1226940        1    122291179711447116241299014532145571428513890131741207110908
1227940        2    10061 9667 9516 9500 973210575120801358214537148921490214725
1227940        2    143671398413668136921484616135159191541314776138431250711155
1228940        3    10202 9758 9536 9489 969010422119831338814200146071480014712
1228940        3    144351414313963139931503916049157631528514631136531231210925
1229940        4     9925 9495 9268 9217 939810215118621338814319147861504815082
1229940        4    149671484314719148111608217373173331688716411155261423112929
1230940        5    120641164411472115021169612437138991522916079165171649616290
1230940        5    158191536515015149231588317113169281625915780149611385312627
1231940        6    116631114910894107641077111047115411221613256140361421313987
1231940        6    135361306112817129461413615094147371404613293126421185911246
