 1 1950        7    10553 9955 9426 9096 8991 9053 9292 969710446113371200612390
 1 1950        7    124831218711964119411288713763135851314512726120261119510328
 1 2950        1     9491 9024 8823 8762 8855 9261 99411080811836128741348013732
 1 2950        1    136151331213070131681441115828156911533614790138551256911418
 1 3950        2    106071025110161102071053011639139601559615924159411594315832
 1 3950        2    155831541515283154621659917562173601678516090149531345812061
 1 4950        3    111101066910508104621073311703139151550415789157431573215634
 1 4950        3    154221530615184153181642417697175771717816615156291413912824
 1 5950        4    119721163911508115321186612908151861681417028170501686416593
 1 5950        4    164111618015933159381691318130180001758917005159311437813019
 1 6950        5    121071172311548115311175212733149581654316753167221658916368
 1 6950        5    159861579515580156061643116950165451590115263143441312711844
 1 7950        6    1083110298 9963 9825 976810028106111149212552135691404214071
 1 7950        6    138111334212963129221384514908147451422513654129531209911163
 1 8950        7    10318 9890 9645 9546 9582 9787102511088811911127151305913250
 1 8950        7    132151285312527125741366815192152401484114414135521246911507
 1 9950        1    108201053410429104361075011851142151591016170161691601615902
 1 9950        1    156491539715154151641611717465172591678016150151061363912331
 110950        2    114961114911017110541138112490148081646916724166221648216252
 110950        2    159441573115500155091652117841176571722616568155931408012781
 111950        3    119021153711501114081170812784150651676517154172001737917374
 111950        3    173091729117142172101800618790184561789417171159821441513038
 112950        4    121431175111531114751170512681145671611216651169261709717070
 112950        4    168521657216305161431674117601172661670415963148521330511906
 113950        5    109731048210221100981026511191132731490715201152521528415041
 113950        5    146941446514152139901455515531152411468514092132561211310947
 114950        6     9983 9502 9223 9055 9110 9428101531109912308131881352113374
 114950        6    129261249712150120621280813912136881321112599119031099810080
 115950        7     9227 8707 8371 8220 8199 8350 8744 931110294112341177512095
 115950        7    1208111739114281142612272133721319012645122181142910461 9539
 116950        1     8812 8394 8179 8153 8296 9088106061205213008137071421314254
 116950        1    142251410213980139601467515583152401464013885127451139410125
 117950        2     9207 8767 8538 8468 8690 9645118441363714063142531437114383
 117950        2    142481421814076141171477215787155851506914409134051201210709
 118950        3     9816 9396 9181 9149 939810430126921450014998151831531315315
 118950        3    151841514814980150151575916660163871588115191141281263011313
 119950        4    10367 9944 9726 9636 989410909130961478215200153371541215340
 119950        4    151571507414910149081560416448162001567915026139141251111150
 120950        5    10190 9740 9499 9450 966110624128421457515054152581540115451
 120950        5    154001533615203151221544915977155611491514236133111214111003
 121950        6    10056 9520 9249 9110 9199 9528102981130212571134361389413963
 121950        6    137331340713155130971364914487141981368513063124101164210671
 122950        7     9856 9363 9071 8966 8965 9159 96231025111344123421284913203
 122950        7    132861306012877129261372114711146101417113617127301178710847
 123950        1    10081 9803 9649 9676 995610994132591491215322154261553915508
 123950        1    153361529715162150761584116959167651624915497144481296811681
 124950        2    107741035910179101781043611496137871544015805158461576115699
 124950        2    154711538415170151651578816977169751647015817147751331411966
 125950        3    110731066910475104621069411754139741551315753156781564515535
 125950        3    153561523815066150971573416917168831642815831148091332411994
 126950        4    111961084910681106991092712008143491588116049159791581615723
 126950        4    154081517814951148961546216869169511648915965149441350812140
 127950        5    112371090610725107151096811956142361583016094160661605715861
 127950        5    155941538515115149751547516714167281627115792149931391012790
 128950        6    119351157211402113381147511891126701365514747153941542215208
 128950        6    146711407213637134561400415501156531516614666140651319012281
 129950        7    115151113710918108641092611194116561227213150137011388913871
 129950        7    136131317512772127101336914834149511457614247135791270311668
 130950        1    110021075510704107601107312107144531611316409162691611915811
 130950        1    154401514714773146451517216603167891633815744146541319811905
 131950        2    110321070210550105431080711887142111576215985158811575615513
 131950        2    152101497614671146491535316580166931617115507144101293211555
 2 1950        3    107001032510131101111036711352136121517415430153711530415054
 2 1950        3    147871455314349143321492616158161761564915041139931249911162
 2 2950        4    10315 9937 9762 9726 997811013133531489815206151901522615093
 2 2950        4    149121476114595145921515616587169331662216140151171375312513
 2 3950        5    117071136411251112691159712689150281656316789166411650316157
 2 3950        5    157371542315102148541526516434166401623215626147951356412493
 2 4950        6    116391108510698105451062010957117671274113920148491534615511
 2 4950        6    153691507314652144521472515683155471480913939131021221211320
 2 5950        7    106221024310060100311012910416108851152312528132781376414028
 2 5950        7    140271375213569136511440416088166601639315839149221384912937
 2 6950        1    124031219312139122071254813741161571730417713178671796517820
 2 6950        1    175321735117163171411768018930192041883818210171491569014351
 2 7950        2    135381318413054130651338214376166181805018142180661790817534
 2 7950        2    172131684216510164041672918188184101798417440163251489613570
 2 8950        3    126961235612220122541254613611158981730917385171851696016668
 2 8950        3    163041608415849158081631917670180871773317097161501467413401
 2 9950        4    125781221312068120881229513361155311688217052169341679116469
 2 9950        4    160791584715643156421609117252176901720016667155531407512740
 210950        5    118571149511377113311159512599148101624316487163151609715783
 210950        5    153811516914868146611501916052163031570215215142821314411956
 211950        6    110221052010267101431020810579113381226113271137841383913580
 211950        6    130781262712292122221265013967145441411513611129901219811383
 212950        7    107061037810270103101053210883114761222113226139481428014396
 212950        7    142331389013627136181421415698164421612015633147411357712551
 213950        1    119041169411608116891199913116154041685117079170711693816700
 213950        1    162861600515663155421596117276177511736716773157791430312993
 214950        2    121681182311681116991197113067153191667016763165631639716157
 214950        2    158121550415259151291550316716172151675816341154531409612835
 215950        3    120861179411674117481207413159153481680216944167381650116242
 215950        3    159271576715584156461619917274173121677815967147341315211779
 216950        4    108371036110092 99991023711218133131462415023149641492514808
 216950        4    145521442114180142161463815726161101571115162141951282811507
 217950        5    106651029010111101271042611492137001514015406153261518614954
 217950        5    146381436014087138971401514945155141508714614138611282911722
 218950        6    109021048510279101811027010700113901229213249137211370313346
 218950        6    128231231611897117451202813202140021368613230126011181910936
 219950        7    10235 9840 9645 9601 9684 9930103591097811785121841229412236
 219950        7    119511150211149110591148412733135761325612775120571116510366
 220950        1     9695 9415 9243 9287 949710130113501256513441139281409614068
 220950        1    137811354413365134241392714961152681486214151132551200210874
 221950        2    10097 9708 9574 9558 982110806126881435215146154581562515614
 221950        2    154381524115002149081525716150163621585915205141571287511605
 222950        3    107931039710204101931046211428132971480315485156041561015454
 222950        3    152211494114628144261470115664163381596415416145111317011919
 223950        4    110401061410372103361053711430131811467015330154691543115267
 223950        4    149791480914592146111507815839159881550314881138351252011285
 224950        5    10384 9948 9712 9641 985210682124131400314902152941546415430
 224950        5    151871490214566142591429115004157781543215012143001326212217
 225950        6    114051100310797107351083911277118981280513900144791464714413
 225950        6    139421344913056129001318714199149881462814125135071270411848
 226950        7    111251075210589105561065110942113381200012901135311382013843
 226950        7    136171315912766126111304414160154171517614760140111292211993
 227950        1    113511111711089111191141112383146161633216976172531737617346
 227950        1    171751699416730166331695617602177341717616343151561365912352
 228950        2    114911131411090110021120512127135851484415621159751621216319
 228950        2    163181609415787156601595416560167671622015467143821301411756
 3 1950        3    108511016010033100421048911510136191519315730158781590215860
 3 1950        3    156701551015307151451539316074166471622415628146541322011929
 3 2950        4    110901073510580105771087811893138961528415564155291550115365
 3 2950        4    151361503614776147221499315779166111627615766148351347012225
 3 3950        5    113691097710823107911109312122141471556615852157801566615446
 3 3950        5    151151488614568143971445015047159231561515104143561325712173
 3 4950        6    112911088710679105951069111088117151268913677141571423213965
 3 4950        6    134821291812532123681258013393144431418313706130751223911336
 3 5950        7    1058910168 9948 9889 993410184105041115712005126011284912957
 3 5950        7    128551267712514125831310814021146761427613739128561173310722
 3 6950        1    10063 9763 9627 9631 991610935130181467215316155001555615500
 3 6950        1    152711506614778146101477915296160831570015088140081259911267
 3 7950        2    1040710017 9863 97781005911063130261458414968150771509914984
 3 7950        2    148031468214508144851494215596159661549214884137711230110978
 3 8950        3    10046 9642 9413 9297 950210427123401390914274143621440414324
 3 8950        3    141981415513999139661430014973153681493614307132791187310618
 3 9950        4     9830 9499 9367 9384 966710732129191464915321155201566815602
 3 9950        4    154311528614969148491511115778168411669616226153011390012637
 310950        5    118111145011319113041158012583144981597516247162011607215842
 310950        5    154711519214744144841452114988159531568915214144411333012203
 311950        6    113501085410601104981059310982115641258813610141661422813897
 311950        6    134011300412729127091308613822145631421813737130181219311238
 312950        7    10440 9999 9735 9623 9641 9838100831080111852125381278412853
 312950        7    127011235812113121381253613360142661403413549126571151110516
 313950        1     9877 9543 9413 9427 971310732127451438014834147671469314514
 313950        1    141981402013770134921356613980150411483114184131611175310516
 314950        2     9682 9290 9115 9091 936310365124121413214649147581483114754
 314950        2    145551442714195141641450015068155741513514538135041205110755
 315950        3     9890 9463 9249 9181 940310358124181407914583146651469914567
 315950        3    143271417513974138171404214484152261495614333133331188210538
 316950        4     9725 9296 9105 9082 930310275122481393114436145101456714413
 316950        4    142021408513822136411382214332151481499114443133721197710691
 317950        5     9803 9356 9152 9071 928410223122161398714638149131502314934
 317950        5    146011440114145139791411514332147211432013692129021180410659
 318950        6     9826 9322 9056 8940 9003 9340 99231107912223129401312013007
 318950        6    126051209811681114681156612085131331299412564119471107010157
 319950        7     9511 9084 8886 8814 8856 9051 9235 995410834114161162611665
 319950        7    114251107010707106151093211724131361323012859120521108810108
 320950        1     9451 9208 9109 9164 944210416124821410414564145881456114426
 320950        1    141451394913670135261367914197150301499414408132181176410507
 321950        2     9660 9237 9068 8966 918110109120111363814067141841433414328
 321950        2    141601416114082140081419614579150771479214151130391156610288
 322950        3     9493 9085 8898 8865 910010090120041366214073142311433614258
 322950        3    140741391613745136671386814262150321488114306132801184210534
 323950        4     9804 9429 9223 9176 942610337122731387714246142801433314267
 323950        4    141951420614075140101421614624152301505214478134631204710790
 324950        5    10015 9599 9388 9348 962910573124731417414784148951499914853
 324950        5    145381441714187140061403514300149911481314291134411235911185
 325950        6    10360 9895 9691 9563 9652 9961105791170812711132731330213047
 325950        6    125611208911772117041193912419133961329912787121321122410362
 326950        7     9670 9271 9021 8915 8966 9085 93621012510950115061171011748
 326950        7    1157111192108551074511011116171284513063126471179810757 9816
 327950        1     9189 8961 8888 8953 929810325123571397414410144981452014354
 327950        1    140921389713619134341347213822148031493714396133321197610851
 328950        2    10083 9695 9550 9542 983810740126951405614419143981437714155
 328950        2    139251378313558134241361713970148261487514364133661191610711
 329950        3     9951 9630 9473 9480 976310680126011400414241141671414713977
 329950        3    137111362713344131221313713555145151465614166131911178610565
 330950        4     9777 9426 9261 9247 951310445124691410314503144751449814487
 330950        4    143421434314179141011440114741152581505414497134821192910697
 331950        5     9789 9391 9121 9095 931810204121981386114326143751440114244
 331950        5    139631383013575133151329113467141761419913706129241184110713
 4 1950        6     9854 9424 9233 9148 9241 9528101491124512254127051272712515
 4 1950        6    120891172311383112581138811895128741304312630120281117810285
 4 2950        7     9566 9184 9173 9161 9130 9179 9394 985510454110921159911857
 4 2950        7    119081138311005108291092611235116411260912947127011142410391
 4 3950        1     9624 9368 9257 9315 961610653127651441114823148011468414548
 4 3950        1    142671408913763135111358413744138551454714569137141226010887
 4 4950        2     9946 9486 9254 9180 933510209121951398014621146261463114682
 4 4950        2    144621431313900137391394913956138111444414819140791284711635
 4 5950        3    108311055210444104361073211776138211556315990161861624316116
 4 5950        3    158801573215397151931529115308152911596316196152781388112516
 4 6950        4    116161121111006109761120512176141471554615931158841575015458
 4 6950        4    150071471714291140691415314405144771496714935139621257211193
 4 7950        5    10347 9864 9669 9609 976410746126501440314829147341463514375
 4 7950        5    140131383713531131741300012803127041326513546129521192610860
 4 8950        6     9935 9461 9303 9246 9360 9789104441147812613133261359513545
 4 8950        6    131791286012630125251271612991131001331913143125081160310616
 4 9950        7     9803 9252 8954 8805 8804 8970 9287 998911127119711232412296
 4 9950        7    1205811608111961105011336117561215012767126971195410983 9986
 410950        1     9275 8997 8969 9066 935810513126601441714951150191494114715
 410950        1    143681412813785134931354213578136301419114383135041208810810
 411950        2     9911 9573 9395 9422 971410732127501434314611145941448914246
 411950        2    139661384013508133161323613203130911371214206133491192010529
 412950        3     9692 9371 9184 9136 934210293122561401414672147891487114363
 412950        3    146091459114337142981443514416144751464614427134361189410510
 413950        4     9587 9201 8900 8771 8949 9861119091359114122142341424814110
 413950        4    138901386613574132981331013354134471372813680127981148310168
 414950        5     9237 8794 8549 8489 8634 9346107611231013157134561354213451
 414950        5    131941304612818126041262412665125181271812864122321119210054
 415950        6     9222 8722 8482 8358 8421 8754 92221030611516122931248512260
 415950        6    118541143611078109511111311346114781190512352119541107010082
 416950        7     9212 8721 8437 8281 8285 8505 8800 964510610111921132511326
 416950        7    111811069610178 9945 9883100041024111028118061140110507 9623
 417950        1     9027 8786 8730 8757 9034 9871113201282013643139341407413894
 417950        1    136001336713028127391272812677125891305913588127711143310209
 418950        2     9373 8976 8781 8726 8969 9909115101310813739139521401213880
 418950        2    136601355313307130551294112891126711311213545126991138610102
 419950        3     9252 8869 8650 8568 8770 9594112791308214065146301490314857
 419950        3    147681465114408141471418314083138181386613820129631157510300
 420950        4     9331 8889 8630 8539 8728 9588111341276813516139321402913937
 420950        4    136901357413348130631300012806125871298013439126521137810096
 421950        5     9196 8742 8508 8430 8615 9444109901264313478137921395113905
 421950        5    137231364113468133791342413470133221333113219124881140310199
 422950        6     9354 8838 8506 8342 8368 8695 91851031511461121711237412257
 422950        6    1186511436111521102311048111241113111444118511135210516 9569
 423950        7     8807 8363 8092 7970 7978 8136 8347 907410040107811108011187
 423950        7    1103110710103981028510377105961076611306121141152610440 9418
 424950        1     8690 8439 8276 8280 8551 9529114561319713871140451408513975
 424950        1    136851361313352131351307112967126691291013621128471141410093
 425950        2     9219 8875 8657 8657 8920 9825116881328213775139081392713816
 425950        2    1362213545133721315213091129491263812860135771277511360 9975
 426950        3     9120 8695 8499 8451 8670 9547113761305613627138051386413827
 426950        3    136561358813406131911311412966126461284213548128051133910008
 427950        4     9109 8689 8490 8439 8661 9545113881313513662138531396413961
 427950        4    137871372813550132721322613068128441293713529128391138910069
 428950        5     9119 8615 8385 8294 8470 9309111331297913730140221425114199
 428950        5    139831387413634133851328313049127461276513046124011129810099
 429950        6     9157 8671 8341 8220 8251 8583 90741025211404120481218812034
 429950        6    1173511405111411100011019111841126311504118771133610501 9569
 430950        7     8760 8299 8027 7874 7855 7996 8206 8936 9942107041112211274
 430950        7    1124010980107791078911074114311164412016123681162810506 9470
 5 1950        1     8777 8449 8331 8349 8608 9611117651368914353145721466714565
 5 1950        1    143131410713818134901344613282129471311913731130041160010287
 5 2950        2     9371 8961 8821 8762 9002 9886118361351013963140851414114063
 5 2950        2    138741381313607134591356813584134361357113904130461155310245
 5 3950        3     9330 8890 8681 8627 8821 9685116541334313782138511392213806
 5 3950        3    136661362313424132601323513066127571284513526128021137110032
 5 4950        4     9100 8673 8482 8404 8625 9488114231304513550137361384013788
 5 4950        4    1362813649135451337413298130611277512884135621283711375 9997
 5 5950        5     9023 8555 8328 8223 8406 9218111401292613627138731402613993
 5 5950        5    1375513675134861320713142129241270812703129791233511215 9884
 5 6950        6     9024 8488 8239 8132 8186 8427 89991020011323119371208311948
 5 6950        6    1159011215108971072210740108231080910933116081127610476 9540
 5 7950        7     8744 8311 8100 7992 8049 8116 8421 916910141108091107611167
 5 7950        7    1106010756104321033810444106841082111136119861156310495 9458
 5 8950        1     8716 8416 8323 8334 8589 9517114861334614000141961427514171
 5 8950        1    139301384013610133561335013191128271281013465128241138710009
 5 9950        2     9091 8708 8519 8486 8712 9517114781311513674137651390913863
 5 9950        2    1369113743135661337213370131541275412751134971282011329 9900
 510950        3     9007 8562 8350 8270 8434 9286112391306913737139231410414120
 510950        3    139621392813769136321375413762135861354213790129521149610153
 511950        4     9155 8826 8582 8464 8632 9507114931344814169144041462114581
 511950        4    144171428814162140051408114112139251385213970130801166310295
 512950        5     9355 8898 8680 8587 8754 9582114871332813913141591416214079
 512950        5    138911376113560132781313512903126391259912952123891130410050
 513950        6     9066 8530 8290 8127 8149 8349 89671017411462121621238912292
 513950        6    1194911624113051113911130112371118411151116751145710629 9621
 514950        7     8746 8228 7980 7851 7845 7835 8135 8948 9952105791079210761
 514950        7    106191033010078 997310064102571050910911117301127410179 9178
 515950        1     8460 8091 7986 7947 8135 9055110041310113945143311460814654
 515950        1    145041437814141139641409914116138631374613853130011154710183
 516950        2     9221 8758 8575 8479 8691 9466113941319513750139041404014021
 516950        2    1390813918137201349613450132181285212773134211291411402 9964
 517950        3     9044 8549 8323 8240 8388 9229112071314913793139501409914095
 517950        3    139791402713923139671422414333141011389013825129801150810098
 518950        4     9159 8714 8475 8371 8545 9328112551309613746139961418414236
 518950        4    141021410113921137101371713663132271310213547128981150810145
 519950        5     9141 8627 8411 8304 8454 9197111541307113760140781426214143
 519950        5    140181396213740135511350313279129701279213002125031136610097
 520950        6     9107 8574 8296 8153 8185 8326 90071023511327119261201111856
 520950        6    1154611167109171077010809109261087410874114301130110415 9397
 521950        7     8519 8017 7743 7599 7581 7515 7830 8674 9747105131087511009
 521950        7    1095810753105131049310660108971090811028117571159810421 9301
 522950        1     8490 8097 7962 7907 8094 8775107811279313667141171430814410
 522950        1    142981429314160139721391713696132331301713476130631154110051
 523950        2     9056 8562 8378 8277 8454 9146110531295013664140581429614330
 523950        2    142691435614255141481409213752132431305413572130961156710094
 524950        3     8649 8114 7854 7697 7825 8565107111269613453138971412214244
 524950        3    142101437614454144791446514266137561355013923133881185510269
 525950        4     9740 9238 8967 8844 8955 9693115401335714063144261465814635
 525950        4    145791453714343141271404413794134391326913771132511180310356
 526950        5     9343 8802 8511 8436 8594 9208110651297213702141181427114269
 526950        5    1407313995137631343513207129321256712380127141233411180 9897
 527950        6     8887 8363 8082 7888 7869 7905 8439 955710723114471167711587
 527950        6    1140611096108421072110772108431079610735112351118110252 9249
 528950        7     8455 7925 7664 7493 7506 7387 7749 8550 9598103101058610680
 528950        7    105661031110025 9910 99731012810192102941076410574 9715 8805
 529950        1     8045 7632 7452 7349 7390 7543 7850 8689 9868109451161411937
 529950        1    1186811497111481107611238114511153011682119551141610188 9067
 530950        2     8349 8029 7892 7822 8014 8740108051286213803142691458914653
 530950        2    145951457214433142321419213895134071312313523131821162710124
 531950        3     9116 8591 8362 8246 8417 9052110261303213952144801486015073
 531950        3    150971525315294152561528414937143691403114459141671252110905
 6 1950        4     9789 9232 8909 8721 8881 9518114701353614566152311574116045
 6 1950        4    161601633816360162571618715679150061455214787144961287411207
 6 2950        5    10038 9450 9142 8968 9081 9683116141360214582151611555315852
 6 2950        5    158941600916003157561553814936143721397714199139191264211215
 6 3950        6    10126 9521 9137 8916 8913 9010 95671086312203131481360213705
 6 3950        6    135571330913108130031309113134130141284113145129071185110659
 6 4950        7     9648 9069 8718 8503 8422 8372 8612 932510430113371186812184
 6 4950        7    1217211958117561171011801118821179611813123811226111034 9772
 6 5950        1     8857 8438 8272 8182 8323 9020109461295413985146251506215243
 6 5950        1    153171546215404153281532814991143861399614335139871237210777
 6 6950        2     9706 9139 8867 8718 8855 9480114541340114418150271552615804
 6 6950        2    158931603816037159771589215481148131434814728144461281711235
 6 7950        3    10140 9560 9288 9151 930410105120201404414924154121570715629
 6 7950        3    155161548315398153461534215100146111421714391141281254611152
 6 8950        4    10058 9436 9094 8917 9107 9775117341383014951156891632616515
 6 8950        4    164521638515891156331564515308146691422914255137271221410668
 6 9950        5     9621 9063 8797 8646 8776 9409112611319013977144151471114828
 6 9950        5    147501481414609143751418613754132171278112924129021174410347
 610950        6     9295 8668 8362 8158 8111 7984 87341007111378121721245712423
 610950        6    1223111965117091159911603116161152511421116881158610527 9776
 611950        7     8756 8207 7936 7801 7712 7752 7987 8718 9781107631131111686
 611950        7    1172311502112361113611261114631154311608121091197810916 9780
 612950        1     8989 8582 8415 8353 8630 9439113761346914506150761546415522
 612950        1    153821529415058148691485914620142381393613906132131175010325
 613950        2     9353 8860 8639 8510 8658 9336112251319213993143741468514749
 613950        2    146761468414490143021431314165136141333913585132971190710435
 614950        3     9354 8865 8628 8534 8696 9422112481321914056145721484314927
 614950        3    147931476114570144541445314230137531342413710133611193110485
 615950        4     9464 8905 8644 8518 8658 9271111181306113991144141467514745
 615950        4    146201460714440142511419813894134181310413414132171180610381
 616950        5     9338 8821 8575 8457 8584 9123109281287513979145571498315180
 616950        5    151481523115263150311482114400138321339513469133901213710714
 617950        6     9630 8973 8541 8386 8380 8382 90971028811780128301332213394
 617950        6    133041309713030130341314713195129721270712926129181191010639
 618950        7     9645 8974 8611 8361 8275 8122 8501 949410733118391260313107
 618950        7    133541337213343134591371013794137071369814250145201330611929
 619950        1    1084410258 9957 9805 990610525124281477116438175701841218876
 619950        1    191271951519674196871972019326188251838118470183111662714687
 620950        2    132721250512047117261175112207139091613517638186651937319652
 620950        2    196331957419482192571881718172172871650216130156801395312127
 621950        3    1087910152 9805 9559 962310094117371355114694153521580915936
 621950        3    159031605715916157731568015248145561400914091140141264511170
 622950        4     9994 9424 9152 9012 9127 9706113351325514443151491566615890
 622950        4    159891611516082159521583515387147191414214291141291272711180
 623950        5    10070 9436 9116 8955 9057 9554111031296814178149361544015657
 623950        5    156551569515634154401526614830142191371013772136791246111070
 624950        6     9993 9371 8985 8766 8753 8771 94071062611787129971348513697
 624950        6    134901329013149130851309013188132111293113089131371238711360
 625950        7    10240 9625 9256 9070 8989 8915 92261008311182121911280813240
 625950        7    134161331513226131931334513463134011327113598136501261011369
 626950        1    10408 9967 9718 9648 980710456121551425315644165901721317549
 626950        1    174681742317260169941674516308156391514815124146931315911643
 627950        2    10482 9896 9568 9395 946210027115151336014376149631533015388
 627950        2    153211531115127149541484814542139291351913568132861193910556
 628950        3     9499 8940 8690 8565 8711 9167107291254813573141801455214733
 628950        3    147431485414830147091469814454139231344313579135501223810716
 629950        4     9686 9096 8812 8669 8844 9395108761274713893145881516215422
 629950        4    155431575515731157051563615332148281438514404142791291511329
 630950        5    10186 9553 9221 9069 9177 9675111751307814390152901594216316
 630950        5    164361671916704166481649516112155301491114778146151338011899
 7 1950        6    10683 9971 9546 9272 9175 9192 97821089612224133081399714363
 7 1950        6    144601433614217141721413714064137421348913647134451254811359
 7 2950        7    10420 9805 9405 9146 9042 8912 9181 998111138121031268612999
 7 2950        7    130321284812582123841233612301121311186811962119141108910025
 7 3950        1     9077 8539 8282 8137 8148 8341 92851072812003129061338313557
 7 3950        1    135291343313412133601352313489131051263712622125021151210351
 7 4950        2     9281 8635 8333 8076 8014 7887 8326 924810463114921209612400
 7 4950        2    124351229312169121611238512471121981193312089121101142010455
 7 5950        3     9529 8974 8705 8535 8631 9134106061260914066151081580416301
 7 5950        3    165161662816632165741658816281156181501415057147951330011686
 7 6950        4    10516 9859 9545 9361 9460 9985114381335814690156541636416911
 7 6950        4    171661753217494175231746217070163761569315605152471386112258
 7 7950        5    110161035910018 9823 994210458120161396215483164421701917351
 7 7950        5    174211751417512173221704416620160431539715284148721366012310
 7 8950        6    111991048410043 9824 9760 9795103321155012870139011448014730
 7 8950        6    147081453214306141531408714013137101330113276130491207010872
 7 9950        7     9726 9079 8716 8443 8335 8196 8392 919610291112151176812049
 7 9950        7    120621187211656116101173011888118301170612089123121131510152
 710950        1     9273 8830 8636 8568 8757 9308108061274114077149531549815820
 710950        1    159411600916087159791590315708150651454614660143401296911453
 711950        2    10320 9732 9400 9247 9360 9878113871324314442150641548715700
 711950        2    156561567515619155101545515090145211408514176138241258611160
 712950        3    10039 9467 9225 9116 9240 9815113651324214456151751584216094
 712950        3    162751643416490164451648616192156051509815235150801364012033
 713950        4    1078110157 9826 9651 978710376119971395915293162631703917716
 713950        4    180041830818392184351849918231177091718717231171341557413801
 714950        5    124101172811241110381106911561131641530416984181461915419772
 714950        5    200802040520459204472030019819192721870318636184961717315606
 715950        6    142781344712907125501240212357129881432315416158261631716814
 715950        6    170961721117194172961730217254169141632416187160771493713525
 716950        7    1225011345107981038510142 9842100971096712076130371365314041
 716950        7    142081402413715135641367513711134861324213532135881253411304
 717950        1    10375 9843 9586 9383 964310330117251360314948157331627116489
 717950        1    164841651216353161361612415886154011504015020143571287011416
 718950        2    10303 9741 9456 9291 941110118115501335014501151391560115812
 718950        2    157881591515934159431606115932155091518315359150111363312100
 719950        3    1092410269 9952 9715 978610315119041393315350161671672816973
 719950        3    170761725517205171871716016853162861565815693154791402112399
 720950        4    111261041110018 9819 988010423118801384015300163541712017549
 720950        4    176911786417841177891779517374167831626816463161641476113156
 721950        5    119621125510908106961079111424128491475016023168691738417692
 721950        5    177791789617762174801725316822162771572315845156091431912832
 722950        6    115461074510284 9978 9874 9903104491169313258145001534415655
 722950        6    156341551915521153891544215406151451473714938148331382612629
 723950        7    11431107381030610054 9955 9896100531082511873128471359114100
 723950        7    143321434414343143381463714863148161470815100149381388812586
 724950        1    115601099210658104881057311122127051487516520175431819718634
 724950        1    188331918019197192101919718854181841763417748172381559513910
 725950        2    126551194511563113021139412041135221542716790177021834618849
 725950        2    190621930819439193491933719061184371796018166177331610814463
 726950        3    131741249812138119501204912781143521643317972190381970620119
 726950        3    202932039820165198911968819294186871815418128176161604214460
 727950        4    131861244312045118301190512494139991617517837189681973420229
 727950        4    202992049920473202502005119688191681868218859182941661114826
 728950        5    134761259612119119161194212512139071582317276182841901819469
 728950        5    196171981119805194641920218584179131736117417169121554914023
 729950        6    128301207211638113331125911434118751310514741162101705317492
 729950        6    176251753317446173141733517277169151653016600165521541713950
 730950        7    129171195911443110601080710630107241168212976141291478215179
 730950        7    153191525015168152761552815668154331510915388152021388312407
 731950        1    112261056410204100071005710587119941401615589167241745917913
 731950        1    181881853218692188201894518822182921766217726171781541213660
 8 1950        2    122851156211142108831091211462129061489216563177881879519525
 8 1950        2    198342020420342204092040720003193761871218877183421661214804
 8 2950        3    134751263312164118841186912443138811587717514187321950219995
 8 2950        3    201952040020197199841965218995182181766917653168451522113649
 8 3950        4    124511178511415112331131111953134081517916345169981737817568
 8 3950        4    175381762617584174211729417012165191617916346156861429312882
 8 4950        5    117371112010824106571081811537130031495016432176321859519252
 8 4950        5    196301996019989199281962618929179121718817216165941525313731
 8 5950        6    125001176411272109821085510980114331253813842147891523215286
 8 5950        6    150761476714469142151407514010138101367213816132211230211175
 8 6950        7    10247 9655 9309 9102 9010 9070 9190 989610761116491221712513
 8 6950        7    125151228912011118971203412202122121212012458120231107510093
 8 7950        1     9278 8844 8711 8684 8852 9512109481279514055148271530515468
 8 7950        1    154291543415227151071511114856142571378714125135541206310659
 8 8950        2     9689 9135 8881 8756 8904 9523107821262313872145991512415443
 8 8950        2    155731578715869158171585015644150651453714857142111275311259
 8 9950        3    10204 9644 9340 9156 9278 9903112651313414474153501603816451
 8 9950        3    166011687616970169861706916790161891564615958153241376112170
 810950        4    1100910323 9951 9744 978810370117451365615098160891680917232
 810950        4    174281769017775177541771217428167921623816526158511434012763
 811950        5    115751081010406101901030010981123611432915945170741796018439
 811950        5    186201884718863187161858618016172131661716766161051470513225
 812950        6    120131126610828105471050010658111381236013878151521585416165
 812950        6    161691597615680155411556415545153301511115564151131409912821
 813950        7    116881089810360 9989 9746 9652 96751053511706126431324813595
 813950        7    137681372713711138201410114323142011396814553141141293411707
 814950        1    1072810150 9859 9703 980410430117511375315320163361707517564
 814950        1    177831804318036179691786317495168521638816771159621440512854
 815950        2    116661103310691105311063211386127941473215995169071758618045
 815950        2    181601839618433184751849818174174801705517389164841492713301
 816950        3    121211143511110109001108111849133371523316773179001887719461
 816950        3    198592017820340204462048620109194361901819415186111686715090
 817950        4    137291297612523123151231412910142801611617463184701915919691
 817950        4    198872010420048199271978319348186101803718266173841564913873
 818950        5    125611174511320110441111511712129971483216228171911781018130
 818950        5    181761819618089177721754316902160781545315562148211350112062
 819950        6    1078810177 9756 9416 9384 9541 99311102212322132761367313690
 819950        6    135131325113079129951302612988127851258812947123761141810351
 820950        7     9413 8814 8455 8244 8187 8275 8271 901610072110151159111940
 820950        7    121031202111962120721229012536124691243113042124941141810319
 821950        1     9445 9031 8846 8725 8939 9654109721282714260152671611716759
 821950        1    172201776118085182731851418404178531750517835168361509513392
 822950        2    121771142310928106491067011249125421428215633164651694517142
 822950        2    171211713017025168281673316263154481510215412144591289911429
 823950        3    10384 9770 9466 9293 942410126114111319714429152151574315971
 823950        3    159801611916093160141600715667151101481815205143501291111486
 824950        4    10486 9905 9617 9499 966110417118081364114930157611643416809
 824950        4    168241688916758165731643515891151921486315061140901262111186
 825950        5    10131 9549 9218 9026 9132 9801110321275913928146471498415140
 825950        5    150781511315001148071462714291137761359013865130621189610578
 826950        6     9583 8985 8662 8453 8457 8690 90701025511403124181283912869
 826950        6    127101248012276121681214312244122051238112776121931128210304
 827950        7     9451 8932 8654 8485 8458 8582 8788 950010566114661202412350
 827950        7    1240712138119221186011986121341206712304127601212411067 9969
 828950        1     9180 8743 8553 8503 8682 9499108871266213940147951513615523
 828950        1    155021557315488153411530015003144841436314601135821204310629
 829950        2     9640 9074 8809 8712 8825 9598110461273213808145701507215345
 829950        2    154461564315674156081563415388148921487615153140981262111152
 830950        3    10085 9549 9227 9095 9203 9962114761319914212148641520415400
 830950        3    154311556215495155001545315201146751462314843138061221710760
 831950        4     9688 9160 8931 8776 8923 9649112551296313989146361519915519
 831950        4    156651593215985160101602315781152971551315668147261321811798
 9 1950        5    1079310225 9895 9707 987410680122931407615338161721662916878
 9 1950        5    168491692016806166391643715905152631526415291144101306511680
 9 2950        6    10572 9868 9472 9176 9114 9289 96261043711605124721282712877
 9 2950        6    1278312553123161218412212122581211212333125951189610922 9896
 9 3950        7     9002 8433 8100 7928 7872 7954 8023 8755 9817106501109411308
 9 3950        7    1134711164109931093511065111601107111376116831108710233 9303
 9 4950        1     8540 8068 7847 7737 7726 7879 8075 883810050111691177712024
 9 4950        1    1203311851117561176411999122391216712696130651221010915 9791
 9 5950        2     9021 8601 8415 8335 8587 9488113021309814171149771564216001
 9 5950        2    162291654116573164861646516116155591576915737146171296611435
 9 6950        3    10398 9817 9439 9284 939610264120621376514700153301576715972
 9 6950        3    160131621816240161201609615755151731534215357141541260911069
 9 7950        4    10085 9521 9266 9164 933710284122221394614883155161603216400
 9 7950        4    165581683916894168541678316400159441624816089149051325111747
 9 8950        5    1077110156 9831 9673 977710588124451400714694149791508615027
 9 8950        5    148201463314450141441396813754135511373913491126421145510274
 9 9950        6     9309 8790 8501 8330 8350 8644 92811035111576123871271212688
 9 9950        6    1244612273120391192411948120921216312569124971183610863 9865
 910950        7     9060 8516 8243 8052 8013 8145 8338 906210172110691141211666
 910950        7    1159411403111931107711258114481155012320122621145010338 9299
 911950        1     8565 8198 8083 8053 8228 9234111371284813485139321422814307
 911950        1    142521430314231140781414414079137711425014065129861140810052
 912950        2     9157 8681 8459 8362 8544 9487113881299213609141111448914644
 912950        2    146941482714754146221462914387140411456114365132451174110357
 913950        3     9482 9029 8831 8736 8948 9936120401377114551149961533215426
 913950        3    153831540515303152381527015204150351546615136140601257311162
 914950        4    10224 9684 9478 9393 957410523127451445715256158661628516422
 914950        4    164451666116545161941583815490150451537215092139191232710788
 915950        5     9786 9207 8915 8752 8868 9713115011314013907142831453714573
 915950        5    144311441114224140171381413493131991360213385124831131810096
 916950        6     9132 8614 8381 8215 8235 8558 91231016311328120611224512255
 916950        6    1201311680114281129011287114151160312219120471135210440 9558
 917950        7     8744 8196 7945 7793 7786 7934 8298 897610092109591165612090
 917950        7    1230812198120481193112105123201233512791123791151510436 9521
 918950        1     8694 8347 8280 8175 8338 9299113701306813791142801455514678
 918950        1    145701462114490143121430614171139871456014149130121147910129
 919950        2     9210 8740 8541 8423 8607 9513115521306313619139131413614227
 919950        2    141531428514177140581405513931138141442714035129071140010067
 920950        3     9186 8723 8519 8418 8617 9557116011313413707139751426314272
 920950        3    142631425814139139951401713907139781451714005129831151310195
 921950        4     9217 8761 8592 8485 8672 9590116821325013901141441444514574
 921950        4    144741450914436143441439614365144411483014356132581192410529
 922950        5     9534 9081 8847 8746 8922 9890120001377014563150331531215403
 922950        5    152951530715138149141481614654146111468214185131841184810558
 923950        6     9494 8927 8573 8344 8330 8659 92251023511458121991241212307
 923950        6    1199111646113591121511233114051168612412120641137510501 9606
 924950        7     8588 8116 7906 7763 7805 7962 8273 905910116108221118811265
 924950        7    1123510980107341067810904112711176912551121541133010209 9245
 925950        1     8527 8164 8031 8011 8263 9233113241300613706141271416514271
 925950        1    141681413713962137981391814091143831465614014128821139510072
 926950        2     9200 8774 8568 8436 8625 9579116471331913982143251453314556
 926950        2    144451441414206141561438314446145731475814177131001169610238
 927950        3     9338 8860 8643 8510 8658 9610117491332013882141381436414459
 927950        3    144031446814375142191418114114142021474414206131221158910204
 928950        4     9276 8777 8563 8475 8672 9589116791319013819141011430814336
 928950        4    142201424014121139331394413860139591448914000129321146710090
 929950        5     9152 8749 8521 8469 8637 9636117191329213785140091414414050
 929950        5    139311388513682134411326913095132201370513230124001127810067
 930950        6     9139 8630 8331 8213 8267 8624 93121040711535121081220712058
 930950        6    1177111441111751104711121113921186912430120261136010456 9477
10 1950        7     8580 8174 7941 7815 7812 8004 8386 906210179109401122211325
10 1950        7    1125010996107711074310952113281195412680122721138010203 9244
10 2950        1     8494 8137 8064 8063 8286 9282114941313713697139991424414386
10 2950        1    143971454214482143881437314357145141505914365131891160410286
10 3950        2     9335 8812 8569 8443 8634 9575116511318813796141521442914562
10 3950        2    146281447914512144111436414254145081486214258131031160310283
10 4950        3     9388 8956 8673 8591 8764 9688118921359214320148441514015204
10 4950        3    151031500814783146811469114732149451498714349132841192710650
10 5950        4     9668 9139 8879 8796 8925 9873120911377714416147811501815040
10 5950        4    149011482414657145451468614837151371492214313131971175010321
10 6950        5     9449 8961 8742 8707 8796 9766118241362014379147491495714899
10 6950        5    147411458514349140761401313933141631408613554126481141110309
10 7950        6     9214 8646 8357 8183 8203 8507 92301023111514124211278812751
10 7950        6    1243512072118131169311854122111267712662121811149810603 9595
10 8950        7     8728 8169 7913 7771 7727 7894 8297 8873 9916107421114311302
10 8950        7    1128811030107741067010849111771195812310119081119910283 9343
10 9950        1     8563 8105 7934 7863 8042 8671 98941116312213129341327613274
10 9950        1    1313012933127571262412786131011379214104135131251311104 9877
1010950        2     9053 8621 8405 8353 8540 9566117291334313855140591419514226
1010950        2    141481419214079138931386013959145501476114170130271153710204
1011950        3     9211 8754 8551 8442 8638 9593117921334813813139491415914305
1011950        3    143151432314251141021411914154147191489514242131161160810225
1012950        4     9276 8783 8558 8492 8619 9591117991337113869141641444614523
1012950        4    144491460514531143951432614258148201497514316132081169010311
1013950        5     9345 8809 8562 8472 8626 9541116751322013881142661464114799
1013950        5    147951478714791145661434014046144851452913840128951166110399
1014950        6     9356 8754 8432 8249 8277 8600 93291026911504122651260212658
1014950        6    125811233812128120151213312558132741316912628119551105110037
1015950        7     9151 8587 8213 7993 7909 8033 8417 898210067109711141411615
1015950        7    1159011305110721098611161115241253512712122471138110288 9260
1016950        1     8532 8162 8059 8037 8273 9306116341323913787139961418314225
1016950        1    140131382013778136171375614036148211481914151130731154610223
1017950        2     9308 8857 8617 8560 8764 9713120151360213974140611416314070
1017950        2    139241380113627134471349413786147031474414205131621173010363
1018950        3     9450 9018 8841 8786 898910010122881379014138142131430214159
1018950        3    140111394513733135511358013810146651463914055130071151110144
1019950        4     9239 8791 8588 8513 8739 9703119151343213867140051414914152
1019950        4    140501405713940137341369913855147521466114040129721149210177
1020950        5     9193 8754 8546 8448 8616 9534117321338513970142171435414344
1020950        5    141891411813933137211364313802143761405313498126201143710247
1021950        6     9330 8801 8507 8352 8352 8670 94671050011773127811324413299
1021950        6    1307212734124431238312640130211336812994124241165010647 9594
1022950        7     8741 8162 7865 7711 7679 7847 8282 889310007107921118111338
1022950        7    1128610989107121062910867114581272312721122881144110355 9349
1023950        1     8620 8253 8122 8126 8378 9428117281341113840140271422514191
1023950        1    140981409313924137731378513980148181462613938128731138810098
1024950        2     9131 8656 8451 8371 8552 9538118121338913768139231420314200
1024950        2    141461414613995138141381414059149571473214087129681146610154
1025950        3     9272 8758 8554 8429 8590 9485116921324313662138691403214032
1025950        3    139171387013705135461357513909147721454613923129061144110166
1026950        4     9235 8776 8573 8509 8706 9718120191364614020141301419014106
1026950        4    139431385513674134801350413836148071467114111131241167110353
1027950        5     9434 8979 8812 8755 8970 9956122451386314213142801432914214
1027950        5    139561386113625133851336813802144431395213346124651134410103
1028950        6     9199 8703 8414 8244 8263 8625 93561032611558126911314313231
1028950        6    1293412546121761196212044123741296212610120771137910557 9630
1029950        7     8746 8032 7732 7664 7776 8001 8554 975810699111011130011390
1029950        7    1121910960108461101512097131081316912777122131106310159 9192
1030950        1     8759 8476 8498 8468 882010045122401370614048141581413814012
1030950        1    138231367313475134431408115451153161477414114129791154610364
1031950        2     9627 9242 9043 9033 932910404125491400614368144111445214364
1031950        2    142151417614072142871504315591149911446813992130151149010241
11 1950        3     9466 9076 8906 8856 898610149123681397114421145261464914668
11 1950        3    146171454714443144991529516118157861516414463132661174510424
11 2950        4     9556 9133 8924 8863 908510115123571402314604148601503214990
11 2950        4    148571471514510144851513615897155431497814199131361165610312
11 3950        5     9369 8925 8683 8617 8815 9824119041351214162143471451914473
11 3950        5    143211426214081140401456515182147821413013433125521137510201
11 4950        6     9299 8761 8539 8453 8552 9016 97381081211917125091263712476
11 4950        6    121161183311628117011254213949138751334112812121781131610369
11 5950        7     9591 9136 8905 8786 8863 9100 94661025411107116931196812011
11 5950        7    118661154711305114241252614095140611366213186122641118110169
11 6950        1     9486 9210 9126 9170 950810684128391436414755147651472714509
11 6950        1    142741412413879138781478716136159051536414668136001220110869
11 7950        2    10024 9652 9471 9464 978310901129541432314750148401485814776
11 7950        2    147071471414727149061575516342159371528314526133561186910576
11 8950        3     9647 9225 8991 8954 921710276124101397514396144931457614535
11 8950        3    144331438814231142541510416305160511553014883139071243611120
11 9950        4    10273 9901 9733 97111003311138132831474015052151241515715071
11 9950        4    148271472414539145651545916703165161603415408144961314511881
1110950        5    109821056310374103381058211496130651452615208153941526215044
1110950        5    146931447514284141811497315779153351466714053132161193710957
1111950        6     9860 9363 9048 8912 8943 9277 99101082211913125951269612627
1111950        6    1236512068119201203713001138271348912893122381158110661 9665
1112950        7     8777 8289 7923 7718 7654 7838 8285 899510067109151142611819
1112950        7    118621166911526116921287114270142381387213381125601147510537
1113950        1     9839 9568 9491 9536 991311059132701479815208152641530615246
1113950        1    150981502614922150891616817061167531616215452143441271611331
1114950        2    10447 9960 9744 9723 998411047132671484815268153121533315312
1114950        2    152771531215295155221650717081166061598215230140051244911097
1115950        3    10190 9724 9442 9365 957510523126711420314548145961470214603
1115950        3    144721446314378145191549416411161021559414914138861248011134
1116950        4    10242 9830 9671 9665 995211048132621462714894148721479314663
1116950        4    144141432414193142941538316427162431583115229142591284511555
1117950        5    106141026210068100581031311368135591494115219152091505414861
1117950        5    146021438114194141681505016040157401519214629138651278311491
1118950        6    107011026910031 99261001710432112311223713386139801401713817
1118950        6    135651334713204134131434214983146511404713464127331182510843
1119950        7     9944 9446 9145 9001 9006 9223 96591038711468122481266212874
1119950        7    128641262512456126141374714675145001405813553126801159210525
1120950        1     9753 9428 9293 9317 962010726129621466115256153701547515427
1120950        1    152731517815035151201610416742163641577215054140261253711129
1121950        2    10132 9641 9392 9325 957310614127981438214833149331499814853
1121950        2    146181457014368144201536216244159761547915043140591270211227
1122950        3    10340 9871 9638 9618 989710930130041454715027151311510014935
1122950        3    147441463414518144531525916165158691539214821139881269211302
1123950        4    10263 9684 9369 9251 9339 9697103561123012474134021383813832
1123950        4    1326912323114851114911592119851197411963118831151310837 9993
1124950        5     9290 8914 8742 8715 8886 9495104901146812398129061302712916
1124950        5    127091245012334124981372914660144151396313541127761200111024
1125950        6    10202 9788 9551 9509 9608 9987106541148912662133901359713542
1125950        6    132341289212729129051390214567143731384713351127081186110837
1126950        7     9970 9510 9241 9123 9179 9421 98891048811398120261225712270
1126950        7    121041180311563117641324514338142861393113397124761136510266
1127950        1     9488 9151 9046 9079 940010510128621449814974150811513615116
1127950        1    149891489114747148551589016641162391566514962138371237210920
1128950        2     9957 9517 9257 9170 939410374126061414414552146131461414508
1128950        2    143301421313966140251520716343161161567415110141421278311333
1129950        3    10409 9972 9770 97791010311277134451490515460157621594115955
1129950        3    158001563915431155361674217613172501667416063149791349112063
1130950        4    111321071310544105721090312064143971582215942158491573315482
1130950        4    151961505514827149441623817344172441683616281153041384312377
12 1950        5    114161094510655105841082211858140671558516001161551608316061
12 1950        5    156761546515238151871592416532161081538314762138811270611409
12 2950        6    10434 9908 9661 9572 967410129110001198013099136771376013604
12 2950        6    132511290112673128511416315360151831471014237136361280511732
12 3950        7    108181031210032 9875 991710146106491132212396130461314513119
12 3950        7    129481265212592130421437015084149421452813945129911171010461
12 4950        1     9664 9276 9098 9084 942610548128721451914884149071491514759
12 4950        1    146351452714406146241595816910166791621315598146381308011614
12 5950        2    106011022610067100451036711548139701550015720156211549315266
12 5950        2    150881496214894150861649417388171311661916035149171331111768
12 6950        3    1073410255 9959 98591004911080133061485315109150441503914994
12 6950        3    148881482514750150231642917302170511652515963149501340511919
12 7950        4    108981045710242102251050511563139141553115814157601573915536
12 7950        4    151991507014900149841630017418172981688116389153761394412492
12 8950        5    114301097510780107681107612205145451607016250162951602815869
12 8950        5    155561537015163152191642317414171491662016097153321415812826
12 9950        6    117861120010903107781084311260121101319114472152301547915581
12 9950        6    154551519014987151341620416963164381568114884139621281711587
1210950        7    1066210109 9843 9764 986110245108821171712817136511372213757
1210950        7    138011357113234135701498616355164591627515873149351366912388
1211950        1    116111130711228112821164612835152341683217212172411717016945
1211950        1    166891652416406165601797519167189351849417891168511522313654
1212950        2    126421223512055120171229313424157581723017378172681709316824
1212950        2    165351636216165162621763418889187931825817735167541515013586
1213950        3    125901220512043120631237113478158361728517431173131713816720
1213950        3    163381619216037161281750618700185791817817691167681523213683
1214950        4    127211225912043119951225813329155821713417544176981768617655
1214950        4    176121756817414174741851619247188691828417527163611467913076
1215950        5    120011151111277112521148012449145151605116537167081663916474
1215950        5    161391589315667156791676117504171011649215946151461390712535
1216950        6    113971075810437103161038310792116521278714120149661514514964
1216950        6    147591442314208143091554716409161511559315024143401340812199
1217950        7    111951053810204100041002310292107891153312632133681351713462
1217950        7    132851300312782129861447215796158891564615254144471315511871
1218950        1    109431060510470104841079711979143641597116323162531609515839
1218950        1    155531550815451156741703218061178751744616920160421451212960
1219950        2    118411126711069110701138912516149151655216908168811682716789
1219950        2    166581661116543166711797118891186471812017396163231477813192
1220950        3    121261157311239112631149012314137681500415943165621698317163
1220950        3    170761689216621165941775618772184641788617200161451462813127
1221950        4    121721172211551115731185112881150321647116975170041693116724
1221950        4    165341643216349165531770218451182471778317274162841483913163
1222950        5    120151140011121110471126512190141691559015999159391574415376
1222950        5    148721450114157141911544716726165491608815559148091376212451
1223950        6    112861063210272101471020310557112501217313287139151404513906
1223950        6    135491320613018131261433815484154331506314652140801313711888
1224950        7    1076010082 9720 9534 9560 9752103081112312375131621337013361
1224950        7    131741291512729128101389214732142711368813366131051264611839
1225950        1    1090510289 9924 9792 985610184108151155812301126581273812719
1225950        1    124841200611653116531254713336133981340113332129321207011029
1226950        2    10233 9838 9675 9690 987610559118711318614247148611513515204
1226950        2    150131478314572146651585717041168741640215853148971356412173
1227950        3    112191077410584105751081711601131331458915510160011608715940
1227950        3    156861542115128151151624417372171561661315981150201361012234
1228950        4    112341075910561105131073411555131091454315257155971556415483
1228950        4    151161477914543145551571016976168541637915810148851356512220
1229950        5    112531080910613106071082111630131441444815230156011564715500
1229950        5    151351473414464144221546116557163021573115163143461324112028
1230950        6    110721055410301102011025510581112171201013057137501383913677
1230950        6    133101285912630126831391415094150791463914161134801253811446
1231950        7    10546 9993 9708 9576 9613 9795102761076311723125521290013048
1231950        7    129761267512394124281362614914146251398613202126031197711348
