 1 1960        1    1063810063 9600 9356 9380 9605100041033811037117911234512631
 1 1960        1    126861249112267124441371014940148431449913989130931188910784
 1 2960        2    10046 9693 9569 9608 992111039133081503615601159071601316093
 1 2960        2    161101609416023160291704717992177731720216488153461385712420
 1 3960        3    115911116811028110171130212268138851519015994166681714517378
 1 3960        3    173941717516923167801771618738183221770916955158401430813000
 1 4960        4    121781177211624116191193312944149371637616850169741687616737
 1 4960        4    164781627816090160921713218511184621808617495164801500613654
 1 5960        5    127421233212205122351256513613158511730817507174241730417123
 1 5960        5    168881673516559166271756618712186131813717685168511571714465
 1 6960        6    136011319112965128691294613321140891492815983165901672416523
 1 6960        6    160541558415228152331631617636174821702816495158051485913826
 1 7960        7    129541249712245121291213412335128061341114459152981567715868
 1 7960        7    158561569915619157931688517753174711690016203152651414113181
 1 8960        1    123711197611814117671202412776142001518415889164781687417103
 1 8960        1    170441673216289160571693818204177441710016304153201406812965
 1 9960        2    122201191111805118301209113068149781632816815169411694316773
 1 9960        2    164851625015965159341681218091179301742716766156681418612852
 110960        3    119681155411357113271161312665147841627116612167351683816807
 110960        3    166601650116319162761707018222180501756516932158651443113095
 111960        4    122871193411805118471212813210155261702717129169991683616560
 111960        4    162321601215785158231678918082180321768117122161721471513344
 112960        5    123871199411785117561200713042152701682117100171251711017008
 112960        5    168631679016643166221716217888175521681616048149911371012444
 113960        6    114541091810624105111052510872115471239913420141191436614235
 113960        6    138511343413129130991398715481154031483914255135391257311599
 114960        7    108131027810023 9906 994510177107331135712285128321305513156
 114960        7    130481278612573126221364115064150421453213973131261211511191
 115960        1    1047110102 9942 99331017611040126311416715053155221573215668
 115960        1    154461522915078151361610717682176841732416678156951434413069
 116960        2    122901195611895119631229813417157611731217459173161730117145
 116960        2    168671673716548165821737718294180201739116640154711397112522
 117960        3    116071110310868107411088711810139621545615733158061572515558
 117960        3    151081495914724146661538816687166161608315424143151290311571
 118960        4    106651030910041100481042211436137071519715513155221549315303
 118960        4    149561487014596146141549016499165541577415207141081263811259
 119960        5    10358 9926 9665 9567 975610800131671456514816149911508214976
 119960        5    148461481014658147311529715892153881474314171133461234711415
 120960        6    107071029910189101781039510832116801270613850145971479414656
 120960        6    141881378213486134841422815601155701509514541139871313612238
 121960        7    114901104310828107781084711091114971213813209140281450014777
 121960        7    147621451314211142561501516017159981550214834139801278711711
 122960        1    109931063010534105541082411963143691591716279162611626516013
 122960        1    156211538315108150331570817160170861663616057149361343012071
 123960        2    111501067610492104431067211720139761560715783157321570115614
 123960        2    153971525815048150641574816994168051621515506144771298111576
 124960        3    1071010240 9991 99431015411192134651515815544155941567315643
 124960        3    155381543815300153431598516690163521576515049139391253311268
 125960        4    10357 9987 9840 98831024711449138511545315808158831590115826
 125960        4    156381551615370153111593817407175861716616627156631427712955
 126960        5    120871169011538115621184512918152391667016949167161655916337
 126960        5    160461582115547153701577616790166431608515476145961337712044
 127960        6    111231051610202100241004210328110351207913262141801472814591
 127960        6    144391409413865138621433514884145721399313415127831191411001
 128960        7    10323 9886 9721 9716 981510082106751136112503133001371313925
 128960        7    138181351213244132391391315435154801503214674140661320412111
 129960        1    113631104710970110501137612523148771645416691168241688416768
 129960        1    165831642616198161681684417968178441727016517154291386512481
 130960        2    115051104010788107371096612057142571570516034160161592515719
 130960        2    154981532715127150681563817000171091658615993148781338412086
 131960        3    111911076310596106251094012047144421609316563167301685316839
 131960        3    166321633216006158341633617788181091773717119161661462413280
 2 1960        4    125371217012083121601255713646160261740617519173601719916919
 2 1960        4    165611634316145160241652217957181401779017231161691467613300
 2 2960        5    123421191111676116231187312813150551654516872169611696716778
 2 2960        5    164491626016028159171633417315172041664216037152151405512936
 2 3960        6    121081166411493114411158611959127111363314791155391591715872
 2 3960        6    155461509714687145861511216553167651627615702150281407413159
 2 4960        7    124351202411871118241193212220127561343614536152411556915616
 2 4960        7    153321488014487144581516116748172961704116591157511457713581
 2 5960        1    129791274912721127971320514347167291821418444184231817117871
 2 5960        1    174831715916863168161734218815190561861517922168061530013912
 2 6960        2    130341276312604125941293314025163591780517890176891751517225
 2 6960        2    168361664816338162741676118150184741814917578165491510413839
 2 7960        3    129551261812464124791275913829161501761017759173811686016691
 2 7960        3    164331618815940158111627217513177481725016580154951391812508
 2 8960        4    116201116010913108861110912082142711578216146161881621416077
 2 8960        4    158211561515460154121582016835169231646415781147001323111863
 2 9960        5    110061052410282101921038811514137571506615224152881524115141
 2 9960        5    149731485814691146541511315801158411528314719139371281311624
 210960        6    1069110211 9954 9857 995510357111221211413227138231394513765
 210960        6    133401295312650125951297514272146831420913661129841208711156
 211960        7    10305 9849 9561 9437 9445 9592100361074811886127721331413690
 211960        7    137171347113085128961315214340149141457414028131231198511001
 212960        1    1026410019 9945100461039311542139641556316033161751617616104
 212960        1    158871577415644157241625317688182531794817371164751499013714
 213960        2    129101257212474125441285013981162521765717910178781785117683
 213960        2    174491723716989168551725118402188821837417798167631523713856
 214960        3    129181251812348123341257713579158181718317413173881737317248
 214960        3    169711679216474163691672117664178621741116815157381431412969
 215960        4    121331174611570115891183312902151111649416778166171648216256
 215960        4    159191578315538154451584316897173921708316523155751417712846
 216960        5    119821162511486115191184812969151891661216995169261688516827
 216960        5    167461673316522164031667417519176371696216172151531388712733
 217960        6    118591142811189111061118911547122111310614248150471539415332
 217960        6    148821433213892137211398715151157751531114788141151324212297
 218960        7    115181108310875108011083511075114851213912903133471350613538
 218960        7    133631301612696126391319114552154981520714821141831328412459
 219960        1    118261160811527115871181212605138141503615801161971625616051
 219960        1    156641532815075149861539916488169081638015649146201326512061
 220960        2    112261076110539105041073011608134541497915580157571582415747
 220960        2    155611536115135150841543416247163951582615159141261269711431
 221960        3    1055210024 9787 9711 995210867126661419614830151971536915341
 221960        3    151521506614886148411522815906159921543214811137841241411180
 222960        4    10229 9782 9534 9479 971410634124791411114866151561532915234
 222960        4    149281472614448142571452415321157551531314675137411234811099
 223960        5    10173 9673 9430 9386 961410546123351392814710149981511514956
 223960        5    147351454914186138671394314639151911471414181133891220911039
 224960        6    10106 9611 9316 9190 9251 9600103751142612810137771424014182
 224960        6    137161333312837125891278813670143011386913326126991180310893
 225960        7    10045 9574 9296 9139 9175 9384 97341032511263118341225312365
 225960        7    122701192211594114921183712934140541384613389125771144610614
 226960        1     9834 9527 9443 9487 980610921130651454715024150841513114979
 226960        1    147331451714206140361424315151160411561515043140331259311350
 227960        2    1045210066 9930 99341023511356133671475515010149751489114704
 227960        2    143981420713956138461415015134157291531214655135991215110950
 228960        3    10018 9590 9390 9347 959010628127421439214957151101499114744
 228960        3    145401435914128139581416915048157461540014896140501275911492
 229960        4    107261038110249102821062011758139021537615801158531580715660
 229960        4    154291521414951147931501615976169381673116226152841381612514
 3 1960        5    117421133911197112061147712588145531594116158160571595115687
 3 1960        5    153101504414728144601456415250161481577315258145131337512240
 3 2960        6    113361084710576104531049710866115491254513766146381508415177
 3 2960        6    149851464014297140361404014671154241494814257134521250411526
 3 3960        7    107381030010101 9963 999910206105341123812219128721315813381
 3 3960        7    133231309313024130811346414506157521553715187142801316612170
 3 4960        1    114981124011158112161155012678147911620716521165201648216297
 3 4960        1    160091579115542154191569216532174731711616474154401393312619
 3 5960        2    117961140811192111541140412430145151595816318164111650716346
 3 5960        2    160371572515393152601568816513168851642015733145771303611660
 3 6960        3    108711051010329102991057511639138311540215942160861619216209
 3 6960        3    160951592815786157311603516673171111669716010149601348212144
 3 7960        4    112831086710691106801097012030140921564716192163621654316586
 3 7960        4    164571637916272160931631817009175371707116328151901370712464
 3 8960        5    116981133611153111801143212326138481519015941164221676116844
 3 8960        5    166801644016052156621568216203170801677016191153551419013045
 3 9960        6    122291182311661116531178112206127571376114676151541520214977
 3 9960        6    145041407113780137171398714747159051571015275146051374912780
 310960        7    120271164611466114201150711739120701272213384137191376213692
 310960        7    134111292712561124681278213723151301514414744139111277011788
 311960        1    112021096610933110421140612619146791599916130160041584415607
 311960        1    152411499414675144441465215341164681630515779147401329512031
 312960        2    112121088810776108111111012229142901566515802155601539315150
 312960        2    148221461514310141311426814890160401591915440144451298511709
 313960        3    109041056410415104141073811854138451510315307151521501614778
 313960        3    144651431714043138201395414467156091549214956140161258611320
 314960        4    1045910097 9921 99191016411252132721484815076149691484914635
 314960        4    144191428213987137791388514414154291525314711137131228610987
 315960        5    10121 9710 9517 9495 973610774127551429814703147281473514670
 315960        5    144961442914254142491436514684151151472014153132931215511031
 316960        6    10134 9716 9525 9486 961810051107571193413089137041384513633
 316960        6    131711269312302121231227412866140001397313539129291206811233
 317960        7    1049410066 9849 9786 986310061103731111811936124311254512504
 317960        7    122351180011368112521146212149134611358413284124431139410494
 318960        1     9844 9592 9503 9556 987110986129951457515106151841520015039
 318960        1    147001441814049137941385014290153941534214764137351228611086
 319960        2    10252 9907 9774 97711005411177132021462714814146881470914612
 319960        2    144201433714202143081463615159157911541614871137591232211079
 320960        3    10244 9858 9655 9569 980210803127981440514858149241500314969
 320960        3    147621465514477143841462815100158391550114976138721236811076
 321960        4    10211 9847 9634 9583 981010859128391440314737147761480814746
 321960        4    144921436914140139801418114710155491532614782137901241711122
 322960        5    10267 9850 9684 9625 987310918128691450614967150141500114853
 322960        5    146621453114348141881432614660153051508014519136441255711425
 323960        6    1055710127 9901 9818 992910293109561213713314139531410113898
 323960        6    134461301612657125371271213266143051422913800130951215311254
 324960        7    1045910013 9776 9708 9764 9878101541087511770123131244012401
 324960        7    121441169411356112451148212186134631364613234124111129110343
 325960        1     9665 9373 9274 9330 968510746127271426814632146361458314451
 325960        1    141891405213766135741364514099150851504214402132781176210538
 326960        2     9729 9218 8972 8887 914210076120611376714181142161427214166
 326960        2    139821387713667134741354213886148201492414411134021193510768
 327960        3    10007 9769 9640 96981006811107131431477615170152321524115086
 327960        3    148191466014330141751430014713157251587715347143461293311643
 328960        4    108451050810398104231071211747137191515515445154081528215069
 328960        4    148011463614294141701434614860157851579015164141861269111412
 329960        5    1055610126 9928 99071015311110130941471115170152881528915145
 329960        5    148551457314235139071380213972147871483114369135931247311333
 330960        6    1046010032 9810 9744 985010101107181177712736131991319312899
 330960        6    124111195011561113611148611944130591328912884123231149510599
 331960        7     9821 9447 9253 9182 9237 9358 97401046611289117101179211744
 331960        7    1152211136107511057510821114021271412998126351183910750 9812
 4 1960        1     9302 9074 9008 9055 940710418124521401214418144391444814332
 4 1960        1    141071401513821136811393514429151461506614464133371180710503
 4 2960        2     9636 9260 9088 9098 936010377124831431514821149081494414837
 4 2960        2    145631443014149139171395814278151681545214949138941233911068
 4 3960        3    10256 9887 9711 97361002510983130191450314845148121480714621
 4 3960        3    143681424413932137611384614172150291527514738137831224510958
 4 4960        4    10144 9790 9648 9632 995510884129171433714727147631476114618
 4 4960        4    142911409113843135851360213887147061487214356133311200110555
 4 5960        5     9775 9335 9123 9043 9249 9966114971310313869142371430914240
 4 5960        5    138621363713366130811315613401140151407113583127811159710478
 4 6960        6     9652 9196 8999 8892 8942 9145 98201092712085127171283612682
 4 6960        6    123781202911831118181214012720134571345613005123441130110279
 4 7960        7     9431 8938 8822 8707 8634 8753 9073 973510873117481217512361
 4 7960        7    121561182011433113131154511556118411260313235126431168510895
 4 8960        1     9896 9522 9381 9356 959010574125631433415101154371565715627
 4 8960        1    153901521314984147221475814886149111535915334143841293411486
 4 9960        2    1051710101 9900 98721013411148131201476415163151421512214996
 4 9960        2    147541469614518143741456514861150301543615346144351300411610
 410960        3    106791024710040 99701018111025124341361414525152851555515566
 410960        3    154881542915200149411499315097150821533715371143901291411582
 411960        4    1064510199 9957 98811005011076129911464814975149811492114747
 411960        4    143941422213920136251356813515134831400714321135101207410706
 412960        5     9745 9297 9077 8979 916710128121401387214557147521479514668
 412960        5    143241418513862135171341213267129861327513481128041170210493
 413960        6     9585 9089 8815 8684 8751 9116 97351082012050127531294912802
 413960        6    123851197711616114581162011954122151260212638120641120210226
 414960        7     9432 8977 8721 8590 8631 8788 9169 991711063120241264412958
 414960        7    129581265112268121061222312524126381300813174124501137310337
 415960        1     9595 9289 9161 9138 939810279118351330213962142251425214098
 415960        1    137461352713209129561295613002130221364714022131981183210622
 416960        2     9790 9355 9178 9161 937410300122511403914971154371570915732
 416960        2    155721545715210150101512515209150551494114711137891238511039
 417960        3    10144 9727 9527 9484 968710609123231393914571147961489014842
 417960        3    146451450314260140331417714352143831461914736138811249911155
 418960        4    10262 9808 9604 9551 979310709123251392914485146111464014474
 418960        4    141791400713719134311331913204129641333713995133141199310641
 419960        5     9772 9344 9126 9096 929510180117811348014093142311424214152
 419960        5    138851376013535132361303412890128301306713291125981144110203
 420960        6     9252 8811 8502 8385 8396 8738 92761037511496121001227112150
 420960        6    1180311482111941106311170113951154411870120931148610541 9544
 421960        7     8718 8243 7949 7795 7752 7906 8144 896110026107881117611299
 421960        7    1120110955106721059910728110151120011605123411161610395 9334
 422960        1     8523 8148 7976 7960 8181 9143109851282713598139871420414239
 422960        1    141061414713971137391369513587133131353813948130261143610060
 423960        2     9144 8712 8465 8366 8531 9425112931305213754141511444714571
 423960        2    145361458614500143901432414116137551388814217132771170210291
 424960        3     9329 8842 8591 8484 8647 9471112781308213711139451413214118
 424960        3    139411385013641133911341813243129661319113869131321164210278
 425960        4     9350 8934 8719 8631 8861 9804116251324113797140021410114099
 425960        4    139631388113794134531357213430133061361813831130631163510282
 426960        5     9351 8877 8621 8502 8658 9476112921305013802140421420214175
 426960        5    140391401513819135631340013292132021331113353125711125810083
 427960        6     9134 8624 8288 8132 8156 8433 90011018711357120921228812131
 427960        6    1178111421110091088410872110071104011240118661143510532 9589
 428960        7     8793 8357 8146 8094 8134 8277 8587 940810381109951122911275
 428960        7    1118410893106131049010604108351097011369121961161110424 9376
 429960        1     8616 8319 8179 8212 8482 9418114971337514065143841454014567
 429960        1    144581448214300142401456214835148141479414459133661179310445
 430960        2     9514 9072 8838 8786 8956 9980119861375014355145891471914640
 430960        2    144991440414221140941424814407141971425614261132641173110333
 5 1960        3     9403 8924 8683 8619 8822 9706116041325813748139511410214059
 5 1960        3    139011387213690134351337913210129201306713770130871156510164
 5 2960        4     9212 8750 8571 8512 8730 9608115181319513780139411408814071
 5 2960        4    139721394913752135201344513251129731300313736130011157610178
 5 3960        5     9222 8790 8575 8554 8737 9590115291323013829140131421114200
 5 3960        5    140771402713867138011382913841136541347813418127011147910238
 5 4960        6     9276 8752 8455 8301 8351 8636 92361041911557122181238312390
 5 4960        6    1213511921116951169111872121171220412172121931162210674 9650
 5 5960        7     8856 8340 8091 7950 7934 8046 8385 919410173108571108011118
 5 5960        7    1101010729104781036010501107881097011369121421156210324 9304
 5 6960        1     8486 8159 8026 8002 8238 9217114091342714165145221482114876
 5 6960        1    147551470214492142421420214053136431359214183135351207110727
 5 7960        2     9760 9319 9161 9106 941110332122381380614055140311412313952
 5 7960        2    138401379913566133341341213280130831324813817130081150810144
 5 8960        3     9219 8792 8589 8522 8714 9664116551349814052141651420614119
 5 8960        3    139691391213733134901347113273129421296513705130571153010094
 5 9960        4     9197 8711 8497 8419 8624 9497114751327813837139881412014082
 5 9960        4    139551389413686135031346713408132661333013798130831162210241
 510960        5     9268 8827 8635 8545 8744 9632115881346114189144891473514655
 510960        5    144681428113988137141353613264128891276513222127071155710271
 511960        6     9246 8681 8388 8189 8215 8442 90321026111566123131263612593
 511960        6    1226011954117091158811624117851191612131122381169610776 9744
 512960        7     8838 8323 8047 7916 7872 7961 8250 911810273110921147311585
 512960        7    1145511158108481069010736108751101911464122471191910830 9741
 513960        1     8934 8579 8488 8466 8759 9627116821341114010142061433414301
 513960        1    141771401413756135181352713458131951322613888132781181510453
 514960        2     9578 9174 9038 9000 924110117120511362113989140571409614079
 514960        2    138891384113620134441344113319130491301313657131271164210205
 515960        3     9288 8903 8726 8698 8940 9761117511343813791139641406814047
 515960        3    139031384713713135281347513269129481285613513129911148310063
 516960        4     9136 8696 8501 8424 8639 9410114401313913745140391410014225
 516960        4    141481407713911137531392614100140391395513933131371172510320
 517960        5     9416 8933 8691 8582 8806 9589115091334213948141631426914221
 517960        5    140821397413727134641328512938125631242912930125601142610152
 518960        6     9106 8552 8311 8125 8177 8374 90491024911432122221243512380
 518960        6    1209311749114231123111263114621152211606119351147310540 9552
 519960        7     8673 8187 7932 7778 7763 7831 8119 896210040108281122811400
 519960        7    1140211236110391103011209114381153811748124201219211010 9817
 520960        1     8937 8579 8410 8334 8564 9406114211353914478153571578315859
 520960        1    162931663716537164801646316353159341570516176156721393312181
 521960        2    110121038610048 9859 992210596125931472015917167551729217484
 521960        2    176221782117727170691647616019154011513615323146821303411372
 522960        3    10220 9621 9309 9128 9230 9848117941363614484150381543215566
 522960        3    155621569615584155081545515098144591407214431139411230310781
 523960        4     9718 9131 8832 8695 8860 9543115211337714226147651499715118
 523960        4    151031517715072149551492114607140631380814381138801243610871
 524960        5     9865 9308 9014 8874 9021 9828116571347314229145621475314808
 524960        5    146621462114381141221389713575130211267512976126621145810124
 525960        6     9101 8499 8220 8042 8032 8060 8651 973610880115601164611606
 525960        6    1145411148109161081410877110001099510917113871128010401 9381
 526960        7     8536 8046 7816 7696 7687 7623 7961 8669 9650104351073110852
 526960        7    1074510510102511014010230103711042310517109661080710003 9031
 527960        1     8238 7926 7627 7520 7544 7622 7976 8836 9960107881115511299
 527960        1    1122210908106481054910747109621090311051117401152210254 8988
 528960        2     8348 8027 7908 7891 8128 8864108931288613691140101433614470
 528960        2    144361440614222140031394313764133651310513536131031151710059
 529960        3     9144 8701 8468 8362 8512 9262111591300613649139941423714274
 529960        3    142171419214041138051392513707133631327313621130271152210101
 530960        4     9154 8712 8511 8394 8556 9337112931314413862141151426214327
 530960        4    142081409713876137171373313634133501316713486131141171310229
 531960        5     9347 8891 8676 8595 8789 9463113951314413824141321436914390
 531960        5    143011429314144139341378413496130091269613064128681167510278
 6 1960        6     9293 8715 8428 8227 8274 8344 90181027311482122621256612560
 6 1960        6    1238112172120241198012062121371198411796121301201211073 9939
 6 2960        7     8982 8379 8092 7885 7837 7703 8091 899710117109831144311687
 6 2960        7    1172211536113471132111447116081153611531121081201910792 9594
 6 3960        1     8752 8356 8191 8151 8340 9039110241294313875143171468214812
 6 3960        1    147331472814563144751458214605143301403114020132551173810341
 6 4960        2     9407 8968 8753 8655 8825 9709116511358314380147961509915228
 6 4960        2    152311527715246151341516414944143441395914277138861233310749
 6 5960        3     9711 9212 8954 8853 9007 9738117821367314456149611538715636
 6 5960        3    156731581915716156331559615212146181421214493142451268411037
 6 6960        4     9879 9307 8999 8899 8977 9601116531355514468150021529215514
 6 6960        4    155461567015665155551551915185145681417014618142701274011148
 6 7960        5    10019 9426 9162 9032 9174 9802117471364614623152001564515825
 6 7960        5    158591590115821156281546014996143931394814086138441266611321
 6 8960        6    10211 9539 9180 8993 9011 9103 97261104312561136231420714440
 6 8960        6    144051432214091140031399513862135751328613483131791218010950
 6 9960        7     9929 9299 8981 8767 8729 8679 8934 993810901118691247212860
 6 9960        7    127711277912661126211276112919128851282813204129651176310532
 610960        1     9591 9169 8981 8961 9119 9944119391388814844153801573415933
 610960        1    158901590515802157491578615641151911495015132146691307911506
 611960        2    10456 9883 9622 9564 970610448125831464615692163571691017211
 611960        2    173271749117607176651768517262166041616916374160611429812514
 612960        3    113251070810354101981031411052131341517716324170931761217876
 612960        3    180441821818292182291824017807171251663116724163291460512801
 613960        4    114861086710518103431049811244133031520716152166841702917289
 613960        4    174141766017818178701779217358167401625016181156591400312369
 614960        5    110961043910114 99251003510714126921477515995168181737417636
 614960        5    176971788117888177771766617141164721590315841157491439212786
 615960        6    114681067810206 9920 9815 9820105921201213539146651525615433
 615960        6    153731519515090150271510515060147981443514525144511336312008
 616960        7    1083510059 9590 9295 9109 8874 92561014211243120771252212786
 616960        7    128341270012568125631268912698124521237012849129671180110597
 617960        1     9682 9234 9058 8990 921510003118671383414983157481637716715
 617960        1    169061716717206172351720416919163351599516252157541408212357
 618960        2    111981059210300101471026910926127361454915538160871647216652
 618960        2    166621672716555163901618415710150591462714801143761285711280
 619960        3    10175 9624 9341 9167 9282 9925118181370514673151951554915699
 619960        3    156751562615437152141511214815144501415014250137461230710898
 620960        4     9854 9404 9117 8963 9167 9907116921358214561151091543315564
 620960        4    154921551315338151821511814878145121424814372139011248611044
 621960        5    10039 9493 9244 9118 927610042117721369614716153271568315883
 621960        5    158271582515829157021564215250146781430414198138251267711228
 622960        6    10128 9476 9124 8911 8900 8999 96841087412132130681348113520
 622960        6    133281301312740125441258912595124861230112401121111115310117
 623960        7     9209 8679 8410 8228 8196 8116 8510 940510597115581213912421
 623960        7    124941229412109121101227412441123771224712615127321164510373
 624960        1     9464 8988 8762 8712 8898 9549113571325214437151021556315784
 624960        1    158641588815735155281539915173146781434014470140361256111127
 625960        2    10105 9549 9308 9204 942210174119431389115039158071650216811
 625960        2    169461708816943167841659616078152771465214552143381284111256
 626960        3    10109 9480 9154 9039 9186 9761114911332614351149591517115306
 626960        3    152951531415256151591504214817143321384313892138511248910961
 627960        4     9888 9280 9028 8892 9036 9599112601308914199149171536815588
 627960        4    156371576415703156001554215271148161448814495141331281711298
 628960        5    10268 9665 9358 9209 9343 9981115271339714493151821555215722
 628960        5    155931556215424152131506914659140711358013566134461219110823
 629960        6     9989 9319 8971 8783 8788 8800 94341036811701126181304213115
 629960        6    129561271312483123031230312339121961213012369122081131810293
 630960        7     9394 8840 8562 8364 8335 8282 8616 937710421113211186012150
 630960        7    1214911896116521157811680118741190011885121571191810937 9888
 7 1960        1     9102 8691 8532 8469 8687 9461110581270513956147321533615675
 7 1960        1    158371608316236162421635716273157591525915264150871360511925
 7 2960        2    1071210045 9686 9480 957010096116401348014869157121631216713
 7 2960        2    168491703617062170531714216776161441560415652155041404912348
 7 3960        3    111291043110070 9906 995010670121381379614903156111598116146
 7 3960        3    160441589315600153081511214796143441404714013135841237811055
 7 4960        4     9951 9302 8907 8660 8608 8592 8962 973310768117441234212575
 7 4960        4    1257712292119401173811733117701152411386115601142110836 9890
 7 5960        5     9010 8506 8285 8131 8241 8458 95011101012368133041379813946
 7 5960        5    139731389013861138231391013874134901310413095129261194110788
 7 6960        6     9749 9061 8691 8490 8435 8431 89491005711416125891326413522
 7 6960        6    134791337113291133411348613567134171321013362132951244411352
 7 7960        7    10259 9554 9137 8846 8695 8492 8818 962110771117611239412800
 7 7960        7    129771294012857129071308913234130481284813194132101217810901
 7 8960        1     9986 9491 9264 9226 944510159118121379815300162191700217507
 7 8960        1    178281819418356183371825617889172431672816749162461465812908
 7 9960        2    117231108810689105051058211219127221464015813166721734517733
 7 9960        2    179831827318450184981861618304176441683116552159111427812649
 710960        3    113601064910243 9956 995810383119111384114993156361611216239
 710960        3    161861622516128159821593415609149721443114450142701287811341
 711960        4    10187 9537 9233 9075 9187 9729113151317414344151311567415945
 711960        4    159751609516100160381601215719151811465514668145111308411631
 712960        5    10376 9774 9453 9265 9331 9901113981329514545154461602016241
 712960        5    162411626616217160091580515345147091425614318141281289811605
 713960        6    10455 9863 9531 9295 9294 9497 99971096712260133941411414311
 713960        6    141981391713591133931340413515134241321613180127691191210777
 714960        7     9831 9207 8903 8658 8613 8502 8923 988011138122631307813612
 714960        7    140131410914174143001454114708145941444914876147881374312303
 715960        1    112421067610365102271036011133126501457715900167511735917615
 715960        1    176321771717544172891722816989165311620516210155981411812575
 716960        2    115111092410589104161052711174128471487116320172531790518222
 716960        2    183621862318690186341863718282176021698917010167181506313372
 717960        3    120581132510930107111079211435130311497516298173361809518603
 717960        3    187641904419069190381897318567178721727517248169461528513491
 718960        4    120971131910856106171065211200127861484116352173341816118585
 718960        4    188261903819186191711915918809181981759617640172731568113867
 719960        5    124861172411326110721117711820133501519316362170931749817650
 719960        5    175381755017452172701709316705162311580815603151731393712325
 720960        6    1105710191 9651 9320 9255 9245 97931091612083130291333013271
 720960        6    129941269712359122081224512291121991203712266121221132910241
 721960        7     9278 8800 8519 8311 8261 8162 8539 932610393113411191812190
 721960        7    122541211312026120271229212486124661226712729127511174710587
 722960        1     9637 9140 8888 8789 8961 9614111411309914414152781585616168
 722960        1    162111634016300162731633516084156121508815150147961330911796
 723960        2    10635 9946 9577 9422 958510293118521367714744154021581015945
 723960        2    158851583615606153541534415267148121457214446137991245911218
 724960        3    10216 9567 9279 9164 931010049115061331114409150501551015713
 724960        3    157301588915914159451598315679150891462914926145271310911668
 725960        4    10555 9960 9680 9541 971310464119731380214952155651606816262
 725960        4    163131636816401162761630916014155771522715406147241332011897
 726960        5    1076510117 9786 9644 976810508121221388514963157081614616300
 726960        5    162011621116079159181578015441149241445214670142131300311636
 727960        6     9365 8604 8219 8031 7952 8128 86181029511855131471371013740
 727960        6    135361316912908127981290112990127911248912724126181169010703
 728960        7    10012 9344 8986 8741 8633 8557 8764 966210792117891246712805
 728960        7    129561287012794128291305313267131681296413479134311229911025
 729960        1    10074 9505 9252 9162 930910008114591342614780156921640416699
 729960        1    167891684516685163721619915907153461509115181144901306511580
 730960        2    10487 9844 9578 9428 954210195116311349014603153611587316042
 730960        2    160251604115948157271567015414148831450114723141921274611312
 731960        3    10237 9657 9377 9233 936810126115501341814499151621563015741
 731960        3    156201553615327150841505514987146141438914498136521229110928
 8 1960        4     9976 9418 9149 9057 9213 9970114461322714324150071543915582
 8 1960        4    155111545515244151291500414902145231431514548139691265611250
 8 2960        5    10217 9652 9348 9205 937410065114701335714519152951582116040
 8 2960        5    160211611816116160081588515522149371458414823143861315311802
 8 3960        6    10658 9942 9560 9350 9343 9545100341111912406133981399314168
 8 3960        6    141181390513726136201370513687134691330913665132781228811158
 8 4960        7    10173 9494 9144 8929 8845 8901 9059 987610964119801281213356
 8 4960        7    136391368813647137001388014050138901375714359140371282611486
 8 5960        1    10532 9977 9723 9594 975410485120841405915485165491743618019
 8 5960        1    183831864918759187341876018485178891738817574168801503213188
 8 6960        2    119321120810806105771066811348128741488116260174471833818924
 8 6960        2    192041945819474195071939819056183131774517947172491534213496
 8 7960        3    122311150811127108991102811738133131522016382173611811318696
 8 7960        3    190001936319432193381928718868182011754717850169981521313430
 8 8960        4    121251139910973107421082711484129431480816083171171788918421
 8 8960        4    186761901919096190031885618374175571692317115162211457412887
 8 9960        5    116281088910530103401044011108125061436415695168161760118052
 8 9960        5    182471846318383180551778917193164911605516317155271419712768
 810960        6    11561107741030010029 997610127105911174713222143541495515170
 810960        6    150451485814694146021462514568142971403814350138231260011458
 811960        7    10428 9756 9332 9073 8942 8906 9014 985610970118381238912670
 811960        7    127621261312471124711267012802126371254213222128241169310564
 812960        1     9665 9198 9004 8928 9125 9907112881307514385153241583216058
 812960        1    160201597715775154771533915112147011452314821138641240711041
 813960        2    10141 9533 9276 9129 935210121116161331614349150681543415508
 813960        2    155031537515240150451501714864144901423614619137291233210966
 814960        3     9970 9404 9134 9035 9180 9924113411308314258151611584216228
 814960        3    163391657916581165291658216262156991535615977150951356212075
 815960        4    1092710291 9963 9758 988510611120491378215047159181640116881
 815960        4    169891718517187170651697016559159161554815963151201354312000
 816960        5    1088610198 9809 9653 976510460118941365814889157141620116439
 816960        5    164731651816395161561597215526150291470215047143331305011734
 817960        6    1065210012 9659 9448 9435 9698102501140112700138731447414668
 817960        6    146231445214359143091435414359141661397914434138651279611792
 818960        7    10618 9884 9529 9273 9125 9136 93551011811349124241317513639
 818960        7    138471378713702137611399314133139741393114568140191281111539
 819960        1    1057410008 9708 9562 969510459118981377115153161481670216975
 819960        1    169841712217099169951693316608159421553715941148771325511691
 820960        2    10566 9990 9676 9506 962910348117791365014764156631620316576
 820960        2    167691700517077170541702216536159001559916021149901336511837
 821960        3    1074310085 9801 9663 990710732122561403015186160261661517065
 821960        3    173471760017538175361754717232167921666417084161171448812886
 822960        4    117351105610659104411051311231126411456215959170821786418309
 822960        4    185361872918752186991864118205175531725717588165201478213122
 823960        5    119051121310813105891067611402128311470916130172431818918715
 823960        5    189251923519267192221905218481177121733917158162191480013296
 824960        6    120651128010856105961051410771113191240013761147911515915096
 824960        6    147971449314260141041417314092137921373914011134071230511133
 825960        7    10183 9561 9202 8948 8864 8966 9103 994411078120721282013237
 825960        7    134151336113321133411355913785135571368214188137041248411344
 826960        1    10395 9901 9691 9592 972110560121211397815412165691734417930
 826960        1    181541835118495184031838618014173701715217283162081449312748
 827960        2    115941091810534103021041211216126931443715599164581704617347
 827960        2    174371753217406171741690016480159721595515924148381324611710
 828960        3    1067910099 9802 9647 980610715124451409514956156251599216117
 828960        3    160131599415839156041551815328149401509715155142481271111270
 829960        4    10222 9685 9421 9282 941810317119521367914739156251631316681
 829960        4    168071699916933169161683316457158831580115941149921329811779
 830960        5    10627 9967 9628 9441 957710327118081355514687154251586216018
 830960        5    159831602015914156661550815154145781448714627137491240611133
 831960        6     9979 9354 8995 8786 8752 8975 93871035011653126391311913301
 831960        6    132321315513022130101309013127129851319813457127791173710605
 9 1960        7     9639 9018 8677 8469 8378 8466 8607 931210388112861186212179
 9 1960        7    123171217412041119691202512129121201257112682120271113710123
 9 2960        1     9228 8760 8503 8372 8368 8597 8934 952110619116851239712791
 9 2960        1    128181264012513125671281713162131611351913709127861146210167
 9 3960        2     9350 9013 8822 8744 8934 9865118451362514742157101641216877
 9 3960        2    171131739417500176151766617432169121707617152159211398412272
 9 4960        3    111151051610129 99461002410905127481444515369161951684817233
 9 4960        3    174061760517589173531736717064167231704916911157431403912443
 9 5960        4    114071082910532103301049811421134411515515982166971732117696
 9 5960        4    179461830418453184831847018187176901803017913167421479213053
 9 6960        5    118731118210803105921070411565134561512216079170191769218119
 9 6960        5    183451857118491183981811217507168451699016772158121426012672
 9 7960        6    114971083710470102051015810400109561196213207141161450014472
 9 7960        6    141601380413422132061314613200132131350413354126511162010532
 9 8960        7     9791 8992 8767 8563 8504 8628 8931 958610640116081217712549
 9 8960        7    126241244512266122151250712812130231338913199123781125910218
 9 9960        1     9468 9073 8899 8865 910110116122971405614961156521613516359
 9 9960        1    164991670516743167491679216659163211665916426152001346111884
 910960        2    1079610219 9918 9765 988910807128881464715495160601666217139
 910960        2    173691762117660177391775317473169581729817105157611394412164
 911960        3    110081035010006 9799 992310802127721439415042156181602816193
 911960        3    161161619916061158851584815620153971578815636143681271811097
 912960        4    10013 9664 9383 9256 942810362123871405514732151071545415529
 912960        4    154531544415280150791505914951149401534115090139221233910936
 913960        5     9973 9454 9203 9086 927110182123571391014686150981531515367
 913960        5    150981500614769145941449714359141981441813914130431186410578
 914960        6     9607 9040 8749 8579 8602 8928 95941059311981129111328913308
 914960        6    1306012782124821231812339124491248613032128081211811088 9986
 915960        7     9149 8571 8272 8067 8032 8150 8417 911210262111661166811922
 915960        7    1199911837116431157411753120471229713096128971200310794 9677
 916960        1     8929 8554 8414 8350 8598 9627117731344214112147051508415270
 916960        1    152341527615143149691498014967150431536614901136591209310664
 917960        2     9723 9254 9017 8917 9074 9999121621370314421149901513215248
 917960        2    150861502414813148071496215118151181517114639133751186210495
 918960        3     9534 9105 8890 8798 9005 9913120201374214331147221499915063
 918960        3    149291484714655145621472714790147521501414600134451191010539
 919960        4     9603 9102 8815 8763 8958 9857119311345213988143881469114742
 919960        4    147021470314628144771446914321142411489614580134251184510449
 920960        5     9518 8987 8767 8641 8813 9755117251330813897143571471514819
 920960        5    147981482514679144671430114024138531435313904130311185510475
 921960        6     9465 8885 8548 8391 8398 8745 93891043011713125401288612928
 921960        6    1272212433122031207912133122031239413056126591192410921 9874
 922960        7     9052 8492 8239 8062 8002 8138 8517 916010268111311164811950
 922960        7    1206111927117191186612147126411290413157126081174410628 9614
 923960        1     8848 8482 8324 8314 8521 9457115801324013929144121464714622
 923960        1    144721444014250141041408714135142281477014406132041164010299
 924960        2     9340 8856 8644 8552 8740 9687118461339213720140741426214309
 924960        2    142341422114066139581405914356146281488214411131701164410282
 925960        3     9388 8932 8733 8642 8816 9763119231354114017143571461514601
 925960        3    144701447114295141841426514327144561487114425132421170110279
 926960        4     9384 8899 8687 8596 8781 9773119281346513809141551434914319
 926960        4    142211419313974138411388413868141691472914315131911169710342
 927960        5     9411 8951 8715 8605 8794 9748119341352214080144891466714550
 927960        5    143731433214100138811376513725140031419713677128731162710351
 928960        6     9385 8838 8595 8398 8426 8779 94921053011766126431292512868
 928960        6    126341232112088119321206112331128631316012757119951097910015
 929960        7     9141 8570 8275 8096 8048 8176 8574 920010332111761167611916
 929960        7    1190911673114151131611517118991251313150126971180810647 9543
 930960        1     8744 8389 8283 8261 8480 9461116401322913783142501448214534
 930960        1    144171440314258140911416914208144791490614441131861163110222
10 1960        2     9287 8800 8597 8487 8681 9641118221327513866141331431814396
10 1960        2    143441441114305141751420714199145341494114490132271172010296
10 2960        3     9379 8869 8638 8566 8737 9736118821341813878142551451114577
10 2960        3    145331451514396142551438714618150771513414619134201187710573
10 3960        4     9602 9115 8878 8773 8964 9911121241379114110143371441214362
10 3960        4    142471416014032138051379613881143821485614354133811187010525
10 4960        5     9558 9151 8964 8908 915610199124071401314426143881449914360
10 4960        5    141511386913576134931346413406138791433013929131031194310648
10 5960        6     9795 9349 9084 8962 9054 9442102411128312353128781292712671
10 5960        6    122071183911503113371148311825126371302512660119781106410126
10 6960        7     9294 8847 8614 8514 8539 8785 9220 989110917114991170211771
10 6960        7    1163911327110251097311193117071261013157128771192710827 9780
10 7960        1     9062 8714 8608 8584 885310023122931389214329144591460514510
10 7960        1    143441430714106139841402614168147551502314534133201173510345
10 8960        2     9442 8987 8755 8674 8850 9868121561373814184142961451214477
10 8960        2    143681435914217142461462615118154701523514558132961178810378
10 9960        3     9442 9008 8800 8735 8918 9851121001362814111142871455814532
10 9960        3    143601433314156140901408914212146901490714503133241181110389
1010960        4     9233 9264 8810 8753 8933 9950122231395614423145931485814848
1010960        4    147181460514425142991435714557150911505014576134621191210527
1011960        5     9586 9063 8876 8803 902010002121681378614330144281455714397
1011960        5    141581399013740134601335713403141221430713927131791198910789
1012960        6     9847 9326 9115 9014 9095 9525103351134212428129351281712608
1012960        6    121931171611394111901131311749127101294412642119101101910041
1013960        7     9216 8695 8404 8264 8228 8430 8930 957610648113381169511714
1013960        7    1151011167108491078810977114871253312784122531151010581 9608
1014960        1     8846 8425 8221 8169 8311 8997103311167312692133101373813788
1014960        1    135601337313105129561307313451142711439913827128481134410151
1015960        2     9296 8846 8685 8673 890710060124001408814490146251474414657
1015960        2    144681432614087138891397714298151901525414660137001208710725
1016960        3     9783 9330 9151 9057 927010304125811412414430144481449114425
1016960        3    142621426214134139691405114278150931508914493134341192010472
1017960        4     9514 8988 8772 8679 8900 9923121441366314040142881452514512
1017960        4    144101444214270141121405114184150401496714391133671177910452
1018960        5     9478 9026 8767 8668 8851 9877121161371314179143131442114244
1018960        5    140781396013702134701336713520143381417213715128531165710479
1019960        6     9465 8945 8718 8571 8589 8966 97771083511992128651313113067
1019960        6    1276912459122331217112316127931324712991125651183010887 9926
1020960        7     9116 8627 8353 8201 8215 8356 8821 955610645115201219812583
1020960        7    1272312526122921226412548130421366013510129901216910943 9915
1021960        1     9146 8794 8643 8625 8837 9837121141392514478147491494614915
1021960        1    147831467914430142581435814713154251519514596135701191810558
1022960        2     9632 9165 8962 8883 905910030122621399614428145391470214625
1022960        2    144991440114172140011415214475153481513214553135731202810683
1023960        3     9679 9239 9015 8931 916410141124261408814463145311479014651
1023960        3    144811438314163140651422514805154371515914579134921193810589
1024960        4     9615 9141 8873 8776 8963 9953121851372814102142401453014519
1024960        4    143581431714130139091384514125150931493314351134491187210520
1025960        5     9470 9011 8793 8708 8912 9907121151366614025142591433014273
1025960        5    141421407713863136441350013644144051413913571128191162310422
1026960        6     9468 8968 8719 8593 8643 9040 98591091712036125681275512548
1026960        6    1211411735114191126811398120051302612868123551174410992 9984
1027960        7     9017 8332 7967 8118 8265 8730 94051017110985113521161011553
1027960        7    1124411056109081121712229131761337712987121251140210300 9338
1028960        1     8722 8403 8319 8343 8627 9782119241362514297145721480414949
1028960        1    149311473514403142361452015708156341509914431132731175210429
1029960        2     9519 9103 8939 8920 916710275124691384914087142941437914290
1029960        2    140881401213793137101433615767156431515514484134971191110614
1030960        3     9780 9384 9184 9139 938610474127481423014652148101490814876
1030960        3    148531482914756148551564216177158521528314700135331197610580
1031960        4     9644 9222 9017 8979 921410314123891368614089141901426814178
1031960        4    140101390713739136771424215309148791441914172131291176310458
11 1960        5     9749 9433 9244 9225 950410607126761409814616147481479114688
11 1960        5    145811450914307141781468215823155091493514376135431238611112
11 2960        6    10123 9642 9412 9382 9512 9941106671177712813132901326912993
11 2960        6    126131226212007120971303514342141371358513041123901149210570
11 3960        7     9853 9403 9158 9073 9149 9412 98471063411533121311234312383
11 3960        7    122261199311829119911303314509144261399513449125401141110455
11 4960        1     9761 9439 9354 9393 971410922130471451414819148461476614627
11 4960        1    144261428914070140271484916273160491547714833138371219310856
11 5960        2     9967 9509 9292 9231 947710581126411402514464145311452714454
11 5960        2    142571414013993139991487615976157221522214555134661194410612
11 6960        3     9780 9347 9108 9058 932510393125921407114384145331457514484
11 6960        3    143031419614009140451495616097158451525514654135281194310574
11 7960        4     9682 9251 9024 8956 922610244124751404214472147881496014934
11 7960        4    147781469314553145601531216174158671527914629135371193410615
11 8960        5     9717 9188 8918 8852 905910055121711370014317145931485914893
11 8960        5    147711462314394143201504215685152111460113915130091180310536
11 9960        6     9606 9022 8703 8544 8594 8960 95971066611950127911319113134
11 9960        6    128321252712249121451283313878135891308812602118401100810078
1110960        7     9286 8842 8552 8400 8388 8650 9081 966510635113381170311809
1110960        7    118571160711383114161253413874137511328412847120571112410182
1111960        1     9436 9117 8982 8994 929310158115961296513858142931442614390
1111960        1    142171401613882139791494016410160851567515036139251251511246
1112960        2    1036810030 9830 98331011911250134701484115118151151511915026
1112960        2    149041482214647146761560416966167311621815604146011310611733
1113960        3    108281047210300102671058311734139811534815458154371539215247
1113960        3    150491494814791148651589917175169481650515951149771339111990
1114960        4    110891067610501104951078111957141511563515847157461569015510
1114960        4    152821512114986149971608817289171041667416157150061366912307
1115960        5    113231098110815108181110112300145051591816079160021600815828
1115960        5    155001534515108150631597417031167231617615614148281374812425
1116960        6    114711104710819107571088111406121481316514092144131435513981
1116960        6    134621297512590126391380315105149701446713963133131237511402
1117960        7    1058410146 9884 9731 9736 9994104211111211952123361249012485
1117960        7    122551190911613117111311814464143951398313502125961151110479
1118960        1     9789 9496 9377 9438 977310949132211467615007150711510214959
1118960        1    147841467514520146071575616713163811580715149139651247111114
1119960        2    10138 9716 9523 9443 968210788130921471515140152361537015382
1119960        2    152691521015146152431620116907165291593615279141111266911314
1120960        3    1042010005 9817 98181011011289135961494915299151681514215062
1120960        3    149881507814978150291615717099168371629715677146131311311703
1121960        4    108041041010191101771047511638138911528615577155651556115473
1121960        4    152221515615021151291618217140169371645615835147561325111855
1122960        5    109221046410293102501055811687139201529615543154881540215201
1122960        5    149301477714611145581551516446161191556615044141681298311777
1123960        6    108241033410070 99941010410584113911242113461139281388313611
1123960        6    131531274812513126311386314805145101400113432127291180210794
1124960        7     9924 9494 9228 9148 9282 9595101411085011909125701280112863
1124960        7    127671259812523128101424715255150551466014110131701198510915
1125960        1    10158 9832 9717 97361007211222136391520115785159601603415957
1125960        1    157361558815362154071644417195168541629515625145151290311561
1126960        2    1052710062 9790 97731002211113132921504915608158131601315969
1126960        2    157391561515506156161661617135167951633915770147701341212024
1127960        3    110981065110445104351073611905140691556216242164161649916307
1127960        3    160911592315738156551658917579173641688516472155111409312657
1128960        4    115321095610686105421062211007117131255213602142721446314371
1128960        4    138501305612406121771275213159131491318913102127511203211181
1129960        5    105081019910103100981025910905118831288613736141041408813973
1129960        5    137051335213072131491441715434152091477814305135871263311602
1130960        6    107671033510099100091015910538111711199613192138991395313696
1130960        6    134001305012875130731427014921146681416613641129271201210953
12 1960        7    10049 9477 9144 8997 8978 9152 95631027811351123201288813145
12 1960        7    132711312212970131081412714730145361411213505125061136410258
12 2960        1     9530 9175 9011 8978 924510411127581433114838150051512715080
12 2960        1    149331477014585146441582416954166901629015692146671312811698
12 3960        2    108551045210260102271054611700138631511315282152561511614927
12 3960        2    146851465514524146241593017105168821645215844148281330211843
12 4960        3    108641040710201101321038811489137951529615618156411561515489
12 4960        3    153901530515221154621653017299169811649515934148261330111807
12 5960        4    107781032310097100601034711475137641529515514154641533015231
12 5960        4    150671496614865150831625617100169071650915920149131336211865
12 6960        5    108321032610109100641032511446137251550416042163691664716674
12 6960        5    164941633616013159701687317542171421659615890149481371812300
12 7960        6    112181066710301101971026110710115031261813814145251464614652
12 7960        6    143771415614021142051531515913156491512014454135471226210890
12 8960        7     9755 9027 8696 8575 8557 8759 9200 978210649113061173611937
12 8960        7    119681178611695119691338614703147621450014121133211216411102
12 9960        1    1034010035 9928 99551034211454137191529715657157141559815459
12 9960        1    151701501414871149841637917537173621681616346153601370012103
1210960        2    112511078910596105761092911990144511572515985158741570615536
1210960        2    152641518615084152571661317774175861710616486153691375412113
1211960        3    110771058510310102721051111596139481551515822158341573515602
1211960        3    154001537515310155821680117509173041672016130150851351911876
1212960        4    108621037710112100621029711373137491568015896160391624416114
1212960        4    160601593915858160191697817676173261675116142150811357611951
1213960        5    109421035510090100411030211350135561531215785158921591715770
1213960        5    156821559715528156391664917057168321616815554148081355512055
1214960        6    1088410218 9977 9777 984710216110451212213445143031462214541
1214960        6    142911400413830139611507015791155281495914394137591278911615
1215960        7    10622 9992 9626 9451 9451 9655102001096012062129751347213647
1215960        7    136531345313304134801475615603155351520714736138891249811116
1216960        1    10209 9747 9591 9577 987211025133861514915603157391572515701
1216960        1    155631549015371154741667417525172821674516165150931347511822
1217960        2    1069310114 9840 97761000611049133111507515484156321568715629
1217960        2    155061536715242154021648717188168821632715719146511309711453
1218960        3    10254 9742 9425 9380 960510650129511464214950150721501114892
1218960        3    146711458714462145771583416748164911602215505145201302811459
1219960        4    10281 9731 9437 9357 961710698129441486815363155431569015715
1219960        4    156131556615492156581665117149167771632315842149331349611973
1220960        5    110101055810369103991073811917142741587516333163191626916048
1220960        5    157451557115405154791664317767175981709516599158531465513238
1221960        6    121101148011169110661119311552123711341214463149851501714745
1221960        6    142741380313537135901499116235162001574715368147031371412550
1222960        7    115371093310580104381044810686112081191013007137701404114112
1222960        7    139251362213347134701480015802157361542714991142061301611706
1223960        1    1068410182 9901 99151013910994126681433215270156851580415758
1223960        1    154961528615078150351597816879166631618215657148201348111952
1224960        2    10688 9977 9693 9474 956810232115951300613908142671440014222
1224960        2    137381344313350133981428514587137841294112613121131148010710
1225960        3     9732 9054 8671 8576 8700 9059 97771062611510120581232712398
1225960        3    123071193011482114481230013285134171344313415130901225611266
1226960        4    1040010009 9883 99131011810859122761371614712153671566415721
1226960        4    155921540015243152521630117223169651637315774148011342811977
1227960        5    1086310294 9991 9850 999210748120881346914332146971486414793
1227960        5    144831418613904138861497616185160111539714891140431292011670
1228960        6    10425 9887 9622 9491 9550 9893106381161812698136191414914259
1228960        6    140491370513450134231432815004147491420613634129021189210516
1229960        7     9806 9216 8874 8699 8673 8854 9312 987310818118151241512737
1229960        7    127531258012488127451376514430142241377113206123971136410317
1230960        1     9450 9059 8924 8937 920010082117761332614212146931495814985
1230960        1    147951468514624147171574916940167321625515704147621345512085
1231960        2    110841060610384103591059411397129821454615584162821671416778
1231960        2    166511635315960156191631417372171291630815630149631422713599
