 1 1970        3    128981235311924117351174711983124221269413260138671429514495
 1 1970        3    144661415713961140801528116507164051596015429144941318512037
 1 2970        4    112721091510794107321088711767138791540915994162531638516312
 1 2970        4    161281604315798156981662517609173541672416204150221346812050
 1 3970        5    110441053910286102341041111317132631491815441156861570215609
 1 3970        5    153101519514929148611568916466161621556814931140661288911612
 1 4970        6    1057910036 9731 9598 966010030107161162912822136471393813797
 1 4970        6    135021314912930129711390314934147291422213662129371200610931
 1 5970        7    10051 9502 9183 9024 9014 9239 96681032011318123131296213338
 1 5970        7    134451318113061131541415614791145541411113505125501138410318
 1 6970        1     9582 9239 9115 9150 946810568128731454514948150691522415223
 1 6970        1    151141505314903149841596617222170081655015904148461332311934
 1 7970        2    110201061710439104111070811819141511571015878158921597215982
 1 7970        2    158681571915610157851677018042178811739016803157171417612811
 1 8970        3    118461145311270112931156912743151351665016815167991676116637
 1 8970        3    163181616815897158561679618113180151752316911157971422112829
 1 9970        4    119181158711401113741164712774151171659516834168451685016728
 1 9970        4    165291641716237163671719117942177081717516511153931383012409
 110970        5    114441096410701105791081911817138391555115974161681629716218
 110970        5    159191569215439154021607917030167401614715535146201344312176
 111970        6    112181071810441103401042210812116331268613885148231508014999
 111970        6    146201418613922139201475116151160201553215025143401338012362
 112970        7    115221103410810107501080411103115851224313183138921424614365
 112970        7    142621397013735137861461615942159151551715297143761315012111
 113970        1    113311106010973109821128612418147881635916566165191649016269
 113970        1    159991574215524154961634617843176911720716539154151390312419
 114970        2    116071131211162111751145612533148961640616579164611641116259
 114970        2    159901577115527155471639717821177091719316548154711392012565
 115970        3    116511127311112111021139912475148541635816510163221616715924
 115970        3    155841538315135151191600017394172891681116211151041354212125
 116970        4    112791084010620105381073211726139261560815936160761627516245
 116970        4    160061580115401151841581216969168941648915918149371352112306
 117970        5    114631120511174112471167312891153481694817324174521756617467
 117970        5    173371708116826167351732218480183231781317247164281524214037
 118970        6    131381266112425123631246712925136971462915714164621665616416
 118970        6    159101542215015149711578917185171561674916240156581482413922
 119970        7    131641278012551125001257912845133511397514947155431582015851
 119970        7    155891509714729146651554717062170601661516056152281417613055
 120970        1    123781203811884118631212512969145581587516801172881743517281
 120970        1    169681683716628165331714818211179831741116693156011402412686
 121970        2    118101142211259112711155812721150891660616704166541655816390
 121970        2    160771583815509154521614517691177171728916725156101408112613
 122970        3    117461131911095110461126012272145771596716120160541601115875
 122970        3    155671535515143152381594417004167991623015538144281281911365
 123970        4    10458 9982 9731 9675 990110980132741486815165153051532215193
 123970        4    150291497014867149201562516945169871666816193152861386812597
 124970        5    117921148111397114791182712952153341691117226173051732217150
 124970        5    169341680716625166001711617708174061682516210152541402012753
 125970        6    117221112210716105551050110808114611241913563144591481214763
 125970        6    143961393413629135331406514955148481435013837131581230311363
 126970        7    1057210107 9905 9872 996210292108821159212649134331389314075
 126970        7    139901373113500135021422515724154681496014778141211346412380
 127970        1    115931136011275113621171112869152861678317125172021717717016
 127970        1    167561659016445165231721118313182361772817001158691419812785
 128970        2    118551143011186110651123612166141261564916100162401640716439
 128970        2    163201609015767155811605917519176461721616592155411402612688
 129970        3    117041149911341113431164412809151091652816699166641664016508
 129970        3    162381601915766157141638617881181791773517202161671462613252
 130970        4    124631210411945119901231213428157571725717579175491741917193
 130970        4    168561662816382164081695118189182841787917115160631452413153
 131970        5    122381179311585115461182812887151091660417032171321718217055
 131970        5    168161659816340161471655917323171201651315889149861374512525
 2 1970        6    114781093210586104431043710785115241247913552145111484914719
 2 1970        6    142671378313371132991381814995150571452913989132801233311341
 2 2970        7    1050510043 9807 9722 975910013105131111011979126291287812953
 2 2970        7    127781242812131121991293314527149391464114083131711201310904
 2 3970        1    10217 9881 9775 97981007611211135991518915691158231595115971
 2 3970        1    158011571915497155211605017093171201661916027149091338112021
 2 4970        2    111291073110599105841091412019143741572116073160701612116024
 2 4970        2    158591579515641156521627517444174471688616299151601369412298
 2 5970        3    113031086410606105331074511706138041530515833160051608616087
 2 5970        3    158631562215289150661541116577167921633415774146281309811884
 2 6970        4    108461040310197101661040611506137661525215714157591574015576
 2 6970        4    152031500214703145631492216263167241636415885149151344312134
 2 7970        5    112201081010666106691098112064143741565616083160331591715753
 2 7970        5    155471543015174150731539716351163911589915323144461328512093
 2 8970        6    111841070310490104071053610980117751266414005148871511515019
 2 8970        6    147501445914178141221451715591157771536314791140341309312142
 2 9970        7    112961085610621105041055410828113501192912937135111379313833
 2 9970        7    135901317412796126921315914750154771522014753138251272811679
 210970        1    110121072410663107421110712249146141593816313161961612915885
 210970        1    155831533715083150531549416820171921676616121150511354812164
 211970        2    112941092910774107921109012213145641604916306162321631516177
 211970        2    159731582815647156071603817203173951689216257152521370512359
 212970        3    114891111210939108791118112278145431586616187160631595615837
 212970        3    156201567315534155021587416882172041676216288151161356512220
 213970        4    113481098010806108281118612408147651604616392163971634116162
 213970        4    158501559515335151401547816801173851703816557155981418212810
 214970        5    118931145211237111721138412500147101613116594168161695916930
 214970        5    167481650916194159271596216542165181583815211143261311811933
 215970        6    109841047110154100161009310459111791206513267140851444414312
 215970        6    138481326412864127851309814229148261442113896132511239311487
 216970        7    106661025410047 99671004210322107901140812304129001318613239
 216970        7    130461265212375124321310114487150271470514252135341255811687
 217970        1    109641067010561105971085911653129831421315158156791586815771
 217970        1    153421493814575144081480916151168011638915761147221339012165
 218970        2    113411094610738106611090111885137491511415634156361558115391
 218970        2    151291485814561143581460815671162761581915185142011276011426
 219970        3    1048110043 9811 9727 996410960127691414914749148911494114847
 219970        3    145941444014181140591438415323157351525314564135741223510980
 220970        4    10113 9766 9624 9676 998111011129371436014972151171518715057
 220970        4    147711455814262140591429415373161061572915188143201295111702
 221970        5    108191039510183101201035011309130451443215123153611548115395
 221970        5    150801483714509141871424314973153101478014148132591207910941
 222970        6     9972 9447 9104 8966 8959 9320 99751092812123129261320013073
 222970        6    126881237412087119471214813002138251347513045125101168110850
 223970        7    10103 9736 9537 9468 9567 9853102721093311926126111289012992
 223970        7    128171244112067120021243213674147071449113917130711205911089
 224970        1    1035210032 9935 99581028911535135291491215330154501549215410
 224970        1    151441495714702146241497116042168651650815987150461369912453
 225970        2    116081138311272113291169112724149031626716652166331660016401
 225970        2    160631581615445152851555816570174561705716451154151388112537
 226970        3    116371120210949108801112112165140301537415772157541556615417
 226970        3    149291468314350141671436915313160411569215026139741250011162
 227970        4    10088 9834 9616 9550 977210781128281442114979151541523315170
 227970        4    150191486214679145611470615207158641540014742137351228810918
 228970        5    10016 9588 9372 9327 959110669127331422714751148611490614787
 228970        5    144851431014021137591379614377152491486714387136671252511316
 3 1970        6    10408 9917 9653 9530 9578 9952106621167912895136931399713934
 3 1970        6    136641339213203131981349014217145121400813450127191177210754
 3 2970        7     9933 9430 9138 8995 8967 9191 95641029411359121421259012793
 3 2970        7    127311251612151119661212112958140921391613490126211150410496
 3 3970        1     9794 9501 9375 9419 974610924130991463515134152541526215206
 3 3970        1    150741497714866149471548016416169491645915744146271309111696
 3 4970        2    108941050710315102581052011607136891519515617156891577315725
 3 4970        2    155081550815384154101578316451168451637415690145881308111689
 3 5970        3    107831035810151101211037211464135091485415304152271502614866
 3 5970        3    146431457714404144151482515668162001579515206140771260011284
 3 6970        4    1041210029 9790 9742 995910988130571462615135152761536315399
 3 6970        4    152481518414992148931518415880165821640016013148891320211956
 3 7970        5    111051072710505104741074611854138291527515691158051573715681
 3 7970        5    153761512914777145441469315212161381581715369145201339712208
 3 8970        6    113461089910659105341059310949116011269213845145571482314740
 3 8970        6    144161397313608134681368614330149661461814092134611257611654
 3 9970        7    109241055210356103271039910711110561174512610131651332713306
 3 9970        7    130981267712305121921256213573150071494014496136161239811355
 310970        1    106911037510233102671063511864137111512015813160001593315669
 310970        1    153101503314723144921463515305162081593515319141191255611425
 311970        2    106771032810147101651047611597135911508315390154851555015506
 311970        2    153441524715053149611522715759164671615215615145321301111727
 312970        3    109011053410375104031073511905138501532315556155291551215369
 312970        3    151451500014811147761500715630167481655416083150781357612296
 313970        4    114931117111062111281150612678147011612316360163841638816201
 313970        4    158691560215274150421519915788168861685416311153171385012498
 314970        5    116551129111114111041133712445143601595816496167151691916856
 314970        5    167031672716675163781632216523167501631215584145611330811907
 315970        6    109701042010081 99771004110439110511213313181138161398313848
 315970        6    134331298312653124761266913406145851453914100134971260511704
 316970        7    109441056310342102801034310596109041165112574132641355513721
 316970        7    135501321712891127941305213796151611518014766139061279211807
 317970        1    111621090410849109461129212400143911588016111162901620116016
 317970        1    156611550115353152631548416085167731642515757145951302311706
 318970        2    108041040210206102001049111524134501482515151151531512815008
 318970        2    148051465414458143591463415266162521609615602145691307511822
 319970        3    110461071910563105831092011994140151549315721157081563915444
 319970        3    150971485314549143691451115050161301610015551145491307111730
 320970        4    108801048410286102611052011555135121501215379153911548615429
 320970        4    152811523315075150601534015801164551616915600145811312511790
 321970        5    109611059010434104281072411755135541491615183151941513014967
 321970        5    146251440414198139981408914564152621497114441136021247311348
 322970        6    10447 9959 9654 9520 9550 9929105301173712994137911404513917
 322970        6    135061309712868127801301513521143801426213776131121228711334
 323970        7    106041019110031100161010910315106641145712378129641316613226
 323970        7    130621269512377122641256613312146501485314465135891246611465
 324970        1    108301061010561106411098312104140981534915865159841593215755
 324970        1    154471515214797145101460915087161721628215843148471329712076
 325970        2    112381081110644106511099111994139281527415430152951524615111
 325970        2    149411488014803148951530816022165091618815490143211275211402
 326970        3    1048910020 9761 9688 989610930129151451714950150581516315082
 326970        3    148511476114556144591465115125159621592115389143231284511511
 327970        4    106481024510027 99981028711290132041463114998149481491414763
 327970        4    144831425113548136731371613934148231485614396135561219310875
 328970        5     9959 9575 9345 9336 956310316117231293513595138391383813699
 328970        5    133911314312862125941236812548135081369713218124191138410302
 329970        6     9417 9003 8726 8610 8667 8948 95751077012115129371319813146
 329970        6    128831252612369124251278113312137371345312947122361126010170
 330970        7     9263 8730 8445 8329 8285 8438 8812 973410704112731140311391
 330970        7    111431064910154 9914 9943103061159012259121001139010364 9492
 331970        1     8847 8543 8432 8448 8759 9875120591402714803151781551615709
 331970        1    157601582815758157711606716543168771619815165138861245811242
 4 1970        2    10390 9925 9769 9716 992010634118001279613367139291427814348
 4 1970        2    141381393013688135151368214085150871536014938138931236011250
 4 2970        3    105351020410098100721037711238129871425714516146521487214831
 4 2970        3    146471433014188140191407014382153131568615293142761264811341
 4 3970        4    105701020210042100291032911244131431439514524145641468414527
 4 3970        4    142541411513870136721372113961148741518214840138301224610897
 4 4970        5    10044 9643 9369 9331 954410460124201390314203142891444114367
 4 4970        5    141231399813742135001340713413140591430113943131701186710736
 4 5970        6     9887 9475 9208 9141 9239 9461102161129912134126641285012620
 4 5970        6    122011183411500113121139511803128111305112582118481103110199
 4 6970        7     9259 8800 8641 8482 8503 8617 8848 939510376113361181612231
 4 6970        7    126151245811969117991190912229125951307713091126591159010318
 4 7970        1     9340 8902 8676 8630 8844 9754118411350714084144341467114592
 4 7970        1    144581443614291139781380413702135301402014370134221193810527
 4 8970        2     9627 9174 8990 8985 923510240122381392414425145581468814632
 4 8970        2    144431431214102139241393513976139921460114917140871266311351
 4 9970        3    10402 9998 9831 98281008011107130881479515392154071549015378
 4 9970        3    151081498914718144971448714563146141529915658148721341912056
 410970        4    111521074010602105461077711867138471539915711157061561115410
 410970        4    151151488714551141701404613977139701462115121143291293311557
 411970        5    106831035810258102441044811348133391488615234152381503914866
 411970        5    144891428413940135581335913143130371351513925132831218411012
 412970        6    10155 9638 9380 9264 9320 9650102971133212448131411324413051
 412970        6    126391233012168121791241112738129581320913026124211147610572
 413970        7     9703 9192 8884 8706 8678 8829 9134 983410918117871221412384
 413970        7    122271190111588114371162811911120021255913033122391113610062
 414970        1     9300 8981 8839 8872 916410247122911400314496146781477214694
 414970        1    144681432414027137321366113628135401407814617137861232510990
 415970        2    10168 9760 9596 9738 986710961128791440214717147231466314505
 415970        2    142541411913852135811350913408132701373514364135691215410846
 416970        3     9957 9584 9449 9421 971910738126821419014535145081433314343
 416970        3    140891398413784135121346713357131791366414174133481191510550
 417970        4     9612 9187 8952 8900 912510083119991362614117143061439614412
 417970        4    142541421214096140121414914298143481454314406135161200610702
 418970        5     9806 9334 9153 9043 926710231122741407614811151241533215336
 418970        5    151421500614771145581455114543144401452014333135411238011240
 419970        6    10333 9831 9563 9440 9508 9837104991161512939138171416714142
 419970        6    137711342113061128341280512864128521295613002124201157910558
 420970        7     9708 9271 8975 8868 8911 9076 93251001010875114361163111594
 420970        7    1140011097107881065110790110821134011911124921184610886 9894
 421970        1     9165 8790 8671 8657 8928 9764112001279113574138751405913965
 421970        1    137741363313379131701324613240131381343313789129851169510432
 422970        2     9596 9203 8992 8990 921010108115261319013928141331420914158
 422970        2    139221389313814133561337413385132701364713943131491173810465
 423970        3     9549 9154 8899 8869 909010039115671320113773140191415214075
 423970        3    139301379713633134101336113307131811351413970131621184410514
 424970        4     9590 9186 8924 8891 9140 9970116851340314332146771487814912
 424970        4    147541463014423142941429214244141911435514446136471225110943
 425970        5    10034 9482 9239 9238 941310213118421345414169144111443314328
 425970        5    141181396313700134411326813068128491304313460128411174510534
 426970        6     9659 9167 8885 8800 8879 9184 97431081211801122931242112251
 426970        6    1187311481111391097410970110981112011332120011159010721 9786
 427970        7     8954 8503 8279 8210 8240 8376 8693 942810320109221114411182
 427970        7    1104410772104991044110594109391136011943124821182410584 9493
 428970        1     8722 8439 8302 8279 8558 9643117601361414458148701517115286
 428970        1    151311505814765146011466414810145481443114516136171205610656
 429970        2     9769 9338 9117 9069 928610198121911371614155142501435314251
 429970        2    140891398813782135671353113353130821320413964132631184710391
 430970        3     9472 9028 8878 8852 9016 9957119281351113939140571420114218
 430970        3    140671401113877137291361413423130961318713967131591167910323
 5 1970        4     9374 8904 8692 8617 8818 9639115151320413745139311419014193
 5 1970        4    141031406413956137241381513827138071404114059131401164910347
 5 2970        5     9419 8912 8714 8616 8815 9706116661337313956140881424214129
 5 2970        5    139131381513563132541306212816124801248213158126891155810396
 5 3970        6     9379 8825 8543 8430 8452 8763 93441053411779123691275912760
 5 3970        6    1254112319122021213412311125571256912531124521183110861 9924
 5 4970        7     9031 8449 8188 8058 8028 8117 8391 926910287110211136311502
 5 4970        7    1137711052107671065310800110401112211479123811191110751 9746
 5 5970        1     8959 8625 8532 8555 8814 9814117971350314040141381423514105
 5 5970        1    140551399013846135341351913353130811320614020132791176310379
 5 6970        2     9392 8989 8795 8734 8955 9830117891357714206142861455514625
 5 6970        2    146211442814253141331428114415141161404914276134111194410572
 5 7970        3     9634 9262 9066 9017 927810140121411384214408144711459114424
 5 7970        3    144141416513964137461376213698135321363114294136211219310746
 5 8970        4     9838 9430 9261 9219 945210320122751379814230142961435514106
 5 8970        4    140441398513706135321340413232129811305313839133011185410461
 5 9970        5     9512 9049 8838 8776 8973 9842118401366514382146521478314720
 5 9970        5    145361444714211139621395613783135511340913620129591178010557
 510970        6     9598 9086 8804 8629 8686 8980 95771063311852127581298212859
 510970        6    125071215211849116351165211812118551190112333120451105810021
 511970        7     9195 8652 8401 8234 8273 8297 8615 947010428111001136611355
 511970        7    1120910825105291040210423105721067510974120311179210664 9581
 512970        1     8980 8577 8331 8256 8440 9467114331325113856141611440314414
 512970        1    142981424213997139111385913705133241330413862132511173610268
 513970        2     9297 8827 8603 8523 8687 9512114881328713880141141435514379
 513970        2    143051424214129139841408914176140801411514215132441170610313
 514970        3     9375 8926 8665 8600 8826 9658116751338413954142301435314309
 514970        3    141951410813960139261383113633133571335913963133001184210430
 515970        4     9379 8916 8683 8601 8764 9643116391336713958142611447614522
 515970        4    144411438314282140831404213795134551337113977135551191210580
 516970        5     9456 8960 8710 8590 8747 9601115331335314023141851447614450
 516970        5    142141412613869135391342413193128651276913234129671177310427
 517970        6     9492 8922 8692 8552 8610 8833 94661066011779123081248012374
 517970        6    1210011804115921153311713119431201011926121991178410922 9859
 518970        7     9040 8536 8249 8154 8155 8044 8532 936710378110271120811256
 518970        7    1112910827106061050910666109271104211269121181179610628 9497
 519970        1     8723 8342 8231 8177 8392 9343114081337414209145941485914877
 519970        1    146981452714364142361435514334139731407114217133311181810389
 520970        2     9453 8988 8780 8702 8873 9733116841357514196142861456114588
 520970        2    144021433914167139671388513669133031313513663133331199610390
 521970        3     9425 8977 8712 8691 8869 9649115781320813883140901423214249
 521970        3    141231409213920137511372613601132741322813753133421195910582
 522970        4     9482 9013 8826 8738 8942 9727116531340213943141501430514266
 522970        4    140901406213872136631365613570133111330613834133911193910479
 523970        5     9903 9713 9579 9490 969210105115351313313735138651396813891
 523970        5    136891360413341130751286912610122601205612542123711130310141
 524970        6     9080 8641 8375 8232 8273 8391 89601001011101116191179611708
 524970        6    1149511154109021080810813109271090810888114501134810468 9598
 525970        7     8654 8229 7990 7851 7816 7856 8120 891910048109841153711790
 525970        7    1179511507112861112311184113391132111275115491123510361 9397
 526970        1     8514 8071 7857 7723 7735 7775 8218 918110275110441127611299
 526970        1    1115410819105871050610647108931091511094118581167910394 9246
 527970        2     8528 8184 8062 8010 8259 9056111731298413724140221425114251
 527970        2    141731414013956138401374713592132421306513564132681177510302
 528970        3     9365 8897 8704 8627 8840 9556115521326913884141491439214420
 528970        3    144081443314335142121416313955135201324813804134891195310394
 529970        4     9402 8891 8629 8568 8726 9415114411326114023143451467714794
 529970        4    146431483514724145281445314123136631343413892134821195510453
 530970        5     9448 8909 8691 8587 8754 9460113701323013944142661449114577
 530970        5    144801448414308141121395413596132321302913313129321173210427
 531970        6     9412 8840 8529 8379 8368 8485 91551040511657124261284512795
 531970        6    126381241612213121191215212193120661192212318122351132610329
 6 1970        7     9415 8720 8417 8233 8209 8174 8453 931210426113261193112253
 6 1970        7    1229612058117941174811873120721210212096125711218111000 9743
 6 2970        1     8956 8545 8387 8333 8555 9351114551329713924144291474314761
 6 2970        1    146101451014291141711428814149138081366113910133401182110360
 6 3970        2     9381 8906 8669 8604 8769 9599116091343814090142931440314429
 6 3970        2    142991428714134139651392213746133701322013643133911189110370
 6 4970        3     9392 8920 8682 8574 8755 9521115161325413900141671438714402
 6 4970        3    143171431314177140551399413801133651313313577134021194510447
 6 5970        4     9444 8966 8759 8656 8832 9535115371323613980142501444814503
 6 5970        4    144301441114297141961414913907135021327113670134851200810645
 6 6970        5     9505 8969 8770 8654 8854 9556114891329413975142521450914571
 6 6970        5    144871441414265140111386313483130241272113014129551174310452
 6 7970        6     9377 8803 8527 8348 8377 8474 91861033811557123101251312441
 6 7970        6    1220811865116031141511432115061149611495118501175810816 9790
 6 8970        7     8897 8375 8140 8003 7929 7859 8254 908910184109771136711576
 6 8970        7    1152011299110321096711058112471128411356119691206310862 9687
 6 9970        1     8850 8394 8287 8237 8461 9197112261310214003144551480215019
 6 9970        1    150101512615067150141499514733142901393214189139421230010757
 610970        2     9701 9208 8899 8811 8961 9619116101353014475150851565016070
 610970        2    162551650716605166581671116419159511564615891157211399112228
 611970        3    1092910325 9935 9742 981510457124801456315733165141708417486
 611970        3    176621798518106182021825717892173181686717022167111485012932
 612970        4    116181087410502102601035810966129081489516051168361745817779
 612970        4    179131814518141180871795717565168831633016315158621414012327
 613970        5    111551053310189100241014710853127941469015602161301648816619
 613970        5    166611674916573163251610815617151421470414673144321326311818
 614970        6    10663 9931 9557 9324 9292 9356100771134912731136771400813957
 614970        6    136821341713204130891302412941126691236512513125441158010379
 615970        7     9433 8818 8445 8247 8180 8018 8410 931710459113051170011863
 615970        7    1183111634114801145111588117061162611628121841228811175 9999
 616970        1     9105 8678 8509 8490 8670 9233111661329314328148871532315483
 616970        1    154691550415400152331532214995145171410214319140891254310995
 617970        2     9985 9439 9142 9036 9227 9975118301369614610151961572515982
 617970        2    159541600216006158791588015619151441481715033147591322511618
 618970        3    10534 9985 9690 9563 971910461123261428715254157991620516361
 618970        3    162651631716175158941589115666152491489514873142711277011283
 619970        4    10279 9747 9475 9370 951810284120601407715183158911650816826
 619970        4    169091698517011169251690916629160641558915706156201408312317
 620970        5    110941036910002 9800 990110465122821427515600163411694117232
 620970        5    171661699816995168191671016587159921531215076149061370512502
 621970        6    112411054610115 9867 9846 9920107111214213776150681597816494
 621970        6    165751653816499164891652416451159601571915757156351452612992
 622970        7    118411111110655103911028710123105571168113190145241552516220
 622970        7    164571637516110157291566915543151691513715284152911386112264
 623970        1    111591044710113 9897 999010565124211458815943167501737817694
 623970        1    177881788017853177151760017218165291607015995158141414212343
 624970        2    111161044210054 9873 994310524122731425815420162311664416839
 624970        2    167061661316501164121639016105156161510515191152021375312073
 625970        3    1091010236 9926 9749 987110504122241415015498164631727317842
 625970        3    182271863218845189771912218863182241795217968177771627914332
 626970        4    129721230511856116181170912290140931622717815188511935519647
 626970        4    196951955219250187601827917550169391633516193159191444412721
 627970        5    114981081210406102031029910812124051438415555162111666116794
 627970        5    167401680816749166521651616228155761490114693145921330611789
 628970        6    10574 9879 9454 9236 9164 9193 99021115812563136221418014378
 628970        6    143591429814302143961454014548143691400313964140261295911722
 629970        7    10631 9953 9454 9164 9021 8837 92991015411626128201369914329
 629970        7    146171469014667148121511315253150641491315095152791401912453
 630970        1    112701061810300100811013910636122661437015967170891801818627
 630970        1    187701899919096190931906818780181791754017364170801541813414
 7 1970        2    120911130810890106431068711125127431486316249173021806218466
 7 1970        2    186671888218888188241876818341177011692416772164701474412936
 7 2970        3    117071102010640104621056511184127251455915869166881724717608
 7 2970        3    177331790817899178101764317280163831611916161159481455912881
 7 3970        4    116641102610655104981059011222126841450215702164981697017142
 7 3970        4    170671699016814164841626815988155831516115070145951330211980
 7 4970        5    1092110272 9887 9610 9541 9511 99501097712246132171373113857
 7 4970        5    137291345113176130111300312954125951220912232121431157310736
 7 5970        6     9788 9168 8829 8614 8521 8402 8878 992311194122481279612986
 7 5970        6    129331273412585125731266112759125931235212411124391164010618
 7 6970        7     9634 8993 8674 8426 8347 8176 8478 939310514115091218412537
 7 6970        7    126591267612647127011298313162130931290813117132491225310973
 7 7970        1    10022 9455 9221 9122 9283 9862114541340714982159991677317251
 7 7970        1    174301750417308169781667916368158121527515326150621353111957
 7 8970        2    1083510218 9884 9717 977510355119251385715207159921655316924
 7 8970        2    170931728217341173291733117065165031602716166158691438112731
 7 9970        3    115891093910644104791057511226127761474416126170731769218187
 7 9970        3    184291873918818187011837917777171171641916245155571404712455
 710970        4    113341074010407102291034710966123701408415112156871612116338
 710970        4    163501649016481164061628616071155401503115002148401338211802
 711970        5    10606 9954 9584 9394 9495 9985114911343714808156531633416648
 711970        5    167041681716794167441669416422158061521715119149731368212222
 712970        6    1097810237 9793 9561 9479 9526101701153512924140861474715054
 712970        6    151231507215014150511514215185150061464314691146251363112364
 713970        7    111721045610023 9769 9627 9481 97671069911835128901375214357
 713970        7    147201487914997151001528915434153321519715598156081438312991
 714970        1    118741124010950108321095111601132501550517213184421923519959
 714970        1    201672045120569205412051120217197021920219187187841701215168
 715970        2    137451291912434121601215312752142381623817670184741934819686
 715970        2    197431982419509190451892518493178231725817210165661490713359
 716970        3    120491143911044108541097011614131731498516161168161729017734
 716970        3    181071858318944191631938219209187441820718110181361644414562
 717970        4    130921230311884115641158512199138151589917333186931959220018
 717970        4    201812048520533203722040220095195931910419096184201680415113
 718970        5    136881285512376120931211212599141731639317956188471971720086
 718970        5    200992025720162200441982319304186211796417899172061568713960
 719970        6    125181169811123107531055010533110491229913596144601477314659
 719970        6    142721390613571133611328213206129271259812741125931162710538
 720970        7     9656 9056 8742 8532 8481 8382 8716 953110687115441211212321
 720970        7    124641232412228122811245212710125921243912924129921195510808
 721970        1     9957 9517 9352 9257 947710197117401360714947157031628616534
 721970        1    165691657116467161601603515828154161508515149145241305511592
 722970        2    1057210012 9697 9574 970210358118491364514818156481624716465
 722970        2    165021665316680166131662616291157201513415254149721349411907
 723970        3    1076010089 9727 9570 966210264118021362114773154501584816091
 723970        3    160991625416244161161600715655150251449414722144401292211430
 724970        4    10322 9784 9438 9298 943510052115411322914357149401536115479
 724970        4    153941532115163149121483814636142681400114244138051243911078
 725970        5    10074 9594 9291 9182 929710015114321313514238148981531515426
 725970        5    153781530115102148501472714435140551364913750135431236010999
 726970        6     9953 9317 8927 8758 8715 8856 94011054112022130641374513962
 726970        6    139631386213857138971406114169139861375513940139041290511644
 727970        7    10583 9924 9485 9242 9151 9091 93411027311516126691360814301
 727970        7    146541475514798149331521215346152501516415631154971422112890
 728970        1    118531129410970108251095711681132101539017098182361920419784
 728970        1    200182022520115198661976619504188701821218152175961574613853
 729970        2    125101168711226109431092711417127531455115640162491661816726
 729970        2    166961679516730166501660616236156021502015102146601312311521
 730970        3    10419 9777 9458 9326 940710023114801332314543151931599116266
 730970        3    162811655116519164861649916264157881522115344149571342311850
 731970        4    1074310106 9749 9584 968110267117321364414965158461662017034
 731970        4    172341752117645176621757717406168871634716544161081454112871
 8 1970        5    115991091110442102131028610837122571425215708166721741217846
 8 1970        5    179391810118091178841767217248166361604816255157931445012968
 8 2970        6    117931107610605103421025810433109041208113581147681548015829
 8 2970        6    157871572015628156561575715787155441524715552153021416012887
 8 3970        7    117901099810528101901004310003101461106412354135741448915168
 8 3970        7    154381540015355153741534015177147801455614843144461324512001
 8 4970        1    110331048810207100971024310975123831414215352160481646016599
 8 4970        1    165711656516386161591605815834153921512915318145151299111537
 8 5970        2    10492 9944 9602 9449 960410277117311345314585152741576416031
 8 5970        2    161011619116170160561602615742152311483914948143041282511414
 8 6970        3    10337 9812 9507 9387 951610222116581345214583152991581816070
 8 6970        3    160691615716108159891593015626150321461214958143731294711413
 8 7970        4    10353 9751 9450 9293 944510100114851325614533153161588116138
 8 7970        4    162231635516313162041619015863153421487715059145061308011586
 8 8970        5    10504 9888 9546 9377 947810139114501320714452152161579516077
 8 8970        5    161111615516061158741562115266147471451014794142771306411708
 8 9970        6    10633 9979 9599 9374 9350 9612100781109012412134831407214344
 8 9970        6    143811438414354142641425414293140431379414184138081276911625
 810970        7    10591 9937 9558 9301 9204 9195 93611028111639128351378814473
 810970        7    148271493614945150121522715283149961471615296148721353112225
 811970        1    111631063910348102071035011076124561448916025171191799018542
 811970        1    188711911319137189771898118664179361743717627167241490713298
 812970        2    121071142811085108631095011683130731474115893166001707917313
 812970        2    173791748617543174731736617015163411584316131153631369612101
 813970        3    110031037010083 99161005910836123311408515206159201633116473
 813970        3    164401642116315161941619516231158771573415874151961378812381
 814970        4    113011067410311101551025010943123581420815543163351679717041
 814970        4    170831711317129170141692616562159641555415906151031366312116
 815970        5    1096910314 9959 9795 992110692120631381915078160131646816742
 815970        5    167761669916586163841601315635151241493715236145781341212073
 816970        6    110371044710105 9959 997910336110021236014481157071677017240
 816970        6    172651727917289173801747017453171251696317234166261537313986
 817970        7    127501196811519112431109111069112481212213350144271539716128
 817970        7    166521669816634165331645616436161971599516238154851402412646
 818970        1    115711100810608103931038011019124181391615053157431615416417
 818970        1    164521653916507164041637416071155261509015432145571299011419
 819970        2    10361 9770 9491 9327 949410149115601333514550153121580616047
 819970        2    160351608516060159281593215633151151480515210143341284111375
 820970        3    10298 9761 9432 9300 945210190115351325314365150541550415749
 820970        3    158061594815842156031552315308149581492815027141271272511310
 821970        4    10315 9772 9497 9375 955910358118721355414730154831579715976
 821970        4    158251574615520152801525515200149721487314763139001252011135
 822970        5    10154 9629 9335 9180 936210115115521323914478151511562315825
 822970        5    158471589715800156151545915083145981446714736139931274911413
 823970        6    10358 9720 9306 9134 9089 9386 98221094412342133481380613838
 823970        6    136251333513098129251294512969127881285813222127031167710568
 824970        7     9593 9059 8744 8516 8448 8544 8667 947410640116051217612468
 824970        7    125281235212197121891236612564124981272013317126801154110409
 825970        1     9544 9118 8898 8854 9028 9885113621309714388152771596716265
 825970        1    163181641816339161391605815793152751521015434144281282711359
 826970        2    10288 9722 9438 9291 939610249117291335414621154431605016426
 826970        2    164861665216638165431648316147156051559215769147841313711677
 827970        3    1065110082 9799 9662 981010690123521401615144159961650417002
 827970        3    170911722617144170421693616566159121582615955149421333511903
 828970        4    1075810216 9927 9812 998610891125801436115382160131645616567
 828970        4    164871652116386161771608915835154451559915682148051326011772
 829970        5    1074410170 9873 9711 984010692123901402415166158731619116220
 829970        5    161071596015792155171531315005146351475614672138981261011241
 830970        6    10231 9593 9222 9034 8993 9231 96511065111966130411356113714
 830970        6    135951344713262132001322513281131491333313598129431192510813
 831970        7     9837 9249 8893 8669 8589 8676 8770 952110647116401226712687
 831970        7    128171272912524124891257712671125171277413086125691161910608
 9 1970        1     9743 9232 8977 8814 8863 9077 94601016511355125121333913686
 9 1970        1    137331352613413133741361713830137981436314775138661248711186
 9 2970        2    10254 9771 9529 9435 960110545126141442415509162891687617236
 9 2970        2    174291780517952179681796517724172791754217585163751452512917
 9 3970        3    116971106610764106151074311680137821534915940160641612615969
 9 3970        3    157601568215554153941532015077146631481714832137851217110662
 9 4970        4     9552 9035 8934 8864 913810139119871345414093145151476014803
 9 4970        4    147711473014633144811452514379141341452814534134171186210559
 9 5970        5     9630 9142 8923 8849 910610013118261348214103145691489415029
 9 5970        5    150041510915013148871477514389140081433114151131841194510523
 9 6970        6     9755 9165 8884 8706 8729 9115 95801061111854127151318613326
 9 6970        6    131941292212729125831260512723127321311313116124521143710365
 9 7970        7     9533 8989 8687 8487 8447 8586 8799 953110714116711230812695
 9 7970        7    128361274112628125821278013040131531381913936130121178710616
 9 8970        1     9781 9359 9167 9109 935710338124961416415017154551580715827
 9 8970        1    157261569615580153811538415306150261537815142140091240510943
 9 9970        2     9952 9475 9209 9126 933110269123651394814624149521527715353
 9 9970        2    152881538715286151681527115120147581518415062139101235710904
 910970        3     9946 9439 9190 9102 930210214123521402614734151111542415489
 910970        3    153821542315297152131520215081149391537615086140321231511143
 911970        4     9988 9513 9289 9171 940110372125401425014956154011566615755
 911970        4    156751569415577154491551415532155181582415474143331280211379
 912970        5    10396 9903 9658 9557 974110745129221463315515161471665116868
 912970        5    168641698516907167761661516161156751599515689146251333511871
 913970        6    1076110130 9720 9499 9443 9721103261130212698137261420014319
 913970        6    141961396013702135571348413505133481393913741129771188010811
 914970        7     9871 9252 8921 8748 8662 8814 9085 974910877118151247112808
 914970        7    129911287912780127621294613150133121411313923129871179410699
 915970        1     9812 9247 9054 9000 919010197122551386614807154961600516221
 915970        1    163041637416320162661626815984156631616315714144711280611290
 916970        2    10348 9835 9521 9427 955810516126281419514959155891609016311
 916970        2    163391644016393162531620915909155161597415610143441261011136
 917970        3    10108 9593 9270 9144 932710204122421370714449149241526315398
 917970        3    154831561215604155481555115296151591569815274140841259111131
 918970        4    10164 9757 9525 9454 970010676128971456715386158931632116449
 918970        4    164431651116529164041635616084157621613215718144791273911254
 919970        5    10223 9686 9391 9249 941910322122531384114656152551573316058
 919970        5    161491633916294161031587015425151021550715010140251263811264
 920970        6    10176 9606 9277 9110 9103 9453102161133312657136001404914114
 920970        6    140391390013786136991382613970140491410513408124511131410183
 921970        7     9200 8628 8368 8172 8129 8296 8567 926210357112371158211753
 921970        7    1171811506112811123611423117481212513018127641183910615 9553
 922970        1     8818 8490 8368 8374 8640 9690118761347114049143531457814631
 922970        1    145031449314404142731431914367144431509214589133761178610362
 923970        2     9489 9036 8791 8713 8898 9874120571363114339145741480314849
 923970        2    147811476314605145431474714928152031526414625134531184810470
 924970        3     9545 9076 8890 8806 9016 9992122321371014160143301448414483
 924970        3    143321433214193140611408914129142671494714572134631194910528
 925970        4     9621 9189 8971 8921 913010145123071379814255144741463314608
 925970        4    144851450014387142781426414283144961511314656135661196510563
 926970        5     9638 9182 8989 8850 9015 9997120801363014257146161485814811
 926970        5    146771461914500142571410813903139421439213879130451173210511
 927970        6     9277 8879 8407 8497 8544 9160 98991062611859125471271312603
 927970        6    1233712041117481158411681118701228012880125021183510771 9794
 928970        7     8973 8521 8239 8140 8148 8325 8700 940610501113041166211781
 928970        7    1175911511113121128411523119341264313267128141189810676 9652
 929970        1     8887 8546 8438 8436 8710 9758120701393414687151741552315588
 929970        1    154501536715176149841494914865149581529214729135741194910533
 930970        2     9588 9148 8931 8827 897910030121811378214392147131495314958
 930970        2    148921486514760145991464514645149211531514719136061200310616
10 1970        3     9600 9100 8841 8763 8949 9924120911355414072143121447414495
10 1970        3    143901431514129139641407714199146491513114570134881196410600
10 2970        4     9767 9310 9105 9067 927710340125141398414491146011465114559
10 2970        4    143981431414171140131400614087146151516614697136331209410715
10 3970        5     9785 9305 9084 8991 919510163123061386714372146001481814875
10 3970        5    147531468814518143601435814354146121457014011131151186910656
10 4970        6     9624 9087 8811 8636 8659 9009 97981085212070127731303712958
10 4970        6    126531231812058118921197712253128881319412699120401100410016
10 5970        7     9134 8603 8333 8184 8152 8338 8724 949310624115521207812249
10 5970        7    1223912010117801168411858121981295013558130721213010929 9826
10 6970        1     8983 8627 8459 8420 8665 9704119361355814187146521508315356
10 6970        1    154961567215653155121544315281156171590515193139331231310899
10 7970        2     9790 9211 8934 8801 8986 9932120501360414171144731478514919
10 7970        2    149431503514962148341483814764151401540314702135541188210530
10 8970        3     9578 9053 8829 8736 8934 9922122071367614140143471452814546
10 8970        3    144961453614424142451425314310149041516414631135321190310537
10 9970        4     9583 9086 8875 8813 899110021122511389914393146371480114886
10 9970        4    148131489314819146301462914600152071548514809137361219910784
1010970        5     9799 9291 9077 8975 917610182123661410914727151361553315714
1010970        5    157231572015541152571490614548148551487314244132571192910559
1011970        6     9549 8951 8648 8458 8479 8797 95061041711603123341250112356
1011970        6    1208311770115011139211488117771256812820123941173310809 9817
1012970        7     9011 8528 8283 8184 8212 8404 8870 956810621112571148511500
1012970        7    1137811109108951085311093115051243712769123251158710601 9728
1013970        1     8911 8508 8363 8325 8521 9178105641177212772134471378813815
1013970        1    136811353113335132261339513743146111476714059130161154010218
1014970        2     9299 8848 8651 8605 8824 9819121371372014238144801471314820
1014970        2    148061475814639144501464914942155881535114689135511197010584
1015970        3     9608 9130 8890 8790 9001 9983122491400614438146631484214840
1015970        3    147651470714548144981472315121155651531314700135281198710562
1016970        4     9587 9091 8900 8839 9030 9998123051404914488147221486714804
1016970        4    146411455414381142241430114550153011526714702136191209310701
1017970        5     9738 9226 9023 8946 917910237125201408214445145851460114483
1017970        5    143081422613966136991359513627144221438613861130891183310666
1018970        6     9717 9217 8946 8836 8901 9316102211122712361129931306912867
1018970        6    124571205311707115401167312121131331313012715120491111610125
1019970        7     9284 8785 8570 8437 8456 8685 9173 987310973116941202112126
1019970        7    1214411975117971186112295129281373413625130371220810963 9858
1020970        1     9111 8753 8692 8670 894810111124441421114594147211486114763
1020970        1    145701446814297141161422114534154491531314669136041200410618
1021970        2     9678 9217 9026 8961 921410273126721421614518145881467414585
1021970        2    144331434814128139851405414382154141535114779137251221010823
1022970        3     9923 9484 9325 9285 953010592130111455414849149211492014773
1022970        3    146121450814273141271427614759157671570615166141711260111300
1023970        4    10358 9956 9806 98041005111150135811512015359153431524115043
1023970        4    147911464814483143541450314934159711585115361142591280211382
1024970        5    10455 9964 9757 9652 993810899131401482715162151591511114967
1024970        5    146911452514274141201417214674151521477614186133461224910968
1025970        6     9968 9400 9361 9134 9076 9452102621141412711137111414614137
1025970        6    138441345113143129281304113484140071369813187125751167810709
1026970        7     9823 9230 9019 8815 9015 9453104461130011753122181226912204
1026970        7    1200411732116461189113007143301433413937130641185610724 9973
1027970        1     9462 9115 9023 9060 930110424126951440915077152251534115355
1027970        1    151531505914931147401537816407161981575714932137051222110926
1028970        2     9945 9506 9338 9320 961810811129391421814659149691499714945
1028970        2    148371475514628146591525216591165301604115363141241256511197
1029970        3    10338 9926 9814 97841009111268134061483315104151871519915049
1029970        3    148251466114445144091513316470163701584615143139641242411097
1030970        4    10184 9765 9628 97331004311046132151453814687146701468714596
1030970        4    143781428414118140731460615905157731534614847138001230910965
1031970        5    10143 9726 9533 9534 979610901130051441514770147651470514587
1031970        5    143951426814038139301448915269147601413813612127651161010465
11 1970        6     9600 9128 8849 8726 8792 9127 98521105112288130201333913419
11 1970        6    1329513099129511304213756143781392613192126351187510916 9939
11 2970        7     9126 8639 8336 8149 8171 8305 8715 949610610114251186012116
11 2970        7    1230312246122261244613324142701405613468128161189710773 9753
11 3970        1     8949 8640 8548 8531 886610030121521365314153143241443914453
11 3970        1    143331426814107140161467516082158921533614591135091193710628
11 4970        2     9685 9302 9057 9027 925710386125281401714458145451464314585
11 4970        2    145001444714301143361507416230159351539214664135631207310724
11 5970        3     9841 9433 9243 9182 945310616128111419014491145221452614448
11 5970        3    142831421714070140541485416207160501553114847137701229210932
11 6970        4    10065 9686 9508 9491 978310912131141452514783147631477314642
11 6970        4    144191435414144141511501216244160961563614969138831236911026
11 7970        5    10065 9657 9417 9362 960810656127941431414709147711479314822
11 7970        5    145751452714402144731517315934155371489814237133511212310908
11 8970        6     9950 9456 9154 9010 9131 9512103241142512692134531376713723
11 8970        6    135071331713239133521411214730143071374513145123971144010419
11 9970        7     9557 9081 8820 8647 8643 8867 93281009711271121971271913118
11 9970        7    131331299212808129351378014568142651381713214122961116610115
1110970        1     9374 9016 8853 8846 916710286124501400014474147051474814772
1110970        1    145751452614400143831533116367160951545514742137421229910961
1111970        2    10034 9581 9368 9306 952310402118981323514071144361449814391
1111970        2    141601402613930139771497916360162181567215052140461259511312
1112970        3    102711006310160 99611026611453136891510915387153421534115195
1112970        3    149361487414717147831577317085168671636115698146491309611744
1113970        4    108541046210296102651057711774140231532315537154861546315284
1113970        4    150151492514722148201580317085169831653715924148911331111923
1114970        5    109571055510365103261065511767139311545116119165211679616902
1114970        5    167381659516355163001703917572171471645815685146061330512063
1115970        6    111001058510315101811027710668114071238413546143081449014399
1115970        6    140531369713435134681445115492152241462814064133221237211342
1116970        7    1054210103 9821 9710 972510016103711112212043126661299213156
1116970        7    132301309712955131191434415593155031504514499135431238611343
1117970        1    106741040510321103841074411919142051560815912158721586515730
1117970        1    155141539915220152441632217595173531682316129150741343212055
1118970        2    110831068510517105151085611991142511566515871157451561015393
1118970        2    151901507914904149411608517354172071672016103150061347612114
1119970        3    112181079410636106701102212152144801584416018158231568915466
1119970        3    151451500014860149241609017291170871663515999149121339612019
1120970        4    111531072710543105241082311964142531559315803156821553215316
1120970        4    150731494914814148971596017145169241650715926149471342712051
1121970        5    111631078510570105441085311952142521556815820156761549315252
1121970        5    149581478814650146451552616231158611526214649137801257511388
1122970        6    10354 9980 9588 9488 959210036109171216513557145381489714857
1122970        6    146031433614118141981507015735153211472914137134181241411463
1123970        7    1057910063 9802 9698 970410028105971138812551134031387514105
1123970        7    141041386513660137831496015860156581520814602136641248711377
1124970        1    105691017810030100511036411481138011538615832158271587615799
1124970        1    155721548115385154761659817790175781709816523154831394712538
1125970        2    116211122411070110961144112543148051613216392164101636516108
1125970        2    158341581215657158721710317800175901709516391153261375012274
1126970        3    112021068810411103441058211648137711512515577155681550515306
1126970        3    149851483114670146091559516295160081548214867139971257311104
1127970        4     9959 9386 9083 8947 9033 9477102571125212560133391372513676
1127970        4    131571227511547113011197412644127241282812781124441173810895
1128970        5    10195 9834 9713 9670 983210399114551237813375138271404914159
1128970        5    141131396313902140631494915446150321452313950131791212911026
1129970        6    10131 9649 9415 9319 9397 9804105071139812469131031323213085
1129970        6    127241232312051122011347214659145321416813749131291226611287
1130970        7    10429 9939 9707 9621 9700 9943104521110812113128031310813224
1130970        7    133031332413293135421477715375152211481714198131781195610819
12 1970        1    10064 9697 9566 9587 991411034133991510015699158791604616121
12 1970        1    159931592915816159371714418113179301747616792156591406012610
12 2970        2    116471119411006109881131512417147231616316291161951616716040
12 2970        2    157441563715458155851678518075178471730716660156071399612491
12 3970        3    114691101410800107821105512223144881591416038158221565715367
12 3970        3    151161494714774148121605517259170831663216090150211345311924
12 4970        4    109041044710210101711042311502137091531415640156591544415347
12 4970        4    151321496914767147421601416964167551629815805146921318111661
12 5970        5    1060910133 9889 98061006911193134951529715680155551562315625
12 5970        5    153581520215216154051628516647162381586815348145661343312121
12 6970        6    110581050010252101391024710732116151261513725142451433014116
12 6970        6    137271340913255134051462315667155211504414590139991305111971
12 7970        7    110411043510165100441005210269107981156112660133641359113574
12 7970        7    135151325113067132591460315847158121547414995140621277211461
12 8970        1    105901021410080101121044611676140321554915832158031572415556
12 8970        1    152561506514997150881653917860177051726016748156701411312498
12 9970        2    115191106310902108891114912394147681629216464163041614315909
12 9970        2    155961541615307154561692418064178631737116805156771407612503
1210970        3    114041090110676106821099712074145441596716175160181596915856
1210970        3    156471569015604158691733418181179171742416812156951404612543
1211970        4    114371099210746108081111912218145501612616526164561642516186
1211970        4    159001576015647157361698918202181131761617068159911444012862
1212970        5    117501126210987109461126212368146011616916540165261645716224
1212970        5    159661592515702157491676817496171691652915997152141394812579
1213970        6    114471077210617104071057011020119491295314141146901463714388
1213970        6    140121368213554137401507316088158341531414842141541317712023
1214970        7    110231040610139100441011010324109261167312672132911352113607
1214970        7    136991352413365136331515116651167601655616144152221389612608
1215970        1    116981142911359112201162312859153841697817219171651702816725
1215970        1    162251607115982159711732318610184541798917423164271469412969
1216970        2    119111139311231112011154212717150951663716778165701626115976
1216970        2    155941536515135151771650117902177651730616735157581410712415
1217970        3    113731086510680106591095112029144651592016120158821559615375
1217970        3    150491491914729148371629517524173601694616433155391396612386
1218970        4    112561080610601106121094412139145191600816243160331586915627
1218970        4    152951514014915150041638117706176001723716790159341438012786
1219970        5    116171099710745106361086811875142201576016111160881592515685
1219970        5    153251514414832148431595517046167961622515698148401369812353
1220970        6    111271052010155100281008410489113901262013820145211465114535
1220970        6    141961388313623136631481615949157591531714815142971339712330
1221970        7    112661071910382103901042510734113551216413159139011410814017
1221970        7    139061360813351134941498416438165361638016105153391400512724
1222970        1    118271141911299113671167812779151431670417150170921686316574
1222970        1    162591611416015161191744918512183441792417436164371499713369
1223970        2    120971139911101109731122412155142871593716660170341724917239
1223970        2    169081657816257161591717218103179121745016877158521443212752
1224970        3    115031081110477103431053711263128441428015110153521528814896
1224970        3    143091374613419134091477015716150311417713729133871267111942
1225970        4    1086010153 9647 9402 9405 9667103171120512223129411328313339
1225970        4    131651265712080118871245513161131931312913038126171177310694
1226970        5     9848 9392 9180 9111 9240 9771107581179212805135291382613840
1226970        5    136481334313197132971439315456153401487814380136611259211387
1227970        6    10385 9834 9562 9480 9567 9908105741141312583134801394914049
1227970        6    138941367813541136581463615497153441491914463137801274411646
1228970        7    1059110146 9819 9719 978910018105681117312103128851323713392
1228970        7    133351298912777128541422615726158281554415134144661333012224
1229970        1    113951106410989110221128312189138541527616173165081645816332
1229970        1    160051578815578157261686117635173011672416069151001361512121
1230970        2    110421041210100 99351009810964125061398314836154271580415964
1230970        2    158651577715667156981670717531172671669716081151031370812250
1231970        3    111931068810431103881059311445130121435915152156471591015895
1231970        3    156731540415141149821596617130168111605815347146521395413316
