 1 1980        4    126441206911694115191149811744122491252713124137611421814453
 1 1980        4    143561406313865139731512316268161461567815223144471330212142
 1 2980        5    112711080610541104511055611213125181370614563152071541015329
 1 2980        5    150511467014320141261499616165159411535414824140651297911774
 1 3980        6    1075210154 9798 9669 9674 9982106081137012401132051351213445
 1 3980        6    131581267912492123691341514558143791391413443127521179910736
 1 4980        7     9813 9265 8942 8801 8784 8994 9446 999310890116291207712347
 1 4980        7    123811229012252125521385414874147461441613877129671178010722
 1 5980        1     9981 9627 9472 9484 975510890133071494315304154211558315606
 1 5980        1    153471519315091150661609516997168611628215574144201283511389
 1 6980        2    10426 9950 9710 9650 988110916131271483315182152271538615407
 1 6980        2    152551511214960149021574716740164681591315213142171264411226
 1 7980        3    10281 9848 9605 9537 980910863131061487215302155891583215902
 1 7980        3    158461578415658157271662317444170701658015804146721318211718
 1 8980        4    107721029310012 98931006211000131061479015164153631547515532
 1 8980        4    154591536615176152031598816545161841569615025139781249511154
 1 9980        5    10180 9762 9541 9459 968310547127581435114821151531532115364
 1 9980        5    152841515514963149031540715966157261507814460136591254911349
 110980        6    10312 9914 9670 9538 962510017107971165112749135261349513292
 110980        6    130731269412419123571314714306144121397413570131371210211167
 111980        7    10365 9851 9609 9511 9534 9788102331083511695123991265812789
 111980        7    127241241712163122331321414770148211455114136132971226211228
 112980        1    105191023510144102021054611749141971574116095160871607015952
 112980        1    156661547115210151681601117545174951703316345152941371812277
 113980        2    113191085910604105551078311705139111562515936159931605716007
 113980        2    158821580815744157981653817164169041649415987149701356812247
 114980        3    114601110210951110061133512411148151640016553165361648216323
 114980        3    160401591015689156811644517950179311753316919159151444913106
 115980        4    121431171811555115631187012913152471684617114171091710417031
 115980        4    169301678516670167301747418238180571753916829156561413312686
 116980        5    116971126611032109661121712082138511535015972164761678416894
 116980        5    167541658916418163111680117642173341668715993150681381012595
 117980        6    116361116510951108101088911289120951300814088146941489314788
 117980        6    143151387813559135341436215618157231510214547138671288811910
 118980        7    110991063410380102721030110510110101171812707135601399714156
 118980        7    141281388013677137041443715673156801512214569137981275311740
 119980        1    109851062610467104451072211621132401459015415159231619016142
 119980        1    159081565015453154121615317385172451670316073149061341012025
 120980        2    111391072710531104941078111891141421569115994159831603515949
 120980        2    158001571715576155611614417508174141697016359152081369012254
 121980        3    113711097510793107871108412135144871594816214161121597215853
 121980        3    156131541215215152411597217414175291710716559154231388212472
 122980        4    116811120711041110471138612564149621643116628165481640716245
 122980        4    159471574215515154671620717653177121732116796157411426312866
 123980        5    119151150811324113071155112650148841643416872170261717017190
 123980        5    170661692416737166021719017803174901680916049150371362412308
 124980        6    113031076010449103001036910714114931243313657145101489114945
 124980        6    147041426913924138431419215383152691473614172134311246111452
 125980        7    1081610127 9851 9755 978710076104021142112552133931379113909
 125980        7    137231342213186131751394715466153851485214445136841295411763
 126980        1    109871067110566105871090612074143651589616107162051624016095
 126980        1    158261555015277151891577417327175981726616691155731401712720
 127980        2    119171153711429114641180312952153601670416932169391684616633
 127980        2    162691589515820158301646817857178511729616693155301413212697
 128980        3    116551121211012109531125212299146111599616426164981651116426
 128980        3    163091623716115161581679417859178271718616554154561400012467
 129980        4    114901108910885108361109412111144101581316126160361602115739
 129980        4    155191529914986147401515116463167501636915855149291337711985
 130980        5    110961067110467104161069811750140231539816016159901600715998
 130980        5    157631564215427154691585216596164211587415148142311320111883
 131980        6    109401043410157100511013310536113661230213387142421462414511
 131980        6    141741380713462132361357314865152281473714366136211276011716
 2 1980        7    109231046710224100941015310424109391157612464130311321613246
 2 1980        7    130271267512340123121296314751152191494614491135981243111379
 2 2980        1    106881040810332103881074311989144041583916025159171578415563
 2 2980        1    151981497014710146501522216709168721640715787146631305511664
 2 3980        2    107801036010147101121040211528137951520315355154011522315060
 2 3980        2    149061476614709148151541916661167781623615621146061297311598
 2 4980        3    107681034610173102191049111636139421533515758157351576615715
 2 4980        3    155811549615440155081606117291174841694016216150381355712166
 2 5980        4    112591091910706106771097212103143681581416268165221668316686
 2 5980        4    165471640415072162011665917817177871726016563153761386412492
 2 6980        5    115911113910965109531124712430146911604516222161521603315760
 2 6980        5    153691511414773145581484216094163691591015430146711346912293
 2 7980        6    113821094810771106781074811287121141301513989144811449214157
 2 7980        6    138971346213063129211330114568152071480514301136741274411723
 2 8980        7    109361059810296102081025510482109531179112682134881361513606
 2 8980        7    134701310412825127861336414846154611528514702138791268011568
 2 9980        1    108731058210549106321101212212145911602816260161411608015809
 2 9980        1    153491516814915147081506116389169651656315965150031341312038
 210980        2    111831083110671107021101312026144221582615981158011559015396
 210980        2    150911486514721145881496916233167821649215791146681323511828
 211980        3    108931044110250101781046511576137551530215596155711551815205
 211980        3    148751473214483144761504616281164271604615361143271283911396
 212980        4    1049510006 9800 9700 990910949131781471015025152501534915293
 212980        4    151141496514798147331516916083162641586815354143641297411582
 213980        5    1060910146 9955 99331021611334135711493115218152801528915142
 213980        5    148681467314440143431461615627160881566915176144371338612225
 214980        6    113161090610717106671077911235121041314514107148361487514603
 214980        6    141271365113283131441351214699155791520314809142141343412585
 215980        7    118861147111312112801138911651121401278413687142001436114370
 215980        7    140651357113123129971347514747155961531814846141681318812224
 216980        1    115301122111092111681142512214135071458415337156131582115653
 216980        1    151971485314632144731484916030165991623115539146161325012011
 217980        2    111411072210546105081078411830135941520815812159261598415969
 217980        2    157961566215633153931603716991171311665716015149291354312072
 218980        3    111811071410500104161061311623134201502015647160911633416371
 218980        3    162541610515859157671606916676169711644415694147011326211910
 219980        4    109381044510226101741042411412133131484315503158321603316036
 219980        4    158891571815472152421545816173166231620415509145721323211848
 220980        5    108481038810126100441027611306130931448715073152101525115139
 220980        5    149281478814563144001469015418156351513514653137721267011546
 221980        6    10534 9992 9697 9571 963510034107651170712952136211397713905
 221980        6    135111314712763126501294813947145451415513649129601206311078
 222980        7    10257 9815 9547 9427 9456 9736101351073411588122071245812490
 222980        7    123141193911579114981189313222143281414313726129081181910820
 223980        1    10108 9860 9757 97971017611509135151500215518157001580815719
 223980        1    155051541815203151891556916559169401650015825147311321511809
 224980        2    108961049710304102871056511665138661537815960161951637516381
 224980        2    162511612815930158811624917045171901661915902147801330611872
 225980        3    109511051510285102471047111489136771515915591157161579415666
 225980        3    154431530015183151681550416355168701640915771147111326311845
 226980        4    108971045110230101841044911538135581485915125151661517115033
 226980        4    147611461014380142141443815239162431594215378143941293411593
 227980        5    106231023310007 99771025211311133131467415030150641502214855
 227980        5    145111432114012137821377114353151681482114238134811241711254
 228980        6    10313 9875 9608 9517 9596 9998106571163812652132121330913142
 228980        6    127511235012032119751239813381139661362613155124611158910586
 3 1980        7     9803 9321 9047 8914 8929 9131 95921032111463123491282213076
 3 1980        7    131121285912691126951304613808145161425913714128381164310586
 3 2980        1     9798 9496 9369 9365 965310842131181466015083151341512614988
 3 2980        1    147111452114275140591429815113159011578515163140671250011124
 3 3980        2    10268 9860 9664 9641 992611004131771470615237152991537215292
 3 3980        2    150961499514798147341501115853164781617215499144281284711440
 3 4980        3    1051210129 9941 99471023611014134961490415117150541497514922
 3 4980        3    146761460814428143671466415473161241594215281143341277611366
 3 5980        4    1047910070 9870 98681013711226133051479915179152871527315239
 3 5980        4    151881500814853147811495715707164701616115684147011308811774
 3 6980        5    107831079110222102051048811606135841520115295153001528015136
 3 6980        5    148181464114400142371437214936157091527314712139321274711597
 3 7980        6    1060910121 9853 9746 982110214109371204613179138421407014004
 3 7980        6    136871336213117129881318913787143981402213451128171188210904
 3 8980        7    10047 9615 9395 9303 9350 9631 99761067611646122361250712630
 3 8980        7    126001246012345125551321314290148551461414094131441193010805
 3 9980        1    10094 9758 9633 9619 986111027133321500415554158081605316063
 3 9980        1    159071578515571154831574416282165021593315220140861245711073
 310980        2    10143 9711 9494 9415 963510758128001427914645147281484314892
 310980        2    148621486714733146691486515652165661643615964150551364712315
 311980        3    114081106810919109301126412431144211593816267162691629216122
 311980        3    159651571815432152861565816341175421735616968160191440813084
 312980        4    122171185911742117591203113203152181656216752166451671816672
 312980        4    165591646116225161441641717101181611793917429163891488213484
 313980        5    126561227012126121051243113567155181681617007168721675216415
 313980        5    160071573115347150871512715593165201621215712148191362012396
 314980        6    115001098410705106051066811018116551279914061148401524015238
 314980        6    149591461014247139991410414469152021485814310136511264111640
 315980        7    107681035910066 9946 997310183104911122412098127211299613149
 315980        7    130751278312539125141287013627148361478814379135211237711293
 316980        1    106511036710296103551066611885139551538015740157191572115618
 316980        1    154071526414998148111499015588166271650715959148521340512031
 317980        2    112141088710756107701107112240142661554415719156031550515298
 317980        2    149791479314566143501450115037161861604615518145211308511686
 318980        3    109331057510404103821065811738137811535015745158051582115761
 318980        3    155481543315312152791564016268167071632415701145841304811637
 319980        4    107331034610156101061035011474135991524115707159411605316039
 319980        4    158811583715653156121596216452168241645015835147601329211883
 320980        5    109451050710252101991043311499134571507115620157511577915666
 320980        5    153921522614976148131488915226158261546614894140831294511786
 321980        6    108241032510127100181011210548112811251813871148181521915271
 321980        6    150541474814471143691456115020155551521514584137951280211785
 322980        7    109491048410226101081012710352107321154612632134381390514111
 322980        7    140551372413455133811363714346152661517214613136661244311381
 323980        1    106601033610263103041059711804137641512515490155321555515495
 323980        1    152631511714830146531481715309163381634615809147151334512045
 324980        2    111441065210448104531077111798137551505515289152161516815100
 324980        2    148541463914443142711441914900159751602815566145531301511704
 325980        3    108821053110401104381080511983138471512215342152581520415049
 325980        3    147301456014278141181422814682157961589715399143781284611519
 326980        4    106951031310115101131037111369133281471415144152171522215070
 326980        4    147181454414249140561415014459153571547514937138711239910984
 327980        5    10079 9634 9421 9369 959210583125121391814346144771458614564
 327980        5    143971434114128139351381713816144991451613882129721171810489
 328980        6     9561 9051 8723 8590 8614 8921 96331087112101128221305512948
 328980        6    1267112340120451186811918121341301913133126191186410884 9902
 329980        7     9085 8634 8348 8194 8175 8242 8640 958610695114901180511931
 329980        7    1185211598113761130911533119481311213458129481193310710 9647
 330980        1     8955 8620 8486 8493 8788 9780118301351514142144071460614683
 330980        1    146431470014563144731447114485152851541114774135981200910593
 331980        2     9657 9211 8961 8909 912710030120351372414478148721527015464
 331980        2    155311564915556154271527015139157971591115212139441227210824
 4 1980        3     9874 9353 9075 8957 916410066120311372914332145261465714657
 4 1980        3    145821459114535146161503015545159541563714921137371221910872
 4 2980        4     9991 9565 9312 9259 950710552126391423314687148201491414858
 4 2980        4    147141458314460143661460415038156501551514896138551232510972
 4 3980        5    10076 9680 9459 9393 967110595125931408714480145961463614567
 4 3980        5    143311422813990137731382913892145311459114086132601211010912
 4 4980        6    10012 9591 9315 9215 9322 9597103801158812714133281351213389
 4 4980        6    130661278612546125311281913330140561392013450127001185610815
 4 5980        7     9999 9600 9432 9263 9290 9394 96471022911142120401241412632
 4 5980        7    126421245412288122331248112816130631331513856133311224010608
 4 6980        1     9949 9548 9379 9355 958910545126211427014870149861500014897
 4 6980        1    147261464614436142581420414235142031467415015141611276611397
 4 7980        2    10276 9786 9588 9526 977710872128201424514627146501470714518
 4 7980        2    143201424014133138741386713790136631416514527138871238510975
 4 8980        3     9918 9472 9260 9238 948710551126511421714540145801458014495
 4 8980        3    142861425414130139651405814305144811485814757138061230210919
 4 9980        4     9931 9477 9238 9180 939210343124271394314378145871464114598
 4 9980        4    144091432514273141441419414375145641486014784139471281711250
 410980        5    10129 9708 9492 9415 958710319118471330014044143281435614207
 410980        5    139521366413216128491272312647125071301413407128861183310662
 411980        6     9758 9315 9103 9028 9109 9497100711106012175127301275912567
 411980        6    121801179711454112261124811392115561216012672122481138310359
 412980        7     9475 8941 8694 8620 8679 8922 92951013010994114491148211417
 412980        7    111871071110197 9927 9862 99651025511330123211179210701 9741
 413980        1     9081 8841 8765 8796 904410122122021370014348145511468414609
 413980        1    144481434314121137641359013525134971393714427135701215810767
 414980        2     9735 9258 9068 9052 932510379122591373614198142221438614416
 414980        2    142531410814050137041358913631134951388214297135911211110657
 415980        3     9785 9270 9038 8976 920210222121551366714287145691467714572
 415980        3    144031431714106138941385013790137141412414463136601214510778
 416980        4     9857 9317 9035 8940 916610139120281355614165145491461314655
 416980        4    145191447914297142151422714246142851463714593137281230010802
 417980        5     9832 9398 9108 9000 918710054119481362714373147051497214976
 417980        5    149161479214655144191427214191140781399113776132391197510734
 418980        6     9661 9120 8844 8698 8746 9150 96681079311909124931260012365
 418980        6    1223411794114511123911229113211135811792123271182910951 9932
 419980        7     9086 8620 8365 8186 8206 8350 8641 935810400111921163811856
 419980        7    1183111616113571126911469118141209212481126831197010881 9932
 420980        1     9219 8869 8702 8657 8799 9648112451276213795142921453914540
 420980        1    143301420413968137931380113782136091370314058135391207310891
 421980        2     9929 9462 9254 9200 945010268118611341614046142741440014403
 421980        2    142771409013956137951367013566133271347314131134441203410586
 422980        3     9638 9242 9059 8983 921210108117451330913920141921432414328
 422980        3    141491411713976138041372113517132561357514098132471184510443
 423980        4     9534 9101 8869 8797 9008 9911116891332114121143831444114494
 423980        4    145441455214424143651436814584146891484914746139461249511116
 424980        5    10121 9640 9369 9274 945210322120141364414425147511486514741
 424980        5    144411430514026136801347813190129301305913595129521175410569
 425980        6     9620 9120 8861 8690 8716 9036 96151069211826125621282612801
 425980        6    125161217111813115761154811599116081185612450120361114610190
 426980        7     9364 8920 8694 8579 8606 8766 9035 978910725114721181911986
 426980        7    120001183111717117481201812332125571287313209123621124310189
 427980        1     9380 9067 8928 8922 919810285122621384014372145541469914569
 427980        1    144521428314063138271376613776136221389214536137001226111037
 428980        2     9956 9558 9385 9351 953310468123741391514376144611454314490
 428980        2    143211424114039138841365313574134081348014304136491225510759
 429980        3     9768 9381 9189 9151 939510320121731370314170143451436914443
 429980        3    143001429914178140091394413771134361359514278136011220710682
 430980        4     9610 9130 8896 8801 9029 9942117711329113943143131457014611
 430980        4    145871467814625144941442114178138991387414506139381249410890
 5 1980        5     9760 9263 9009 8865 9071 9819115841338013987144081476014865
 5 1980        5    147081467214544142831412013922135961361313826132561197810712
 5 2980        6     9579 9073 8879 8684 8652 8860 95911073511730127081312513073
 5 2980        6    127901249212280119931195512059120461218612472121091115910079
 5 3980        7     9360 8823 8408 8242 8196 8308 8565 934310431113501179811993
 5 3980        7    1199111743114561134411490117811192012153129011224511002 9873
 5 4980        1     9060 8639 8521 8439 8699 9657116241333114044144791469814802
 5 4980        1    147841481914675145331453514497142951446114660137301234610740
 5 5980        2     9668 9190 8955 8877 906510026119311361614342147741500115056
 5 5980        2    150521497314871147541477214619143891456014845139381247211057
 5 6980        3     9833 9290 9054 8948 911610006119151384814606148701513115141
 5 6980        3    150381497414831146921474214673144381441114643138491236211037
 5 7980        4     9862 9292 9037 8949 915210071120351386714527147421480914805
 5 7980        4    148651489514766145901455314426142041416214581139701245010927
 5 8980        5     9819 9272 9039 8921 9110 9958118251357914280146631483414862
 5 8980        5    147091461814450141461402413882135961342813698131701217910751
 5 9980        6     9584 8994 8756 8574 8623 8900 94101040012015126321315313202
 5 9980        6    130231270812372121371226512462124681252012659122571136710402
 510980        7     9322 8738 8436 8293 8276 8397 8675 953610565113901199712337
 510980        7    122471203111924117861183812037121801256512950122531133010083
 511980        1     9201 8780 8630 8605 8841 9802118631371314307146601499415116
 511980        1    150581505514878147981500515206150361497714922139881246411058
 512980        2     9954 9444 9200 9130 932710228121701372714362145131467114597
 512980        2    143851430914165140231391813835136391366214368138681233210774
 513980        3     9824 9357 9163 9039 928310181122771389714263144841464314589
 513980        3    144501439514213140831398613839135941357914180136331244810870
 514980        4     9731 9271 9085 9002 923410145120731361914106143791456914616
 514980        4    143741456014390142591422813990136511366514215135001221710662
 515980        5     9659 9147 8915 8826 9021 9761116191364914193144971479714892
 515980        5    147691489715005149171469714301138381352013961134681220211016
 516980        6     9990 9100 8792 8624 8629 8730 93311061911942128061312613066
 516980        6    129231269212527124001242612371121941214412611123241144310327
 517980        7     9242 8656 8352 8194 8167 8166 8472 937910409112571179611999
 517980        7    1206911820115041137111490116671176211882126721230911111 9784
 518980        1     9001 8669 8489 8452 8646 9394114431328614275148061525915454
 518980        1    154501554915519153941536214978146581438715037143471274511083
 519980        2    10055 9557 9163 9038 9171 9950118981366514729151881553015692
 519980        2    156001569915643155391555615204147141442114839142531266511090
 520980        3     9980 9464 9154 9028 9214 9938118961370314348146971527515513
 520980        3    155901566715697156241562515339148551454014956144231303211251
 521980        4    10071 9526 9235 9107 928910008119661373514714152941569315890
 521980        4    159131596315936157651559715219146721436914669141641271311042
 522980        5     9892 9335 9028 8886 8956 9612115001315613998144651475814741
 522980        5    146251463814439141611399213619133741317613169130211213510653
 523980        6     9618 8946 8582 8399 8391 8369 90011016911309119531229312254
 523980        6    119801179311689116371167211746117031163112072120491120710115
 524980        7     9043 8499 8226 8151 8023 7878 8209 902910048109861151911708
 524980        7    1160711510113561127611375114431141611411117731179211077 9860
 525980        1     9022 8518 8245 7979 7978 7938 8342 941310549115271212312230
 525980        1    1211511770114971146711630118161194512123125941209610857 9628
 526980        2     9021 8585 8362 8311 8544 9146111421314914311149321540015593
 526980        2    156451579615693155101549315198147031446414956143171262511205
 527980        3    10082 9490 9254 9063 9180 9772116311346014184146371523015415
 527980        3    154331553815484154071536215117146421430614536141961277711292
 528980        4    10122 9555 9184 9022 9177 9807116931341114530153661589416147
 528980        4    163491658716601165481650616131156931534415483150961376711947
 529980        5    1076010225 9822 9638 970310296125091433615348160721690017201
 529980        5    173561758317593174781722916570159251554615288147491337611934
 530980        6    1065510025 9771 9466 9397 9435102001163513014139491431014350
 530980        6    142441395513759138361390313866136531337613506134581245811179
 531980        7     9971 9342 8954 8751 8675 8601 8914 973610851117181222212583
 531980        7    126421254512471125901289813116130961315113544130521160010072
 6 1980        1     9395 9109 8965 8936 9148 9766120941418115023155911596916188
 6 1980        1    161301600515849156001544315242148211423114558142141276610961
 6 2980        2     9865 9316 9029 8905 9030 9752117361352314258146701495615088
 6 2980        2    150951517615129150391505014824143651407814430140301241810866
 6 3980        3     9876 9371 9113 9000 9204 9983119711375814447147661496414954
 6 3980        3    148401484714701145021446314254138071361013957135951210710613
 6 4980        4     9616 9087 8881 8791 8995 9658116791345314062143621459214622
 6 4980        4    145311456214416142411420914019136881348313814135821212010618
 6 5980        5     9621 9088 8866 8791 8972 9602116511341514104144141466214642
 6 5980        5    145421457914338142281406713757132621305613423131041191510622
 6 6980        6     9577 8967 8666 8520 8507 8565 93641061111823125761284312774
 6 6980        6    1252612196119691181411821118611183711742120501199611102 9947
 6 7980        7     9101 8561 8261 8131 8107 8061 8414 927310351111911174311952
 6 7980        7    1194511737115571150411692119281202812131124301208210915 9754
 6 8980        1     9007 8608 8471 8445 8672 9559115731347914216146211488915003
 6 8980        1    149351488714730145351462714521142021400114147136291209010601
 6 9980        2     9649 9112 8959 8847 8972 9799117501354014236145971486914995
 6 9980        2    148291503514978148641491114697142111387314192140041243410981
 610980        3     9856 9317 9060 8974 9126 9857118911378914536150611548915678
 610980        3    157411590515877157721567015322147211434214641143741274711058
 611980        4    10091 9516 9264 9122 929210001120391388414674151431550915659
 611980        4    156401569915603154061527814901144321413314459141641264011080
 612980        5    10022 9462 9185 9082 9220 9931119341374814600149721528715337
 612980        5    152161517014992147771470614455140941376413766133491224810967
 613980        6     9947 9342 9072 8892 8915 9130 97281091612337134461401914152
 613980        6    139371366813427132541328113323130841282212909125891163510606
 614980        7     9655 9063 8784 8580 8535 8599 8874 971110897120531262512974
 614980        7    130371277612554124541258112808128091283113044127671164310452
 615980        1     9549 9081 8865 8868 9092 9891118891379614815155601617416430
 615980        1    164141647616297161161613416033156551533615251144491287111379
 616980        2    10311 9812 9499 9383 955910413123741429415168156901607516182
 616980        2    162231633916301162331631716173157091540515574151321354211944
 617980        3    1074410134 9846 9689 981610559124691445515479160881656516831
 617980        3    168311694616959168251673116383158301547115635152541367412044
 618980        4    1086710278 9943 9791 990010765126081459015692164641705417348
 618980        4    174371758017474172081700916561160451569015782154771394412280
 619980        5    110691041110074 98821002810649125111453615845166611723017535
 619980        5    175921766817581172871691116421158141526315245150301377112265
 620980        6    1105710368 9955 9699 9674 9773104991177213237143091493415103
 620980        6    150171482314643145171447614401141821394014080139901292411653
 621980        7    10553 9896 9502 9254 9160 9059 94701036911574125771322213671
 621980        7    138671387113794137981389313902137161352713883139311273811357
 622980        1    10357 9806 9595 9516 971310477122481415415286159531641816542
 622980        1    165541668016619165951660316329157381529515468151741357411926
 623980        2    1079410188 9891 9745 991910650123411422415341159281634616545
 623980        2    165291654416474163141625016050156131533915571152031375712161
 624980        3    111171053510197100611025110986127511470515971167861751417975
 624980        3    182561854018692186531866418267176641737217207169141534313557
 625980        4    121901146711033108361094411574133281540316893179331880019269
 625980        4    194311960019536195701961819300188031833518336180931636014462
 626980        5    131321233311848115811167712285140041610517559186771948319859
 626980        5    198802005919975196541938318959183331784517785173991595914237
 627980        6    128711202111508111531102611088117761317914650157211617816150
 627980        6    157501527414766144761429314038137121330813318131761221711031
 628980        7    10018 9360 9022 8823 8736 8644 9031 993111111120151257512861
 628980        7    128951278612651126111276012889127691261913008130641198410739
 629980        1     9879 9356 9159 9066 926810011118381369014856155881615016365
 629980        1    162991622816075157981575915624152821495115227148581332311823
 630980        2    1078610257 9973 98561005210788125931460415746164171678016952
 630980        2    168031667116440163021635916266158191543215389148891341911913
 7 1980        3    1078410165 9853 9692 981810434121341407915267159541639816503
 7 1980        3    164651645916332161221604615747151991476814762145601320111621
 7 2980        4    10466 9838 9502 9328 945710037117351358614823155041597516233
 7 2980        4    162741638416379162681622115977154851498314903148111345311879
 7 3980        5    10589 9858 9455 9228 9196 9340102071159712981140351463314935
 7 3980        5    149711495414932149451506815080146631417814139139091295711786
 7 4980        6    10636 9890 9494 9205 9106 8989 93861036211677128341345813811
 7 4980        6    138391361513419133181331113275129921277812964128871234111488
 7 5980        7    10539 9869 9485 9252 9173 9124 93271003511117121651296513458
 7 5980        7    136281346513255131771328913360132181297013206132581218910956
 7 6980        1     9910 9342 9077 8991 9080 9633112461321914608155311610316378
 7 6980        1    165101658016559163911635916127156001509515084148971339011795
 7 7980        2    1064110033 9707 9579 970810317118541370314954158411643716728
 7 7980        2    167851687016762164821633616054156241535615383149271342811907
 7 8980        3    1082510201 9838 9726 984810425120801394315195159671646716599
 7 8980        3    164781638316140158381570715486150401469614735142491280511329
 7 9980        4    10321 9741 9450 9298 945810063116651350714748155621611816416
 7 9980        4    165721667516677165871658616441159771548615607155451406812422
 710980        5    112031055010163 99671006810648122611417315482163861696417161
 710980        5    171101707416961167331654816039153701476414683144951317511696
 711980        6    10525 9841 9432 9174 9142 9174 97951097712326133121379813849
 711980        6    136711343313226130891309513077129221269212894129071200510852
 712980        7     9852 9251 8946 8706 8643 8548 8900 982011027119991263313003
 712980        7    131081301612910129141311213298132441309413482136111252211222
 713980        1    10209 9683 9429 9326 948310139118221392915459165361732017746
 713980        1    179501814518220182341828518058175631702816985166941499413185
 714980        2    118691115610773105561063511211129191506716600176781854319082
 714980        2    193521965919761196701960519223185311783217784174181565813816
 715980        3    124831174711353111421121411791135371568217159183521921519896
 715980        3    202102054920609205692052620136194571887718825184331661514666
 716980        4    132461248012039118381193612575142331626617673186751960220101
 716980        4    203682068920704205942049720165194191899918892185081680914907
 717980        5    134931273012296120341210712760143421649318052192001993520361
 717980        5    204512047020362201011987419360188021821818183175861607814387
 718980        6    130521224611716113781126411255118731321814634157511637316594
 718980        6    164921636216257162231627816231158991538715335151561394712494
 719980        7    113401056810100 9772 9634 9470 98111078912087132251398114457
 719980        7    146981467414653146931486115013148851469115135151881398512616
 720980        1    115911112210854107731097111798134991566917308181421882419121
 720980        1    190511887319006192871946419350188051836318283178451601714479
 721980        2    127321199311556112811133111929135971589417363184791930319905
 721980        2    201542043520618205552050820213195831902719018186181683214912
 722980        3    135551274912295120381217312888145651681518479198232051720795
 722980        3    208582127721375213812140621104205601992619863194651764115695
 723980        4    142141340312874126191266313186148281694318561197032056020937
 723980        4    208582051419671192471927419057184401817918343179761637714594
 724980        5    132551252612043117531176512356137761555616954176791821518394
 724980        5    183621841918330180071765917019162361558115607153141396812448
 725980        6    112051043210011 9738 9640 9737102771146612848138691441614512
 725980        6    143271409413920138941392413921136651351713721135691256711424
 726980        7    10429 9834 9491 9265 9177 9177 93571014911286122731290713261
 726980        7    134101332113221132241341713590135051333813786137761262111297
 727980        1    10381 9830 9619 9523 970010381119561400315445164801724217650
 727980        1    177301796018001179051781417463168051621016408159251434112747
 728980        2    116221098210692105441072911443130491500916392173431808718571
 728980        2    188041912819130191181913718777181781766617889173741580414070
 729980        3    128431213311776115781171812458140561615817671187761963320030
 729980        3    200652013120033195291923918811182231794518043174641572013817
 730980        4    123761155311058107541079511421128441472316063169821765817980
 730980        4    180411824818266181581814117684171511677917039164351486913208
 731980        5    120191133110929107561087511561129251462215732164331683516871
 731980        5    167511676116685165191633815980153971485914971145931327811799
 8 1980        6    10612 9916 9562 9262 9241 9325 98711104812412133801382713908
 8 1980        6    137811360813477134451355413659134841321013505132831224511064
 8 2980        7    10066 9458 9093 8871 8787 8771 8991 985911071121341281813215
 8 2980        7    133891337313332134091369113936138331365914138139231275511490
 8 3980        1    10503 9979 9712 9624 982010524120031396415427164651723217693
 8 3980        1    178251804618165179731821717979174391690517142165121481113044
 8 4980        2    118151108710733105041059911220127071463415997168811754217944
 8 4980        2    181051836618449184321842818096174791687817183165071480513043
 8 5980        3    117871110110722104981059711368128011472716101170871782918316
 8 5980        3    186051886518868187501880218302177221728317638167931524413558
 8 6980        4    123041159411185109761104811696131881515616631176781845019000
 8 6980        4    192601953419529193371914518618180151762417687169231519713551
 8 7980        5    123351158311196109801109711827133321517616550174631811318408
 8 7980        5    184611858918521183731813317596169001652716625158891452012979
 8 8980        6    117901105910635103521028910437109541221013741149541569116009
 8 8980        6    160151598215959159651604915996156731524515534151181392012641
 8 9980        7    11500107541032510066 9945 9937101741111312415136141449115111
 8 9980        7    154321553315561156601590816007157721549016014156451434112968
 810980        1    118981131111006108721101011858134001546117025181531886319406
 810980        1    196531998719965199481989119620190191850618759178601609814401
 811980        2    131771247412145119681211612899144201641017561183801885019084
 811980        2    191681932919395194541944119116184701801118169171271525813571
 812980        3    123181160411189109781103711770131981505616288170401743717458
 812980        3    175901757817348170891693816578160531569615875151171360712104
 813980        4    109571031710007 98671000310737121641385915060158651647916722
 813980        4    166961684116845166651657916264157301535015787151241365712141
 814980        5    109661035210039 98691004610801121261389715389162631695117238
 814980        5    172991744917394171501688116360157161530315563148681355112152
 815980        6    108811044410013 9786 979410048106031168812981139851455714841
 815980        6    149051487614824148421493914926146771450414937143901331512126
 816980        7    111131052910125 9880 9779 9857100481088712094132381421814989
 816980        7    154931567715696157151586916028156591578716374157271437413002
 817980        1    119421140711063109371116011972135481550916908177821831318591
 817980        1    183281829018112178381771017576172521706517242164451476813231
 818980        2    120831141811118109561109711968135271540016899179851889719500
 818980        2    196501992019864195341918418648179821761117333161851426912483
 819980        3    112551048710115 9863 998210702119321362214615152261568815912
 819980        3    158721595715869157761572915480149261470015087142861276211318
 820980        4    10250 9686 9371 9253 941610219116021326914405149021572115974
 820980        4    159931617016189160591605615735152531506715365145551316611713
 821980        5    1060110005 9723 9598 976210580119531375814988156491605316160
 821980        5    163921657016597164861632215950154571522915465146801336111990
 822980        6    1081410114 9753 9509 9451 9671101601134312758138691443914619
 822980        6    145801444214375143051438514424141921413814563139391282111694
 823980        7    10250 9843 9592 9360 9271 9413 98141064411477124701323313750
 823980        7    140151400813962140121425614478145051478815266146051352512328
 824980        1    114261092410713105151071311619133051526517070183891948820111
 824980        1    204652068420642204812027319801193721926319383182881663414875
 825980        2    134211263212276119901213812902143881625817702186811946520010
 825980        2    200262044620547203032003619673191161886319069179441620014483
 826980        3    132251247612006117051178912555141441592016975179861869819213
 826980        3    192981940819534194701954019333187681862718910178621610514319
 827980        4    130651234311907116251170512463139141568416892179131847419121
 827980        4    193201966919746198051966219314186211824818395172341547813771
 828980        5    124531171011290110391113611909133141497616481175971833818889
 828980        5    190301923819146188811860417912170951684416881159611462013075
 829980        6    118731115710732106221043610699112541230313604146871520415449
 829980        6    154571534415203150381495815074148791503415063143911328412074
 830980        7    1104010372 9980 9748 9644 9765 99591074412033132591412814700
 830980        7    149921500114998150901529215423152621550315875149971360612187
 831980        1    112031063410360102301039411266129651474215778165631703217223
 831980        1    172751733917372172461731417041165311643616674153761372311996
 9 1980        2    1096410328 9974 9788 990710702124341407615191159121645516802
 9 1980        2    169101708517138169731693616609160971622616234150601341611824
 9 2980        3    1075710179 9895 9755 993610856126841433615240160741660816773
 9 2980        3    167621693016818165901644916252160111613415960147901316311710
 9 3980        4    1068410183 9890 9745 989810840127071432915200159261646116799
 9 3980        4    169011709717116170671693716519161571644916382152521357812008
 9 4980        5    109531033710010 9838 997010844126521428115286160651653716796
 9 4980        5    168381696416861166221636615927153591548615377144361303911621
 9 5980        6    10495 9829 9451 9207 9167 9369 97141075012031129941341813447
 9 5980        6    133241310612928128661291012978128551319613268125571156010497
 9 6980        7     9604 9038 8748 8579 8518 8653 8806 960910812118131249412984
 9 6980        7    132981340813460135721380813936138161420514427138151284011787
 9 7980        1    1084710243 9907 9719 9704 9902102121090612037131371393714343
 9 7980        1    144571423013957138571404714283141561456914333133591206110822
 9 8980        2     9974 9541 9348 9314 954610528126781436115167156541605116159
 9 8980        2    161731624915949159321578515591152441558415391141861254911014
 9 9980        3    10001 9482 9200 9086 927310202121431372214420148671518015292
 9 9980        3    152191522515018148551490814867147541513214913137981217410743
 910980        4     9746 9277 9049 8966 913910186121551372014395148231510415245
 910980        4    152691528115178149841494614828146401516015008138861237410891
 911980        5     9904 9387 9152 9035 922210167121141367314404148861523115378
 911980        5    154121557015432153361523414854144851484814673137151239711053
 912980        6    10030 9435 9148 8945 8981 9327 99461105812401132811379414071
 912980        6    141171402613929138371391714000139791451814485137281265011454
 913980        7    10456 9799 9424 9156 9075 9165 94341015011265121651264112906
 913980        7    129671286912764127601293413089132141397313841128851164510479
 914980        1     9640 9245 9059 9031 929310379126101439715106156661617716091
 914980        1    162811631016205160711608916089159331639015944147221306411556
 915980        2    1058410089 9838 9760 999811077132911504715875164821703417430
 915980        2    177151790017827177771784217705175791788617331160901430812776
 916980        3    116551107210742106151075611753139911573916498171401765117910
 916980        3    179131791517725175451736317033166321700416566155631338211664
 917980        4    1061210021 9695 9547 966910612126341410814728152151561915851
 917980        4    159731619416266162141622616025157311621815802146121292511361
 918980        5    10319 9746 9462 9319 948010414124011387314583150391538915484
 918980        5    154601547215348151231492614596143061475214360134901220210844
 919980        6     9913 9323 9015 8848 8873 9226 98581089512186130701346213538
 919980        6    134061325013138130811313213164131961388013600128661181710719
 920980        7     9833 9233 8933 8744 8694 8855 9149 984911066120451267513139
 920980        7    135081361113641137701397314173143191510114858137931243811201
 921980        1    10311 9857 9650 9602 983410896130861485015840165041698317242
 921980        1    173861765517769178001784117646175381799117456160661431312710
 922980        2    115961101510711106091076111791140981582916576171061745717520
 922980        2    173141718816926166741663116553163771628015596143311259411092
 923980        3    10089 9524 9270 9140 931810256122061385714490146551481814824
 923980        3    147391475414587144761447814433144801516014720136121205910700
 924980        4     9714 9232 9033 8955 916810217123991386614319145541477314387
 924980        4    146751473314587144661447314510147411531814768136791213110729
 925980        5     9777 9269 9033 8939 914910080122131370314230146551499114789
 925980        5    149611497014801145471448114391146061484314275133661212210830
 926980        6     9835 9267 8996 8841 8869 9200 99191095312218131091348813577
 926980        6    134651327213049129441299113087134621399513608128261176810695
 927980        7     9823 9306 9004 8834 8785 8983 93851012411403123691316713793
 927980        7    142091430014259142871450114844154341600415275139831257611296
 928980        1    10392 9910 9681 9624 985210886130671454915335158941625416296
 928980        1    162601618816042158391571015523155131589815251139751226810786
 929980        2     9777 9279 9022 8936 910610049122721374414241145841490014995
 929980        2    149861508215007149641496814898150521550514849137561212110703
 930980        3     9728 9264 9021 8910 917010154122531378614392148151514915304
 930980        3    152481534015292151891520415280156101594015382142011261211145
10 1980        4    10195 9694 9481 9433 965710724130521471115375158911620316127
10 1980        4    158671563615211148611467714499147441526714672136401206510666
10 2980        5     9674 9196 8969 8894 908710097122841375414245144191454414521
10 2980        5    144171435214145139091380513707140401441113926130761184010538
10 3980        6     9547 9020 8773 8651 8666 9026 97941080311975125701269912595
10 3980        6    1229611956116851157711696119991270813076126791197411003 9989
10 4980        7     9129 8622 8376 8253 8272 8486 8948 968510774114641171711795
10 4980        7    1175011541113491130111523119721282713474130191212510874 9798
10 5980        1     9055 8689 8592 8603 889210016123561390614389145811474214747
10 5980        1    146711462814498143601439014504150831542314811136331204210589
10 6980        2     9698 9232 9035 9016 925810332126891414014495146081464114589
10 6980        2    144381443514234140881415414309150991547314894138191228310896
10 7980        3     9992 9551 9354 9310 955710653130231448614784148351487114804
10 7980        3    146681461414463143291452914816155001555914954138041219610761
10 8980        4     9860 9360 9132 9080 930410317126661444614986152231549315573
10 8980        4    154531543015235152281539015684160711595215194141111254511134
10 9980        5    10099 9578 9314 9195 938110300124991427114871151831534815297
10 9980        5    151081498614770145381452914584149581477314223133261210310801
1010980        6     9770 9192 8931 8742 8753 9073 98511092312204131311358013606
1010980        6    133581302612748126371280513143136451350012980123161129210237
1011980        7     9326 8765 8478 8326 8302 8482 8934 956410703115701204812234
1011980        7    1220511974117641171311962124061313413250128001203011019 9999
1012980        1     9228 8782 8527 8464 8616 9325107011193513022138051420714252
1012980        1    141141392513759136261381614278150031498114376132651177010440
1013980        2     9497 9015 8838 8793 901610037123411400514507147221487614787
1013980        2    146061455814525144891469315144157511557414928137711221110745
1014980        3     9798 9281 9045 8985 919210202125341420614650149121513815104
1014980        3    151571505214926149111512015506159091569515046139211232310789
1015980        4     9917 9414 9192 9098 930810320126781421814565147651490714896
1015980        4    147651471414555143941447914715154721543314909138841233110900
1016980        5     9862 9379 9150 9057 926410299127231414714499146171472314698
1016980        5    145281446114183139281377313763145661454313980131271192710682
1017980        6     9683 9159 8897 8780 8843 9227101001110712175127431283512670
1017980        6    123351198311689115481167912139132691317612665119851108110103
1018980        7     9257 8681 8407 8266 8264 8460 8902 955310625114001177711924
1018980        7    1191111719115341152311748124201369613784132181229511121 9981
1019980        1     9160 8763 8614 8604 8839 9898122511381614402147731504315078
1019980        1    149691493414680146081451614652155541546814734135541202910589
1020980        2     9579 9102 8877 8842 904910108125091403814382145531469614716
1020980        2    146061457214408142531430714588154911539514724136171206410684
1021980        3     9721 9263 9046 8995 923910296126971425614533146361470314639
1021980        3    145271446414266141411427514710156391552614920138131229410908
1022980        4     9955 9478 9281 9285 953110643130801456314822148931491014814
1022980        4    146691453614344142121431714641156851560415059140291247811061
1023980        5    10109 9661 9470 9452 969210738131381468514927149201493814764
1023980        5    145361440114130138921378613968148171464214051132221201210778
1024980        6     9806 9290 9038 8925 8978 9363102111121412305128191299612815
1024980        6    125231213011890117521182412268133561317612698119951109810088
1025980        7     9190 8551 8268 8201 8268 8577 91481023711204117381182511905
1025980        7    1179311591114151150812202137981383213373126351160310467 9375
1026980        1     8961 8696 8621 8630 899710212123811358314471145641471914729
1026980        1    145491452814235141701471616134161341562014793134721194610669
1027980        2     9808 9431 9287 9290 957610762129661432014572146561471614658
1027980        2    144941445714294142901488616249161761561514856136451207310735
1028980        3     9888 9492 9322 9296 957310709129121428414548145381472014705
1028980        3    146211460014565147491554616422161431555614808124121109310637
1029980        4     9752 9289 9095 9057 933510458126501410114486146521470214642
1029980        4    144791444714313143551501016158160411548714904138241231410945
1030980        5    10087 9610 9419 9404 966210774128911422214593146681472014620
1030980        5    144001432714072139891464115621153681471514016132081202810767
1031980        6     9869 9340 9076 8941 9020 9400101331125712352129001298612852
1031980        6    1250212153119521199412768139141339212917125071178710878 9941
11 1980        7     9251 8841 8614 8526 8542 8809 91731003410974115881186011974
11 1980        7    1199911872118051197213033143411419613719130701213210975 9957
11 2980        1     9274 8962 8827 8867 919510394125711402114451146271476514712
11 2980        1    145371449514357143921518216539163201579815090138571234611016
11 3980        2    10093 9682 9481 9482 976610920129431433714598147171486314792
11 3980        2    146451454514398144011518616554164281593715295141241268811263
11 4980        3    1044510079 9888 99011020911357135701497115184151471517615113
11 4980        3    149471484114623146621549016926167761632015605144531290211503
11 5980        4    106541033110209101951051411696138591518215331152521522015120
11 5980        4    148561469614367143661512516559164721605315308143811289811489
11 6980        5    106831025310113100831041111505135031508115347153181530515147
11 6980        5    149091480214602145981533116270160261540814810138901266911385
11 7980        6    10481 9985 9744 9650 976910237110011207313137135841359413354
11 7980        6    130121272212547126851363414723144731394213416128321165410766
11 8980        7     9954 9473 9249 9124 9157 9389 98611063211655122891251512601
11 8980        7    125031222012004121151334014839147851438213823128201168110649
11 9980        1     9965 9692 9607 96701004811279135751504815427154911550215365
11 9980        1    151341501814776147661576417079169081637115714145501300411638
1110980        2    107491037710222102171055011726139671527715524154811542715300
1110980        2    151881517415108153131628417102166801603415264141151265811304
1111980        3    10352 9858 9608 9513 966910495120271341714461150331521715149
1111980        3    148691456514238141961500216277160171548714852136561227910979
1112980        4    10061 9705 9517 9498 983411036133041467614959150261501414888
1112980        4    147051462914462144391534316677165031604615376142881284211433
1113980        5    1053010065 9884 98601012611224134261484315090151381513215043
1113980        5    148621473014600145711539416270158971525514698138051262211403
1114980        6    1049010022 9813 9706 979310391110921210013205137201372113483
1114980        6    129661265712419125061352114649143511378613179124631150910479
1115980        7     9655 9126 8843 8700 8713 8913 93811006110985116731201112140
1115980        7    120821184811676118061306214508144531403113453125641139610351
1116980        1     9634 9358 9261 9307 965210878132121467515059150611517115094
1116980        1    149171482214664147841601116996166931615215323141611260511196
1117980        2    10295 9858 9645 9559 983510972133241492115313154841564715657
1117980        2    155991563315549157421670017388169901642115703145481297411513
1118980        3    1057610158 9868 98851020211346136881515815411154211537515196
1118980        3    149521483814685146751588717147169821644615854147341325611759
1119980        4    109111048610309103281062611826141171554615760157981583215756
1119980        4    156051553915419155471652517233168331629815587144201288211430
1120980        5    10447 9928 9685 9572 980810875131581461715057152041525915232
1120980        5    149921494014836149901582516177157431507314443135911238111122
1121980        6    10140 9631 9343 9246 9358 9796106691174112733135401360713489
1121980        6    132201299312832129141395215022147521423313686130251207211064
1122980        7    10222 9727 9451 9351 9386 9675102121094511895125241268312708
1122980        7    125941229512043122331370615070150511463414144131651194710787
1123980        1    10061 9737 9586 9556 984711049133611482915207152371527015154
1123980        1    149101474514524145691562716810166071605815359141561267311239
1124980        2    10178 9678 9435 9379 964810741129811444814704147461480714787
1124980        2    146081456214387144501560216635164651598615416143401283911489
1125980        3    1051310042 9843 98331015311258134261494315319153881535015169
1125980        3    148641469814472144041551416472161871567515101141311272711283
1126980        4    10155 9544 9180 9011 9033 9379100551099112333133791398814140
1126980        4    1374712843120991175011922121301209012020119051144110702 9844
1127980        5     9136 8735 8581 8574 8762 9376103531132112296128551309513187
1127980        5    130931284212643127941394514835145431406713543127871175210679
1128980        6     9800 9289 9043 8944 9036 9407100981095512033127021287312769
1128980        6    124641201211742118031302014184140221360613192125281169510663
1129980        7     9794 9306 9059 8961 8968 9222 97411036611386121441235712370
1129980        7    123111208911864120631361314741146701430313860128061150710365
1130980        1     9551 9162 9007 9006 931610476128441452314993151411524215209
1130980        1    150011493714750148281580116661166591615215458144461313511114
12 1980        2    10155 9668 9429 9357 953410693129701447614971149791497614922
12 1980        2    147651468214500145671586617060168441636615756146241293211395
12 2980        3    1045310020 9825 97951007411240136421490715096150121496314874
12 2980        3    146791461414448144871571816811166061608015412143531263411106
12 3980        4    10126 9626 9395 9326 959310691130221460114964150041502414895
12 3980        4    147441467114527146221585116813164801600715338142421267711160
12 4980        5    10148 9625 9356 9268 950610586128401430614638147191473414670
12 4980        5    144921440614232141531511516013156511502014409135491235111012
12 5980        6     9970 9421 9141 9042 9161 9630105421156912647131671324513121
12 5980        6    128261259012484127481404614866146181411613562128731189810790
12 6980        7     9794 9165 8848 8681 8657 8862 93821012511244120921239612434
12 6980        7    123031202911804119341343914827147631442713912128901155110314
12 7980        1     9436 8986 8815 8800 909510237126131411714502146801485214907
12 7980        1    148021475514598147041608717007167331617515581144041277011194
12 8980        2    10128 9666 9447 9409 971610889133261491115275154151549315553
12 8980        2    155091561715676160331722717868176211702416347153951380012157
12 9980        3    107601029610022 99811028911428138821532715501154401537715175
12 9980        3    149581486414739148551622717553173841693016448153491376912112
1210980        4    111021060310420103961069511876143001578015893157641560715348
1210980        4    150741492814804148681630917514173651691916338152861360311970
1211980        5    109161040710180101431038811568139011540015618156031557815474
1211980        5    152961519015012151161632417361170581649415968151681392912480
1212980        6    113971084310564104551058611058119361298114126146021453614236
1212980        6    138391339013195133881480115932156841513214666139901306911972
1213980        7    1082310211 9902 9765 979610068106541136912456131491337213396
1213980        7    133041305812901130951459615937159431566815204142121278911439
1214980        1    1044910073 9934 99951037011610141071575016031159791596915811
1214980        1    155401538515191153511689818328182951788817321161381445812729
1215980        2    116171117510965109341123112373147981627616302161051574515641
1215980        2    151061508214934149931641917838176601717616638155101380512100
1216980        3    109881048710241102151049511647141211572315915158831582915717
1216980        3    154301531415148152581657217816176761723516730156381403512285
1217980        4    111461060110334102771052311666140511573416075160571605616012
1217980        4    158611584715835161111725818002177861733816763157511420712505
1218980        5    113921087110656106311095912131145851612016393163971637116148
1218980        5    158091565515443155291681418058178361727116784159681472713073
1219980        6    118071128010370107781084311233121061327614473152211536515213
1219980        6    147751432313981139991516016270159941538814814141351314011797
1220980        7    10668 9944 9578 9392 9412 9648102361102912120128421309613149
1220980        7    131651304912962132401468215866157781555315230143191297611523
1221980        1    1052510056 9860 98291014511299136501540916116161751623916153
1221980        1    158661578115656158101712217931177061722216624155071386112044
1222980        2    1077510103 9799 9696 987910904131101496615435156141568115571
1222980        2    153521532815283154911685118273182171791817555166261514613437
1223980        3    123221169811497114731176912884150131671917189171701699416709
1223980        3    163161614016093161991751918599183871793617424165021511313398
1224980        4    120511136911051109211110311796131831456615614161821625515949
1224980        4    152841468414370143971565716580158861506814656142871370412802
1225980        5    117721105410638105001056610925116211242313134134721348013393
1225980        5    131151255612088120141296214010141301413914161138231306712041
1226980        6    112141078010584105121060410962116391242713462142521460714651
1226980        6    144521412513904140271505816047159771563615238145661357712378
1227980        7    114191088610611104981054410808113421196512850134491371013740
1227980        7    135281317512945131501463415919159121553615036141561293811718
1228980        1    108041033910109100561027311119127201425215165158161610416125
1228980        1    159121565115473155721675117558172431667716019149871352312010
1229980        2    109491044210225102001044711324129531453415392160111632516348
1229980        2    163651628816129161691710617875175471694416267151681366012228
1230980        3    111251056310278102101040311255128271425715086155741588316034
1230980        3    160111596315859160131730818780187391831017790168671547713891
1231980        4    129341241612165121041230513075146461585216638171961733017183
1231980        4    167721632715954156521662017815173351661315897150261413813364
