 1 1991             125901193011408111681117511400118721217512737134621403014444
 1 1992             144611431814182143061551716861168921656716199155251462513591
 1 2991             127721231812143121101222712624133461413715172159241620416131
 1 2992             158181542215232152561644717556174921701416489156971464213525
 1 3991             125081190511531113571133211487118681247113419144701520515763
 1 3992             160581591615626154431614316802164051574815001138741264211559
 1 4991             107311037110255103151065211846142281585416212164091649916476
 1 4992             163321618616006161091719918636185881810117493163451480613380
 1 5991             123851200811857118721220213357157491723217368172921723917030
 1 5992             167891664816412164411751018968189261848917939168231524713819
 1 6991             129041252512374124021276213870162321772517834177101755417318
 1 6992             171451707316933171201818619184189801842417754164841478113266
 1 7991             122431176911517114641172012741150541658816751167171675216649
 1 7992             164481636716237163151735318747187301834317782167341518913800
 1 8991             128801249012338123811268213816163061774717909175311763617592
 1 8992             174381738317246172711801318792185271787716989159101444513035
 1 9991             119941136311031108411082811122118061274413763146441512915144
 1 9992             148911455714402143801519715881156131513214615139211306211988
 110991             112471080910598105441061810907115381232913419141751453314620
 110992             144871411713890139141512016772169181660416111151881393712726
 111991             119421162511506114641181912982154101701317253172481723017221
 111992             170831697216758168491781819252191151870318038168731525013733
 112991             128101237712134121241238213422155931703617220172201717317020
 112992             167051644816139160251676118095179781748616795156061394012516
 113991             115401106210842107751105712145143641602416277163881639316489
 113992             164391644916429166281753418524184031794617482164391498013652
 114991             128251248512437125001288714075164091795318454187701905519004
 114992             189891894618744186221939020320201321951318739174421580314383
 115991             133371287912645125561275713614151801653217262177361806918135
 115992             178631744717041167311699517704172411656815853149391375712598
 116991             118691142911214111671129811700125051347114616153491555615451
 116992             150581455114110139291464516079160101546014882141581315612099
 117991             112121063910340102131023010457109411153412408129721314413182
 117992             130031263212374123621325215045151501474314330135381253811536
 118991             108411049610346103621062911501131041451715408160171635216454
 118992             162671608515879159601677317545172071654515714145291299511652
 119991             107651037510200102071053011664140191550715661156121558715509
 119992             153421527015120150891581117278172631682016200150921355912125
 120991             112101076510564105651085111981143641587115995158281582715740
 120992             154961531215072150771577817295173521695016339152921378012341
 121991             114491102910868108601120012378147891621716336161591601815848
 121992             156551557115433154811620217345172481678316122150141342312006
 122991             109921055910346102861055111564139371551815859159571600215970
 122992             157731568015527155571618216878166031596715326144321319511903
 123991             109781035610073 99781001910403112241232513583145301497814979
 123992             146901434614060139921450015465153041470614096133371239711366
 124991             10446 9883 9540 9337 9293 9457 98731050411556124921305913423
 124992             134811333213178133251407715061149611451613912130511193510891
 125991             10186 9863 9788 98151018211446139181546015899160901622216249
 125992             161081598815858159081658917836177771726516620154941391912507
 126991             115971121611047110711139512601150401647716573164061630716097
 126992             158301563615426153831619717438176851722016644155361394212538
 127991             116171120511028110291134412510148951630716352161931607315859
 127992             156831553015365154981629817506174571695216324152311370712235
 128991             113081088010674106861098912184145571626316616167771688517013
 128992             168381677416640166591730618313182641781417180161241442213002
 129991             120781169911549115411183112844151731664517018170321701216835
 129992             165221635416067159131629417568176531717616578157441453113217
 130991             123351184311633115651168812138129921397114992155471562415392
 130992             149591455614327142891477516248165471613615692150421411313148
 131991             124031196311788117401182612104127001340114338149091512015066
 131992             148361440414059140221461116210163731593415549148511390212746
 2 1991             120221177911664117251204413173156001703917214170741687216569
 2 1992             161591584015496153391591717449176731725616604154471384812415
 2 2991             115191111110922108641114112258145751611416500166351676716810
 2 2992             167211655416412163271687517822176751712416302150251337611852
 2 3991             108771041810167100661031911464137711526215421153441528015170
 2 3992             149481478914616144901492716350166941635515839148581340012045
 2 4991             111711080810651106491083411977143941582616075160471604715894
 2 4992             156911561415547155761612917201171321669015988149801344512039
 2 5991             111141069310471104781068611777139911539015648156741565515477
 2 5992             151991500314778146201494116175165011612115540147651359812495
 2 6991             116011114610903108281089411287121121308214319151351532115226
 2 6992             149031458014352142981472515718157971524414686139271296311964
 2 7991             110911058610306101961020310459109631160912534132141350013646
 2 7992             135581336113137133071403015428157591538614840138881268711617
 2 8991             108531058610486105431089112145145091596016325163771634116184
 2 8992             158571561615310152021566217136175991716016523154111388212537
 2 9991             116721133311191112271156612722150911639316476163901636816253
 2 9992             159861579915587154641582217057174061690916206151201353312143
 210991             112131080110587105701085711965142361554115702156651569815600
 210992             153721519714973149001529316593170861670816081150221351612124
 211991             112661089810723107401102712216145651588716057159111579715548
 211992             152231508314823146841483816111167871641415852147811326411871
 212991             109031045710227101881043711470136701500715351154691536715466
 212992             152161513914872148021518915898158691526914647138451259811406
 213991             10493 9990 9741 9686 980010214110471211813339140681425514117
 213992             136611323412945128971329114520151241474614326136741281011837
 214991             110651062710398103301038910658111871190612827135151374413781
 214992             135761320812903128571340114786155731532614882141221311812167
 215991             114561117211038111281139712174135381459715369157641583215634
 215992             151561471114305141811455815954166421626915644146211331912165
 216991             112841095110818108471114712214141691550315901159061580215579
 216992             152711503814729145241483516058167081631415745147411334412063
 217991             111481072610523105081078311821137791519115730159001601415963
 217992             157761562315452153841585016824169171639215722146231319311776
 218991             106821035510166101491063011463134151499215703160721635216416
 218992             163261625116100159391610416735170471657115916148141341312189
 219991             111661060910573104201070311742136221501515622157891579615636
 219992             153641519114976148101497815818162721581315252144311328212070
 220991             111491065910429103241041710843116091259813819145701478314682
 220992             142561378313361131431342314496152381485214371136991280611812
 221991             109871056110316102301029510533109981163412575131941354913712
 221992             136201329213008130321353714831157261550715020141351309512029
 222991             114461117511144112451165612943152321678117223173361736717237
 222992             169471672916394162551663817874187711842617824167491522913872
 223991             130891275212605125941293314134162401752817710175951746217171
 223992             168231655116249161081641817530183171793617353162271469013321
 224991             124241203511875118881219613320155121684617137170381687316586
 224992             162281599715712156081594117019178241747116842157821427412906
 225991             120021161211451114691175312872147661611116770171301735217362
 225992             171971702116779165391675717625180691747216675154491398712686
 226991             117841135011164111361141212417142381559116178162191622516040
 226992             157021544215092148491492015670164841605415466146251347612269
 227991             113791090810656105861068311119118111279213744142741432414063
 227992             135711308912674124921271313718147681445914033134401249211548
 228991             108101040610188101261020410470108731156512519132081359413855
 228992             139481380013698138421437615266155651511514433133591212111055
 3 1991             10304 9951 9800 97861000711130133921490415239155041554715418
 3 1992             152411511014886149031535116238167071636915705145581305711647
 3 2991             107691038910221101901049011656137981519815449154461547015403
 3 2992             152011509314889148001506015964169071665016042149971348712122
 3 3991             112541088410718107091100412181143331566915828156261550615312
 3 3992             150561493414763147451511716014167051625315610144141288711499
 3 4991             1052510050 9808 9743 998611053133021491015257154011559915641
 3 4992             155601554915460155231591416696172871697416432153581382112452
 3 5991             115841119011043110461135412525145661591616090161071609615773
 3 5992             154771524914930146781475015358163181601815512147211360012378
 3 6991             115071101210766106531075911213119041295314057147331492914909
 3 6992             146671444314412145151489815590159931552914817139151288311813
 3 7991             109901060410410103491049610792112451209613112138221424514486
 3 7992             144361413513858137621410615074164571639215996150711382913012
 3 8991             122141198311922119811236613565157091702217327173541728617106
 3 8992             167991657016248160671629717147182731803017426162501467113281
 3 9991             124421211011957119961230913516155361677616890167391660716355
 3 9992             160161580815486153381564216488174731718416593154831394312592
 310991             117931143511316113421167512902150021632416483163281621015994
 310992             156561546515222150481529416104171591695516428153941385212477
 311991             116481129411152111341143012616146961612716438164611640716336
 311992             159841585415648156241592816625175381732616745156701413612805
 312991             119021147411286112711155712662146831617916599167101674116566
 312992             162411607515829156641580516259168821651315943150211377512505
 313991             115761105610771106961076111193118361290913939143811443314168
 313992             136811316712771125791272413439145701440113969133321244111472
 314991             1069610028 994910146 992510189105371135912299128481308813132
 314992             130521282012683127891332014239151031491314369134861237811399
 315991             106681034810207102381054111572130501445315296157711618716394
 315992             163511622016007158991610616604174041703616310150831355212325
 316991             114831111410934109381130112422143111557215803158041578315620
 316992             153861516114868146691482515453165641636215825147001316511811
 317991             109111049410296102921058911710136641494915139150901506614926
 317992             146921452814316141551424814613156061550414984139221246211153
 318991             10319 9929 9727 9702 996811050130251450314874149131497614935
 318992             147351462814348141821424414676157461569715161141671271011396
 319991             1051510062 9864 98411013811237131841473215201152821532415231
 319992             149651483314575144641463914946157291550314976141511296811745
 320991             108671041310186101021021110629112971237913391139161401313717
 320992             132561272812343121511227712791140701404313639130401215911229
 321991             1049410094 9901 9858 991510141105051125412111126341278412820
 321992             127211246512222122841278013683147031455814007130281186810878
 322991             10182 9759 9604 9593 986010983131421475915366155981579515709
 322992             155441541315000150071524415760166481650315895147051313911761
 323991             108711049510291102631056211638136381499015251152191519915068
 323992             148461468814437143191457415182162031609515509143691284111544
 324991             106981032310170101661047411497136011515515550155951564315601
 324992             154431543815296152341550315977164171609315443142851266011294
 325991             1041410004 9821 98061011811237133011475115030149401502314901
 325992             146801455014322143161427314662157781592415477145111306811757
 326991             109001053310336103461065611729136781503415359153601529715092
 326992             147721455914234139661390414113150711510314614138391268311530
 327991             107111030710115100351017210518111861225713185135801356313323
 327992             128881242212116119361209212575136941379113413127471183110836
 328991             10028 9574 9341 9230 9272 9490 99121086611972127771316813323
 328992             133311312912954129941340114039147691458013998129551172110634
 329991              9909 9556 9405 9387 969610791128691439514780145271489114832
 329992             146461454414314141551422814472153951558514970138491234411052
 330991             10076 9628 9438 9415 970410702127491422314604146991475514693
 330992             145651447414230141051419114514154901568115097140201244511123
 331991             10224 9851 9686 9644 995310984130401437714656146781475114731
 331992             145641447514284141441412414273151681533014760136261210710712
 4 1991              9876 9410 9245 9219 949510459125201400214423145471467514584
 4 1992             144551432814239140901409314300150091510514479134741198910652
 4 2991              9728 9266 9046 8998 9200 9957114291283813584139331403613915
 4 2992             136491344213174129041294213271141331425913745127471163810568
 4 3991              9499 9158 8819 8911 8889 9254100081122212424132111325112972
 4 3992             125771238412239121951249213051136631379213255124711146110436
 4 4991              9606 9267 9073 8878 8724 8711 8743 935010716115421188812001
 4 4992             118331132210787104291033610491109381222312903126711156810431
 4 5991              9690 9338 9255 9291 959710766129831455814960150731516315014
 4 5992             147001448614238140581393613862139961474214965139601239011005
 4 6991             10115 9668 9484 9482 978110931129521439414760147581465514614
 4 6992             144461434814184138791380413808139321465714776138811231610783
 4 7991              9925 9502 9249 9166 937810401124341400814473146211475314693
 4 7992             145421448814298140921401613948137931440414732138261222910732
 4 8991              9823 9417 9187 9168 940810376125991429614719148241498614923
 4 8992             147201463314391142701426014098139261448614709138011220810803
 4 9991              9760 9296 9026 8939 916910148120951385514361144651454514496
 4 9992             143601430514138140381406214048140271428914095134001218210915
 410991              9943 9445 9144 9021 9093 9458101461123812470130851317113017
 410992             126471225411896116711168011770119001255512978124961158310577
 411991              9773 9313 9083 9000 9035 9307 95991033011246119031213612188
 411992             119891168311401113471166612133126241336913565126711145210355
 412991              9593 9087 9156 9112 951810682126491429214706147861481914754
 412992             145541447114216139741394113911138681440214875139571241010993
 413991             10101 9690 9447 9456 972910828128841434214799148861481114855
 413992             146451452214245140281405314081139841464014942140221246811086
 414991             10190 9753 9521 9501 975910775128021427614684147101479114675
 414992             144961436814139140181399714001139671446414768142521229910918
 415991             10048 9600 9405 9369 963810750127691429914645146851474714690
 415992             144981443014223140391390213784136621423014651137941227510866
 416991              9883 9462 9204 9166 941010416123611404214525146561478914676
 416992             144651435514139138821384613912140011425814159134131215010919
 417991              9989 9495 9244 9130 9191 9551101381125112280128141294812849
 417992             125921221711914117371184912051121381248712738121331123310249
 418991              9440 8958 8705 8600 8592 8805 9000 987610812114671168011740
 418992             1162011376111741112511272115131165612146126761204310978 9946
 419991              9205 8842 8735 8732 8987 9886114461295313704140591415914192
 419992             140051388713660134751350913573135301389814233132991187110563
 420991              9714 9293 9148 9076 934210328119671360314228144791458514575
 420992             144551444914253140721409914161140411433314512136451219910840
 421991             10025 9591 9360 9353 959810537121831368314248144491452414495
 421992             143531426014030138351373813609134001375014293134871205310695
 422991              9803 9357 9139 9077 930010222118651354814292145891473814716
 422992             145751458714377141731411514059139571420114442136391218910804
 423991              9875 9394 9111 9049 925510126118051352314358147061494014911
 423992             147081462414335141401409014047139261395113977133081219210994
 424991             10107 9633 9399 9319 9428 9799104531153112556130611313612920
 424992             125161211011713114981146911594116541203812756123011139610398
 425991              9591 9150 8904 8771 8869 9047 93351007310952115381177211816
 425992             1169711370111031102411118113821158112130129881228311054 9931
 426991              9176 8857 8711 8711 898710056121251389014529147211490414879
 426992             146121455514423142101418914168139911414714547135721195410512
 427991              9709 9299 9083 9052 930410280116161343914000142791460414630
 427992             146081435014070138801397014053139211409614613141611262611183
 428991              9874 9448 9225 9164 940810432123661395914358145101457314529
 428992             143701433114134139681395113840136511386314541137121214610707
 429991              9809 9384 9174 9129 941210399123931402914510146191470414617
 429992             144881440214233140031387213751135561375214440137271226710787
 430991              9831 9395 9143 9137 938610307122111382614311144821442614343
 430992             141661404913979137681351613232129411296113641131531199110662
 5 1991              9786 9238 9018 8922 9005 9302 99201104812060125741266212523
 5 1992             122431191511664115181152211612116031181912519120751111810083
 5 2991              9244 8733 8502 8402 8414 8527 8837 967210663113831166311729
 5 2992             1163911414111981112111275115091161912006130201237311089 9905
 5 3991              9086 8705 8592 8601 8858 9844119231369014316145831480114849
 5 3992             147371468814547143691441914441143081451514818138341224510771
 5 4991              9844 9381 9171 9094 930610287123031406414603148061496914967
 5 4992             148751479114595145351469614810147071478214832138851229510827
 5 5991              9883 9383 9149 9072 929910245123081402314638148561501614998
 5 5992             148221484114673145141451914436142561440714774139111231810833
 5 6991              9849 9331 9141 9061 924210191122251397614569148161500515035
 5 6992             149541499514822146721461014448142111435114874140811250810950
 5 7991              9957 9455 9209 9073 926110164121571396314640148731507215086
 5 7992             149291487314677144431425314003137241374414093134971225110885
 5 8991              9876 9283 8982 8834 8872 9161 97511099912260130441326813201
 5 8992             129791269212424123271242812632126991279413036124771148610379
 5 9991              9451 8879 8583 8414 8387 8452 8723 966310766115771194212048
 5 9992             119761173911522114181147311650117071203012965125291128110032
 510991              9223 8813 8654 8614 8853 9770118711373914447148081505815151
 510992             150171501514850146851464814462141571408314802140481240010849
 511991              9858 9362 9161 9084 931010158121881386914375145721478214860
 511992             147451477514673145461454714366140631399914714140241236110813
 512991              9806 9337 9112 9058 928110126121531382914368146161479014832
 512992             147631478614708145471453214343139971393914584139721239110812
 513991              9836 9366 9157 9130 933410177122461386614410145861475314746
 513992             146371466514561143791433314146138391374314420138201225610797
 514991              9828 9379 9180 9125 935110173121621381214357145801476014763
 514992             146551461314450142531408113773133331314513691133041203310690
 515991              9697 9134 8877 8747 8811 8996 96821088612031126431285012754
 515992             125081220811948118111186111933118641190312497121861120110108
 516991              9236 8706 8468 8348 8357 8350 8707 956010632113211165511777
 516992             1174311535113541131211463116951181412018128211241411125 9936
 517991              9154 8763 8638 8627 8932 9786118331356214308146931499915092
 517992             150851514514993148521483414630142801418414751140481243610871
 518991              9874 9371 9133 9020 920810043121071397414619149411525615371
 518992             153881541415317152221522815087147941474015048143021263811114
 519991             10109 9595 9353 9255 946410324124111428414997154081568315750
 519992             157421577415665155461560315491151371514115240143551270111149
 520991             10185 9621 9359 9284 944110290123021413714789150631525015261
 520992             151781518915034148511477114530141861403814465140041248910910
 521991              9920 9391 9147 9044 9240 9979119791366714375147281495415017
 521992             149741500614920147301455214127136651345313826134991219610797
 522991              9929 9213 8913 8706 8722 8871 95851087512125128321310513125
 522992             129431271112534124271244312466123531230512792125311152910401
 523991              9481 8896 8545 8428 8387 8382 8682 952610674116001209512374
 523992             124341228512107121081230212610127001279013076124301123010075
 524991              9262 8882 8702 8701 8964 9914120581393914689150861541515563
 524992             155441557415445153991558715737154531516214971139941248111005
 525991              9993 9495 9244 9150 932910105121511393814573148591510115172
 525992             150621505514899147471478214622142681411814502139031234810819
 526991              9805 9299 9062 8967 918110042121141391014506148311504415067
 526992             149731494214749146161458414440141421394014363139351234310850
 527991              9822 9320 9080 9028 9198 9984119701374114300146511494015007
 527992             149301493714840147001461514397140461393314457140301245510883
 528991              9947 9429 9159 9053 9218 9916119481372614449148411509015146
 528992             150811509914941147081451214168137401347813813135371230010845
 529991              9817 9189 8873 8685 8678 8714 93271052511855126371303913167
 529992             130861290012760127371278512840127451261112992128291179010613
 530991              9609 8985 8657 8466 8397 8258 8670 965510858117931230612625
 530992             127541263612546125541272912906128001263113005130651208010851
 531991              9842 9241 8905 8720 8703 8636 91921035911758128531351913987
 531992             141641410314068141001430414455142741415014674143901278011232
 6 1991             10198 9709 9515 9382 955510298124281449915717165371726617703
 6 1992             178941817318184182141818017869172791680617103164681456312768
 6 2991             115391095610650104981067911466135271550516459172411791418377
 6 2992             186271884118861189451895418633180421747817718171871518713306
 6 3991             120151140011015108451102811840138591589016933176281823718478
 6 3992             186281875518615185391851518137174031692316981165811468712819
 6 4991             115311081310390101821033710945128951475315560160241632316480
 6 4992             163781646116383162451608715606150041453014677144781313711751
 6 5991             10499 9862 9514 9315 9304 9358100981136612674135301391714020
 6 5992             139031370913540134601348013438132091295413264131331209710903
 6 6991              9901 9321 9015 8822 8764 8651 90701000211222121671269013025
 6 6992             131291310713044131201330313442134741346813996138981263711328
 6 7991             1044010014 9814 97681004710932132411560717130183431931619834
 6 7992             203002053120623208262092220635202271988620088194621774315726
 6 8991             143651358913115128121282113407155681770018924197262036820712
 6 8992             207342076120659206292054220148194481891218891184521644514446
 6 9991             130391237411946116681160612143139541563016354168171705717002
 6 9992             167791655216225159591583615615151281482415012145121292611245
 610991             10356 9907 9633 9539 968710417124021421914969153671571015862
 610992             158411596815847157891573515490150131462614799145751302811490
 611991             10365 9806 9533 9413 957210289122211402914830153051562715878
 611992             159181602615965158641581715417148611438214423143001302511565
 612991             10262 9787 9471 9271 9237 9286100131129012604135211394114075
 612992             140051391413857138741398514010138531367613764139341299511827
 613991             1079610175 9785 9549 9472 9405 98141072511967130101371814266
 613992             145511456814529145811474114846147931470215144151671385812383
 614991             113701081710570104581066611518136231562416773175201808818365
 614992             184421860818558185161836417957173101683316986165161477213059
 615991             118371126811013108461094111628135141539716326169191736417547
 615992             175871772517716177291766217300166621600716044156911387812068
 616991             1086010215 9893 9716 983510488123441412014959154131575015903
 616992             159111604516020159641588515549150111465514986146371308811549
 617991             10476 9926 9664 9550 975110507123691418214985154221572615771
 617992             156731572215575154971536015125148271465614847143311283211342
 618991             10323 9780 9545 9438 961210310121371401214935154351576015873
 618992             157901579515630154461523914868143271395314059139981279411420
 619991             10298 9665 9326 9157 9145 9211 99421122612583135021391013962
 619992             137791360813444133721339713330131001294113203132331225111083
 620991             10117 9501 9089 8925 8904 8799 9134 997611144120551255412870
 620992             129511286212765127361283012901127901273713193133551219110898
 621991              9991 9523 9324 9267 948310232120311396115010156461618316350
 621992             163291637116284161981616315895154021508515228149171332311722
 622991             1061710025 9738 9607 977910413123421433015549163191700117365
 622992             175701784417888179451791717686171921670016702165021477113021
 623991             117391101510629104451055211144130221510116434174311824518774
 623992             190501938819474195231947919100185051792917891175721582713977
 624991             125501179411354111091119711789136071565017038180281886619517
 624992             197492000720035199081983719396187071800917779173581558713698
 625991             122951154411097108421091311451132381526016654175971825218571
 625992             185811867618600182591786617292166581623116236160391479313283
 626991             120851133610913106501058310629114571303014706160581694917349
 626992             173491728317251172941744317440171861672516571165651539313943
 627991             126581180311257108901065410425109191211113622149891603816739
 627992             171071727717327174051754417597174401721717485175541621814648
 628991             134441279212449123301252113269151191718818560195562049521115
 628992             214852174921741216682157021095204521996719844192081743515623
 629991             142881356313177129601308913777155461755218782195762018320613
 629992             208482116321240209392057020197196901923519144187181697215111
 630991             136681283212268118721184812345138991564016688174251798918244
 630992             182831840218434183111817917762171721674116891165251499713334
 7 1991             121951153911151109941116111931135471541016526172151770317898
 7 1992             178951796717882177351768517482173011709917193168781544213877
 7 2991             126491202011718115871177412494141551613517540184081894719205
 7 2992             192601928919173188451857718336178151726717099167571542713865
 7 3991             125271169511203108791074110683113061267314261156321634116730
 7 3992             168641684416892169431708917052167821642416414163101538214191
 7 4991             130221225311802114751133211247115521225213266141801499315731
 7 4992             160971620516270164161670716922167811646716510165081589814915
 7 5991             137591299012498122551220312298128421420715929176811889019506
 7 5992             196831969419681197761998020016198571961919888198571829716729
 7 6991             154061463614144138011374014188157701790719620208062162322133
 7 6992             223412254422419221522188121178202251977119746194281757715663
 7 7991             143451363213183128881285813191144751614817321180811863018899
 7 7992             190881926219363194071945019207185721789717643173901576313868
 7 8991             124781168611250110071107111516130631491516202169181738517586
 7 8992             175291749717404173401732016999164391584715803156401418612581
 7 9991             113781078710445102281032810841123331400815088157151612816317
 7 9992             162561624416125159211571015402150421477214860146081357112351
 710991             113951083510530103621039510627111951233613705147761545615758
 710992             157341559715495154911550415370148701439614284141131300711714
 711991             10634 9936 9540 9285 9178 9034 93731024411373122811285013175
 711992             132801318713093131361331013498134591329913552137121260211288
 712991             10327 9842 9584 9496 968710244118791378615127160121668117058
 712992             171371727817256170911689616539159911561715744153271387812364
 713991             112601068110356102321037111095125621429115304159411634816466
 713992             165051655116453162631623916034155771510815119149241343711949
 714991             1080810189 9919 9764 990910484120441389515126159271658016975
 714992             171421735117310171561701316683161741578915848155621406612470
 715991             112751061910256100941022710842124301434815673166291738217849
 715992             180721840818591187061876818577181241753517508172411562513907
 716991             125691184411394111711127011835134851560817270186101971720502
 716992             209562141621555215402144321088204951988019835194931791716159
 717991             147501383313217128191268412708133271484116682181861926819836
 717992             199912001720038200992016220045196901916119232190211776916184
 718991             149001401513460130751285412662129441399715509169531817819049
 718992             194751958519611196001966119613192971893219077187891726215604
 719991             144191373713308130661312613710153861749519126204192139921988
 719992             220292173721125205702017119730190481840818108173301564313938
 720991             127261202311609113611144912025135391546116740174691802818338
 720992             184051857518587185511852718206175821694916904165351487013115
 721991             118331110610685104671055911082125721440215557163561699617362
 721992             175201781017926178901788517629170721653016634163951492213365
 722991             122111157411264111181127911998135971568117108180631884719343
 722992             195721989219999199891998819678191121854718580180711636014562
 723991             132401242711945117601188312549141371628317923191652010820713
 723992             210482140521410212852109120531198801916919018185431700615319
 724991             139251307112532121391211612266128181401915480167611764218139
 724992             183871846018437184641831617993174571705317182169081581414455
 725991             133491259212113118091165111615118011270214148154501645717192
 725992             176031774317502173121730417323170951676817046167581539213850
 726991             127561216011845116821181812540140881604617460183971900219337
 726992             194671967519675197001966519360188091828918298177711605614281
 727991             129891229111886116731178612502140531608117591187291957920113
 727992             203972065820728207982091320758202271958619586191001723315307
 728991             138661297212388120441204412611141251615817651187031947419979
 728992             202142050120592206952082120596199941934019290187141689614981
 729991             135421269812177118721194912510139871599117489186701958820133
 729992             204312078820940209582098020623200091954019586189551719115353
 730991             139651318312721124911258013257147601678318355195572041320935
 730992             211532148021485213692110520550198101919519169186151708715394
 731991             140691323712714124131229112464130161428315837172161827818857
 731992             191061916819167190731903718929185071801518211178211661615326
 8 1991             141631341512980126971260712713129691386715126165041753118398
 8 1992             187861889918996191301931419412191561870318898185171695715215
 8 2991             139131309112556122411224412753140921600217436184051907919455
 8 2992             196461981319818198321979519486187871809018120174971572713985
 8 3991             126611195111485112381129311878132171505016315171241773018054
 8 3992             181961843918496184671849918244176461704717214166991502413430
 8 4991             123121155911143109551107411683130671504016419174411816018623
 8 4992             187971906319143190681902718703180101737417541169331534113709
 8 5991             125181177911352111561126711961133611526316564174441814418571
 8 5992             187841902318973186881839217949173491691917143165821505313488
 8 6991             123281162011236110281108311679130431492316343172861793118245
 8 6992             184021849718506184051827917910173211680716925163211488013381
 8 7991             121121134310885105891047310553109871215413518144551493315042
 8 7992             149481479014719147051478114811146201434614735143711337312246
 8 8991             112741067510342101391010910236104691126612377134961429914834
 8 8992             150071495514905149801519115353153121526015709152691401012688
 8 9991             117211113010781105831067211320125781427815425160941649116651
 8 9992             166201666716589164611645616242157481530015589148731329911837
 810991             1075310153 9849 9753 990110643120141365114716153781593116225
 810992             162971640416354162621623316008155521541615722150061355412138
 811991             110911057310299101821039111225127551447415576162971674316966
 811992             169301700316886167541674716625163301617616382156461423212810
 812991             117651120910868107711094911824133661521516543174611820518745
 812992             190031939319574196101966119428188851844518761180191636214619
 813991             133151252512067118521193212687141161604217449185271943420048
 813992             203782064220785206692043619958194221917719296185761718815689
 814991             144301366213172127691264412867133621441715758168191738517516
 814992             173361704116795167591682516888167481671716852161711496513690
 815991             125961188311442111331098510955110721160112564134431397714224
 815992             142201400613749135891366213808137881385914247136921265611573
 816991             107131023410000 99081010610893123371424015615166051731617762
 816992             178781809718177181671822318024174991709717414165611494513446
 817991             123301166211327111651130412175136761548816834177961865519361
 817992             197342018420466206142068020382197951939719727188101698515287
 818991             140661338012965126671274113453148281657617920189081967120091
 818992             201942032020279201732004519660189281845718633176011586114137
 819991             128071204111543113021135212006133391501416170169621747317751
 819992             178501806318112180221792917545168801647416744158371427012712
 820991             115731090710558103751047411201125061423015497163241687817145
 820992             171381721017020167231636415887154381540515487147281344412144
 821991             110381040410045 9843 986710172107631170512925138631433014356
 821992             141131376213424132181320813335133721348213590130041207111009
 822991             10109 9584 9212 9025 8984 9144 93651005711152121151269213028
 822992             131111294212748126971286813051131211337813762131491212611016
 823991             10207 9751 9528 9480 970210583120271380515101160311671217106
 823992             172931750917529174951753417336168401659816869158551422712661
 824991             114851083410485103091043711195125931438715738167011750917998
 824992             182051856118694187061872118408177811749917756166811492713254
 825991             120411132910942107361084711591129751474516090172581806618602
 825992             188481916019275192181914418687179481769217877168261512513460
 826991             123171165511300111421128912119136771539016582173651791818101
 826992             180531807817989177971766717344169821702117136162321476313263
 827991             121271151211168110411120212091136851545216736175761812418425
 827992             183531839518351182231811917769173141727317300164961517213750
 828991             125351181911414111861114811448120051318914738160831695917349
 828992             174301738117338173221735217273168831681017033163321505713722
 829991             125581180411316110091087410948110751186613137141621481415285
 829992             155381560715542155601566715654154101545715521144341302511674
 830991             1069610169 9908 9787 996610874123021390615009157671623816486
 830992             164871653316449162601617415941155451563215851148151320411785
 831991             1076910144 9894 9789 994510812124021406415017157251618916445
 831992             164851662216584164821643116167157151581116006148451319511718
 9 1991             1057010068 9754 9621 980010733124721401514875156001622316549
 9 1992             167421702117125171251713516836163411638416475152991358012026
 9 2991             1091610312 9998 98551000310911126721429715257160551672117147
 9 2992             174191780817912179111786417524169461705617103159271415512551
 9 3991             114631083410490103111043611279129471457415753167241743717939
 9 3992             182171855518705186471846618037174001730217183161121457513045
 9 4991             118131110010687104351039810659110921210713486146361542515962
 9 4992             162061628516307163211632616186158111602916093153051412412856
 9 5991             117821110410695104131029010388105741130512558135641433314850
 9 5992             150721501914888148431489314884146951505915241146401365612551
 9 6991             116601111610814106511066310958114301227313528148201569216245
 9 6992             164301643116435165331678916967168821735217420163551475913309
 9 7991             122871175711519114221161512683148831674517951188791962119987
 9 7992             201282029120284201472012719809194651972719510182171632714621
 9 8991             134501281512447122891246613498156911741018364189601928919395
 9 8992             193311949019560195611956019308189391921218938176841586014156
 9 9991             130091236812028118631205413091152931692017847185621921919655
 9 9992             198952014820234202432024019865194491979919508182591641714698
 910991             134511274812368121921233913326154741716618012185041882018859
 910992             187211857518286181641794317657173721733616936159711460013159
 911991             119621123410775104741039510651112301229013680146511513015226
 911992             151081495714756146181457014476142201459714469136761254611328
 912991             10379 9747 9386 9175 9164 9191 94081014111319123191288113288
 912992             134421349713439134871369713919139651465814654136701227311070
 913991             10325 9910 9671 9580 979610784127871437915235159911660016935
 913992             169991705717032170331702016744163221679216460152001349911966
 914991             109001035710094 99691014711158132481477215504160651652116783
 914992             168191694216867167401672916580164541686316482153521368512174
 915991             111981064110402102841046911541137541536116084165851700617230
 915992             171221719217110169901698116919169921729716772155871393212411
 916991             113561080410515103901058111606138931555816275167201699617087
 916992             168511675816534163901658116780167421648615653144531294111608
 917991             1067810156 9883 9722 986910686126131405614776151951546915486
 917992             153291523414995147601463714490144791486614487136441242111181
 918991             10133 9570 9260 9076 9111 9469101071116412381131531344813458
 918992             132451299112805127281279112938129641360513369126371163310568
 919991              9676 9131 8833 8637 8606 8798 9100 983510942117631216912401
 919992             125051240912334123011254112787130331393413698127221153710282
 920991              9562 9163 9012 8959 921210179121991374314641153101576515914
 920992             159201601015898157461569815593156291623115707144831283611386
 921991             10431 9898 9659 9571 979510836129901459715281157371597916075
 921992             161871625116085159731603916092162141636615727144761287911475
 922991             10488 9995 9708 9623 978910842130341461815268156131581615825
 922992             156991568215533154451555515578156281588215314141641257511116
 923991             10186 9682 9443 9357 957610571127151415614649149461516915267
 923992             152461534215291152041519815107151751586715415143451278211367
 924991             10348 9806 9557 9436 961510612126671409014840153341570515878
 924992             158791598015888156781550715105150131546014981140571274511440
 925991             10411 9760 9489 9278 9283 9626103711143412760136101390313976
 925992             137031342113162129911296812977131881371913353125851160610493
 926991              9574 9012 8741 8581 8558 8735 9077 978710921117691212612324
 926992             123421216512058119801222512589130751396813607125801139010256
 927991              9470 9059 8911 8871 914610212123831387714567150601544715661
 927992             156791578215659155201549715447157191622015576143341266111244
 928991             10278 9753 9516 9442 965010681128771442215002153921575515865
 928992             159181603416043159851598915889161601666016022147561307111617
 929991             1061910077 9818 9734 995911030133781500615638159671625116366
 929992             163321630616207160731604816034163311663116003148091312611654
 930991             1065710127 9908 98141001411106133771504715729161321641316480
 930992             162871609115909156291551615347154681589515235141521259011153
10 1991             10153 9667 9423 9304 950710469127051408414613149151516115196
10 1992             151571519815093148441467314464147051507014516136981238111101
10 2991             10022 9437 9172 9027 9043 9383101161110212294130211326213200
10 2992             129741272412501123701244412632131671363113206125191152810484
10 3991              9628 9037 8833 8666 8686 8887 93041002311155120131248212746
10 3992             127831263312431123721252112896136381420913739126861141110312
10 4991              9533 9148 8992 8948 920110283126491442115118155481588215945
10 4992             157941569615481154031562915931163091620015479142681270311309
10 5991             10347 9827 9610 9522 973110841131711477615210153931547315401
10 5992             152621519315020148981507715384160111624315616144441283611381
10 6991             10443 9976 9795 9763 998311073134041485815138151981529415219
10 6992             151211507514923148641495915100157081608115535144081289311495
10 7991             1052910096 9921 98951016011295136971513915396155061553615408
10 7992             152041506614838146311466514910157271621215789147801322411849
10 8991             108831038810210101861044811514137651518515548156021553715363
10 8992             151461499014700143781427314331150481519114645138571261211329
10 9991             10309 9744 9449 9286 9316 9664104461153412707134601367213551
10 9992             132301285712563123821241512697135831375913303125791162810566
1010991              9676 9142 8858 8710 8695 8889 93631004711105119781246612817
1010992             128711279212664126831298313415139161384513322125591157810600
1011991              9783 9297 9089 9016 9173 9885112461248313584143821467314674
1011992             144611427414034138901402514332151121538514789136661227911018
1012991             10040 9524 9331 9284 952710619129471441314867150021514515108
1012992             149971496414779146231463814860157561592315327141511257411193
1013991             10260 9786 9568 9509 971810768130931451814904150671524615257
1013992             151611517015025148991496015171160531612215519143681282311469
1014991             10417 9867 9615 9494 967910658129141442514885151671538715259
1014992             150121491514708145831463014924157811606115487144681295511621
1015991             1062210090 9924 98951014111247135971506715407154801540415195
1015992             149271479214558142741419714344151231518314666137741262311354
1016991             10315 9804 9567 9454 9535 9948108391180612855134081352913369
1016992             130011263912361121891234512709136081373713289126001160510543
1017991              9686 9158 8891 8744 8711 8899 9354 999611103119221235812586
1017992             126311246312291123001260313317143041434513726128151165710550
1018991              9734 9297 9117 9069 931010347126651443215058153171553015536
1018992             153791524115016148571489715195160641609615468143501283011460
1019991             1054110019 9842 98151009611221136611512315397153361530715177
1019992             149651483414654145561464615056160911615115551144081281211421
1020991             10473 9952 9724 9646 988810977133511506015445156811579915803
1020992             157151563815514154661571116115165101619715450143521275311391
1021991             10406 9926 9716 9664 992211041134191485015119152061522015137
1021992             149801489514660145151451514829158821592115393143891287911489
1022991             1052510079 9881 98581011411196135701505115380154631546515335
1022992             151031498014765145321446914778155561523914652138031256911295
1023991             10284 9739 9472 9319 9361 9737105241158412826136531389313737
1023992             133771298212635125161265313101140681393113477128151191010883
1024991             10032 9545 9235 9095 9093 9302 98321048011516122311248712587
1024992             125881238312191121801252413196143091435013880129901177310648
1025991              9920 9653 9562 9514 974510880134431511515438155071561515520
1025992             152721516414965147451487415381164581633115672145611306811548
1026991             10358 9998 9956 99261017611291137001513415315152861530615204
1026992             150541497914754146591479815328162531602415389141861261611220
1027991             10275 9752 9563 9503 977610920133521485015034150761511815074
1027992             149511492714729146381481315343162301602715457144031299311534
1028991             1059010109 9854 99031022011391138251537215557154841541915271
1028992             150391490214697145091460015112162471608615476144341288711455
1029991             1063310168 9954 98881013011203136241513915315153191533115257
1029992             150731496414731145181443814684155621519514594137511253411286
1030991             10156 9652 9411 9291 9355 9769106311168712822134751359013405
1030992             130421269512388122481236612995140331373313200124961157110605
1031991              9802 9113 8789 8717 8799 9115 96741070211722122631243512490
1031992             1241712259121841241213329142321374113351129841205910869 9878
11 1991              9263 8954 8860 8899 925610541127181413414588148111502215052
11 1992             149691493514735146481523916659165091586415059137651230110984
11 2991             10114 9707 9492 9479 976110912130521441614804150691520515285
11 2992             152401524115223154371628417156168681620615317138991231811000
11 3991             10099 9650 9458 9437 968610763130181446414928151791529815247
11 3992             150511491714715146781538216698165361600315320141321257911226
11 4991             10383 9997 9817 98541015111394136211491915169152271524515222
11 4992             150131494814794147551545216873168021634915680145421301811639
11 5991             107081028510094101011037611558137431497015176151871517515074
11 5992             149181478314579144461507416142158251522114514136231238711180
11 6991             10157 9766 9390 9162 9262 9818104961155112614131101318113074
11 6992             127851242012154121551307914434142441372713127124541154110562
11 7991              9822 9396 9097 8991 9025 9363 98861070411702123751265112777
11 7992             127041254312413126001375115310152871486214200133001211711032
11 8991             104021012510036100881044411730140181538615721158391589015775
11 8992             155371539515191152501618017665175271700816239150921345212106
11 9991             111771071710491104401071411862140841548615742156711573115561
11 9992             152841515914951150111593717163168821629815538142791271411351
1110991             10400 9952 9714 9670 994111042131801444814827149991514515174
1110992             150811506814886149531590616786164101577515023139081246311186
1111991             10296 9855 9621 9567 981010711123161375414735151891531015216
1111992             149421477514611146071564117058169281652115892148311348612186
1112991             113061091710753107341101412151142741569516093160661594015674
1112992             153611519914978150031585916768164161578515099141811291711715
1113991             1071410200 9887 9756 983310276110471202113051135991367113482
1113992             131051281912648127781387714866145601400813497128321191910974
1114991             10170 9705 9469 9359 9394 9644100921080211849125881296713190
1114992             133261327113226134841449515211149701454713921129621179710769
1115991             10099 9789 9696 97311011411354136591507915495156381575215699
1115992             156021554115473155901672917897176951719416441152811376412389
1116991             114391095610763107841109812280145321584016102161331617616151
1116992             160131592715837159891713018225180321751816835156001395912595
1117991             116061119610999110051131812494147441599716133160821609015955
1117992             157261566015500155801676218052178401738416681155571400012609
1118991             116741123511046110121132212495147681611216161157911591515790
1118992             155111533015166152091622917439172661684316198150461358412175
1119991             111901074810527104631070311771140361541215687156251553215359
1119992             150351494414718146311552716435160941550014921140341285311652
1120991             1060110085 9788 9670 974810204109961200113101136401380413640
1120992             132751295012737128601396114871145601402113442127491177410788
1121991              9845 9301 9032 8894 8920 9197 96451039411416121271247212582
1121992             125221229112108122351354914948147991439913837129111171910618
1122991              9877 9559 9424 9427 973310910131861469515150152651541715343
1122992             152561517715055151461619217219169061632815520144021280411405
1123991             10367 9884 9622 9550 980110916131681462415084151971530415325
1123992             152071512714978149791587716946166901619515432143971286411418
1124991             10351 9841 9575 9512 977010798128611444815130154561567415675
1124992             154841540315201149641580116495162081561814888139161253911077
1125991              9878 9232 8869 8695 8697 9020 97071064311984131171372513841
1125992             133871252711820116021182112166122121217212054116451093410097
1126991              9237 8839 8662 8609 8768 9244103331136412459132511364913781
1126992             136681345813248132751415314873145401400613451126741170310626
1127991              9675 9123 8839 8687 8717 9033 96781059911928129371340913468
1127992             131771277912441123961340314466142581384513430127851195110888
1128991             10017 9500 9236 9124 9170 9439 98171055811472122401263312779
1128992             127431259412433126271405215385153611502914489134901225911106
1129991             1034110005 9892 99181027811552139211537215668157651574415654
1129992             155251559315420156381698018033178701740816741155951397412498
1130991             115251107810950109221122512394147361607916261162801627716196
1130992             160161598915949160891744418624185161806217416163041462213152
12 1991             121881179411600116531197313202156201698817162171161704816865
12 1992             166411655916342164841786419079189761853317825166491503513504
12 2991             124791201011803117651207313246155381677316837167171655116239
12 2992             159241572615533155901688618012178881746116872157951409112598
12 3991             115061097810727106571094212050143911572515963159571595015778
12 3992             155351539515245153181646917142167611617715594146941343612097
12 4991             109841040010087 99411000710463113331246413728144001457614412
12 4992             139951361913398134261464715603153461479114331136591268311499
12 5991             10503 9936 9645 9489 9554 9806103321107512039126671285712892
12 5992             128091259812449126731432015615155411525614720136771231510995
12 6991             10026 9609 9477 9423 968810876132531481015252155051570115738
12 6992             156321558415501157831701017750174681692716173149951323311631
12 7991             10553 9994 9755 9707 996211121134411517015561156361569515629
12 7992             154471541115268153831675817987178551738416765156451392312377
12 8991             113251083010622106151092812151145001585515988158861576615608
12 8992             153181524415080151941660217973178221743516910158541422212652
12 9991             115771111510924109081124412430148401616916308161981605715811
12 9992             155001539315205153131672618025179201756817061159901435312716
1210991             116911122510984109161118012309145901604516355163711629616135
1210992             159731594715852160521715117576171511650815816149191362512254
1211991             111161052110245102081036810916118861296614239148991508514954
1211992             146011427314033142081575417018168001628715724150481401312777
1212991             116501101110664104961051410753113091197912960136081382213757
1212992             136221333913128133191498716485165221632015847148701341612064
1213991             111251073410585106101100612279147291622016435163471628116125
1213992             159011583815807161351759118483182481773117084158551404412322
1214991             112361069110487104681079812016144231596516309164171649516483
1214992             164141644416417167731806918921186441808017383162001436612646
1215991             115081095810667106441091712036144171606116408165061654516508
1215992             163451633616257165231778918597183301782217224160801433512575
1216991             113861080010502104141066511742140691572016029160771609315940
1216992             157151563215450155551690718087179721758017090161231450512827
1217991             116391111110871108201111212292146641612616348162841618916029
1217992             157201561215444155111684718033178161728816788159801472013240
1218991             120101135911026108831096411419123551345114541150561514414931
1218992             144871408813856139771552716893167771635115946153361433213058
1219991             119331129010994108961096711310119201271013722143231446014392
1219992             141821387613663138871549017096172191705916728158011434712911
1220991             119511153811394114111173812932152641680717167172031717517071
1220992             168931680316674168931820219059188141827417559162761450312704
1221991             114441075310438103431060911727139741544815699157321573415682
1221992             155271559415640159841746718494183391791817362163431464512980
1222991             117711117310898108801119712354146601635616778168881688816746
1222992             163911611915853159461731018712186561828317829168621527413589
1223991             123791178111526114921177512813147951622716743168121669316349
1223992             158711556315328154401684118107179531750616996161211477713257
1224991             120531138711072109951112911678126281366014751153061544815297
1224992             149451464314469146291602017068164421576215425151141457313703
1225991             126261194111573114291147011763124051328814099145181458814498
1225992             141301355013057130191401415055151811522915196148211396812824
1226991             119191144211204110961111611347118451241113303140511438914546
1226992             144961428914076141981533916555165841629515857150211380212570
1227991             117331132011133110991137612211137551509315997165671683616804
1227992             165861634416124162021754718838186661818017562164771495413524
1228991             125091201411858118921218713100147611614516881172291733517195
1228992             169191669716435166011798619147189361841317722166481507813578
1229991             125681204611826117921202612896144571579316501168171689416786
1229992             165211627716010160341727118668185321806017484164281488513372
1230991             122601169511390112781144012185136371486715532158271585715704
1230992             153561507314804147861596817160170161656216042151611381412458
1231991             113731081910548104521059811125120551302714071148751520315154
1231992             149001450114156141551539716830164671564514957142921362613026
