 1 1001             121751148710901106111054710701110991139312033127161319313367
 1 1002             131961284912513125311370615016149511457814167134961257411536
 1 2001             1063710116 9848 9731 9746 9987104761103111990130001359213853
 1 2002             137221341713113131361435415526154091499114396133671207810843
 1 3001              9954 9549 9362 9327 958610620127421424314690149861516015130
 1 3002             149741486414744149081610317071168261629215597144371287911493
 1 4001             1057510136 9921 98911016611218134401518915583157931601816066
 1 4002             159801593015762159271693517625172761668315921147181309411746
 1 5001             108111036510163101691048211657140861571915968160611619716191
 1 5002             160441596615817159471705918533184711800517395162461469013289
 1 6001             123831195911803118421220413341156851714417237171471701916852
 1 6002             165981644116192162201716418416182821779217117159871437712943
 1 7001             120121155111355113071156212618148601639916669167481674516632
 1 7002             162821605115762156911648517478172341670116117152681406112826
 1 8001             118051132211073109801109011531124071334714388150181523115092
 1 8002             146771420313909138571495716307162041573515169144621345612410
 1 9001             114901095510647104941049510716112131180512684133561368213780
 1 9002             136521331913057131371431515790157591535814756137401255211386
 110001             106191028110133101471047211672140561568016016161711630616384
 110002             163431634216316166361759018171177961711316202149701338312018
 111001             110981064010419103551064911740140841545915558155401557315597
 111002             155221555615476156051647917598174421694416240151911359512228
 112001             113041087110676106881100012158145191597516106161031615716085
 112002             158861579315643156811660618090180291758716910158451425312910
 113001             119571150511281112441153912648149781667116988172181744617577
 113002             175191750717374173501809519380193781894318303171511564114358
 114001             135101318313082131261350514685169701842318645187261871918577
 114002             183421816217916178511860619830197051917618571176491646915222
 115001             142041374813542134361353113953147801572916794174181753717278
 115002             167701625615883158031666718143181181763517053164081537214304
 116001             133711282012500123231224412388127941344614419152751572215835
 116002             156581525014761146581554016945169091650016036153091443713552
 117001             129631276112772129441337514422161251756018606193251973419784
 117002             195071913218810187761965721176209962047419765185811703615701
 118001             148171446914289142561455315673180091939719528194411926018985
 118002             186001836018104181461901820407203751996419250181711655315154
 119001             142761392513795138211413315275176261908019266192311905918717
 119002             182611798417655176311843919986200551968419085179481636314992
 120001             141011372113559135741387215001172961873618941189601897218904
 120002             187201859818348183021908220258201631965318882176181603714650
 121001             137471331313113130931340214499167241816518524186611873518638
 121002             184081825818090181121881520206202331976319163182961707215839
 122001             148841442714231141631428014718155711653317604183531855618373
 122002             178711743417000168831753619114191181859618023172691627815220
 123001             143421387713646135431356313800143301495215859164591674816937
 123002             168621651816203162091702118417184361795017274161901489313723
 124001             129441260812481124941278113918162761783918111182001823518049
 124002             177091733016936168591757319100192141873318074169431534413941
 125001             129931257112371123371262313774160611755317914182271847618564
 125002             184311825517920177691836819598193151856217583163651476513442
 126001             125741220712033120091228013391155141696617403174581742917273
 126002             170511694016747167211731718798189401852917928169101533814018
 127001             131561281112658127051307714296166671804418206181631808117897
 127002             176471747917295173371805119674199591963119081181191662415239
 128001             143891398313843138581418015292176161897519117190431891618655
 128002             183121805817788177121817419433195741912518507176221638615155
 129001             141461362613392132921337613801146511557016560170491698516586
 129002             160091543415032149011543617016173171688416358156911472813745
 130001             128991245012247121961225012547131191377414630150921513915054
 130002             148411456614302143451499316530165481596115473146651371312516
 131001             117401138211260112881155412614146891617516797170501717917196
 131002             170321685716637166051714918540186831822017501163181473513383
 2 1001             124451205511893119051222313400157831703617112169681691916709
 2 1002             163991625116016161471679418342185971817317492164441487713498
 2 2001             126531228612142121901251413720161221745717624176251762617503
 2 2002             172731715416986170181764319258196221922718578174871584914433
 2 3001             135491317913039130501335014495168861823718407183261820617900
 2 3002             175191730717092171381775019020191411871318055169421534813891
 2 4001             129131248512281122711256413687159521732717650176141754617315
 2 4002             170141686116628165401692918029181601764817035161691489713669
 2 5001             126721217511911117981189312338132101419115160157031576115526
 2 5002             150541459414245141651467016168165791614415615149181398012978
 2 6001             121041164511385112981135511652122261294013907145531482214953
 2 6002             148181447014147141191471516441170261675416212151901398912858
 2 7001             121491180711667116811196913111154241683917051170031693916622
 2 7002             163061614515939159531648117950183601799217402163761490413598
 2 8001             128881259312408124741285914105165651791118034179191774317483
 2 8002             171291690316639165851708118507190271872218083170211542414038
 2 9001             131571278112579125801281713888162371741917407172681715516940
 2 9002             166141638116076159841633417685180921767217013158391427712900
 210001             120021157211369113671169812868152231647516534163871624716067
 210002             158491575915633156771623417461177841742516772156641408712755
 211001             118231138511154111131138712466146851616216609168021694616872
 211002             166441645716238161451638017116172141668116162154111426113165
 212001             122581179811605115471170912209130981411115209157941586815611
 212002             150931460414209140891452615963165881622015773151751431513368
 213001             125681212111919118481192012214127381340514262147321481214737
 213002             144921412513828138801457016076165881625315682146461340812241
 214001             114861115911022110291134012446146541623016827170991730017293
 214002             170491678616403162411643417420177261718416437152801377612419
 215001             115111110810958109971136612588149141622016502165831655016400
 215002             161911600115762156671603017351180991772417075160571453913179
 216001             123141193011765117551201213180154651690217187172261726717165
 216002             168041658716220161751655217527179101745116834157541420112891
 217001             120281166511545116121201113268155831688717109171191711316980
 217002             167481657916313162331660317872187011842517901169201546414188
 218001             132431282612628125731283713928160751740517776177721779917746
 218002             176131755817395172671750518449186111793917099159911463913399
 219001             124281194311713116011166612061127671363114808156591602515940
 219002             155951519914920148351521516189165021599015367145681358312562
 220001             117071122510980108841090011172116321230013260138581406414100
 220002             139321364013408133381376715043159431562515115142731331812310
 221001             116061125611118111441138612183134321453215289156501578215674
 221002             153801508114800146621505316337172081684816262153351401512848
 222001             120341166711561115901193013031148671617716641167181667316419
 222002             160381576715474152671551316619174551709716480155281409312836
 223001             119031148111287112741157612632144001571616177161831610715937
 223002             156711553315305151151536416361171071667916010150231355512285
 224001             113451089210650105801085511861136431497115532156881568815582
 224002             153451520715003148811517616102166571622215574145491318411946
 225001             110061053010299102671051611518133731487815752162211647916558
 225002             164371636616216161181637816971170551651015851149531373412583
 226001             116001109810825106851074811157119221292914160150041540015357
 226002             150251466614390142941456715290155231510314596138701286211840
 227001             109251040610110 9983 998510220106311133512334130681345913585
 227002             134961317512906128401329014439152121491514284132901212311008
 228001             10255 9900 9723 9697 998811145134121499615536158291597515957
 228002             158711578115546154691578116678173681699916282152001365412330
 229001             114181100710798107821112212279143981569615947159511595315815
 229002             155621540315135149511518916106171111678616172151341358812256
 3 1001             113141091910732107121101212186142721555915773157371571815581
 3 1002             153251518215000150231544016411170761668316045149581341312022
 3 2001             111141066610448104081070111842139361525415529156071573715740
 3 2002             156201560515419153201564116511173141703716475153661391912537
 3 3001             115861118210994109861128312403144191579416149161881616715949
 3 3002             156601546815217150411517615841166901633015817150091382012618
 3 4001             116381114310866107571085111314119871293213937144671451614251
 3 4002             137201324912859126671284313709148311457014092134231254611550
 3 5001             1067910191 9971 9859 987510123105301129212240128031308713247
 3 5002             132471304812826128361327814307153371508314529135631236211281
 3 6001             106031032910241103111070111955140641540915737158121587215782
 3 6002             155221533515070149041511615898170491680116208150391347012176
 3 7001             113211095410820108471118912359143861561915774157181564415477
 3 7002             152381510814871147011482815550165791631115675145211294111559
 3 8001             106221022610032100201030611513135961494015153151401513915059
 3 8002             148991485314687145601475215515165141625415690145721299011652
 3 9001             107341032210124100421032611480135441497715283152891526815175
 3 9002             150251498314850148711514415466162521599315368142061268611294
 310001             10400 9950 9721 9681 993711072131151458515099152841537215272
 310002             150471490214653144441454015167160791572915166143081310711908
 311001             109451044810190100891018510629113691251013828146571502515051
 311002             148441463514477144701482715414157021517814535137211273711689
 312001             107921027210014 9856 982210055104341127412442133691385114030
 312002             139701370513452134271379714631155021529814820138661274411667
 313001             109641066410539106301102412255142501562215996160691608315996
 313002             157741556815265151191527215988172441711516542154461389512596
 314001             117421138511234112471157312774147331602016187160571591415697
 314002             154431530015090149711513215704168251666716029149481336512033
 315001             111711074910575105801092512070139741523515432154471547215369
 315002             151441501214796146611479215335163661620715647145101296511605
 316001             106971027910062 99941026111404133261467515014150891515915111
 316002             150361501814886148501513615732163401604415453143661293711638
 317001             107661034610185101911050111631137231543816179165551684516877
 317002             167571669616499162641629116522172591700016420155731440713249
 318001             123121187611692116381176512181128331383614791152891533615076
 318002             145581403613613133931350714068153321532514924142921336812418
 319001             116101117010953108611092511136114511219512976135011366713648
 319002             134211305312699125921287813649150741525514841138761273911669
 320001             110211074410657106901103712213142741579316191162171617916046
 320002             157821560315382153241567416434172871705316368151681357112177
 321001             113151089610711107081100812154142111574116105161451623116197
 321002             160081594215774157521606716698173761714216416152491356312219
 322001             113191089010679106271090012006140291548515875159641593815788
 322002             155181532815034148561495915436165351653816024149331339612057
 323001             111871078410606106211096312065140411536215529154481539815247
 323002             150541494614716145511452614795158101594215404143571288711550
 324001             106671023610067100571034011427133121466815033151411517515064
 324002             148541472914503142211407314142151091507814497136621251211341
 325001             1044210016 9780 9722 985310224109441203813018134981353913332
 325002             129791266312476124681273713213140041391013380126531165110684
 326001              9863 9395 9150 9018 9013 9187 95591048411472121151230312393
 326002             122991204111817117611206712681139611421313646126361150010538
 327001              9916 9576 9494 9553 991811043131401456214922150181507315036
 327002             148931481914611144881467415234162601614115424141881259711246
 328001             10371 9958 9754 9716 999311102132341488515366155511570415690
 328002             155011535215119149511508115382161791619915564144191282111508
 329001             1062610199 9962 99181020011258132601464614941150891514415109
 329002             150211495514835148091507115462163211635915734145691296611641
 330001             107161030010100100771037011396133951483015151152171530015254
 330002             150721498814800146601479515164160561619715641145261301911664
 331001             108331044110260102931060311618135571488115145151551515815057
 331002             148741474314501142831425214342151931531214824139961284311672
 4 1001             1065810205 9975 98991002010319110251206712996134421346613224
 4 1002             128311241312072119381205912463135531375713298125701160810583
 4 2001              9792 9575 9357 9131 9000 9155 9401 990210840116661223312533
 4 2002             125291233512120120381220612534129861385813916130101185210624
 4 3001              9763 9336 9157 9121 934010350125071421514857151761540415490
 4 3002             153521528215121150261514315380154421578915570145011294511484
 4 4001             10456 9947 9717 9666 985910851130571476415298154581556915529
 4 4002             153961532415149151191530315490154661576215506144661288811407
 4 5001             10425 9975 9738 9697 997111071132221476815185152891540215317
 4 5002             151601508614866147291483215015151651584416031150621353012048
 4 6001             110621060210379103521062211714137881525915673157951583915748
 4 6002             155771545715172148421466914627147271539315516145721304611626
 4 7001             1065410190 9953 98861012111168131971461815005150631507814995
 4 7002             147801468014427141731400913894139611444314461137381252211259
 4 8001             10251 9729 9442 9283 9312 9677103651139612561132511348913391
 4 8002             130581270512377121641207712136122531294413200126061167010673
 4 9001              9747 9224 8939 8781 8747 8954 93741010711306123171297813290
 4 9002             133281314312945129561318613481137141447114782138441265211452
 410001             106491032110165101651045811629137321527515617156821570415587
 410002             153461520014961147491478914877148491549215842148751333911907
 411001             110081066110438104411073511845139151538115633156371564715556
 411002             153731530315173151321529215575157851618115967148991328411838
 412001             108941040710200101551041111495136211517215526155791564915591
 412002             153391521314971147411473414801148291545615939150531351312094
 413001             112001076110589105861087412026140571545515676156611561915450
 413002             151771504214761145171442814374143391501715594147451328111887
 414001             109051049210310103281063911743137271513515395153941535315191
 414002             149331478814476141681393413757136221411114562138901268511428
 415001             1049710019 9762 9660 970910062106391171112805134241356713428
 415002             131151279912517123621239912525126191305113379127551176410691
 416001              9763 9252 8949 8769 8758 8938 93001004411093119611240812615
 416002             126141244712165120441218412524127711322313388126001149110434
 417001              9664 9279 9105 9088 935610250118191344314352148161498814966
 417002             148041469914496144091458514933151291546115353143841296011635
 418001             107171028310077100521028711300130421465915418157131587215818
 418002             156451554515319151381520315392154701575515700147821331611926
 419001             109621049410274102181042711392131571475515563159391607416026
 419002             158321572115486152531529015331153061552815547146611324411864
 420001             109031037710138100541029111223128121436415100153781543715291
 420002             150651495414699144281431714240141691453614838140201271011325
 421001             10323 9815 9574 9469 960110383117311316714169147841507615146
 421002             150151492214781146891482915013149421494214657138861274911568
 422001             1061410070 9823 9717 976210043106201167412981140551449614544
 422002             142801394213632134591352613727138171398814058134931251011372
 423001             10376 9798 9469 9306 9289 9495 98801077711936127741317213388
 423002             132011270012163119361192712084124231314013626129941188810756
 424001             10031 9671 9547 9551 983710923129111453315168154621562615571
 424002             154041527515018148261480214825148041515415602146511306911631
 425001             1066710214 9990 99711025911282132271476715158152161526515178
 425002             149691489314681144691447714501145931508215558146931314711748
 426001             108161035810168101351041211512135591529615867161021613516221
 426002             160601597415785156911585615998159741618316273152491368912224
 427001             112551077810526104641070111712137211536615739158141584615711
 427002             154651538515156149741492114856148151513515586147381329511858
 428001             108841042110170101031035711369133071494315468155621561015527
 428002             153131519514883146261451514334141831427414638140341286511655
 429001             1068610176 9935 9840 993610269109061200213070135751360613404
 429002             130261267412333121281210812235122741251013246127821186210788
 430001              9927 9424 9149 9029 9040 9176 94601026811268120061232912437
 430002             123231204311793116651181812078122941276513694130321175910638
 5 1001              9886 9535 9454 9488 983510906129811460815038151421520915175
 5 1002             149951491714707145391452814585146511500115243143191272611275
 5 2001             10331 9819 9584 9540 977110808128651465315205153731550315442
 5 2002             152091511614899147021463614481142221434515066143631277911326
 5 3001             10341 9885 9673 9659 994610972129431446914837149521502814995
 5 3002             148781486414697145561447414322140551422514966142911265511202
 5 4001             10235 9773 9536 9513 978410753127311432014795149921512715190
 5 4002             150951513114976147901467514469142481444415078142451273311272
 5 5001             10238 9733 9493 9374 959410577125791433014933152361553015711
 5 5002             157131582315713155621539115027146731470515112144731316411760
 5 6001             10620 9983 9644 9446 9440 9711103121158312870136401393013960
 5 6002             137881351413314132141322713267131591315813608131141202910855
 5 7001              9927 9353 9059 8890 8893 8894 92081015511368123051289213306
 5 7002             135591363613688138011406414298143431449415347148021332311968
 5 8001             109971049210229101241031311226133301541016590174781801818372
 5 8002             185021871118656185581834817857174181729417513163721439712672
 5 9001             115791096110635105151064511482135311546916429172381788318377
 5 9002             186251892818907186481835917903173091696417074159901405212387
 510001             111751057110232100671018411066129901468915184154331558015545
 510002             153801537015304152731544015615155671556515332143131276811369
 511001             10444 9983 9784 9701 991510918129711464315159153021544215479
 511002             153741536515248151231507014909146161455615194145801301911532
 512001             10474 9935 9683 9634 984510718126731431314940152251542615437
 512002             153461530215067148101462714366141991415614483139141268311345
 513001             10286 9693 9392 9217 9258 9524101931141012627133591366413621
 513002             134081312012846126991275312903129901315013396128861186810765
 514001              9844 9295 9002 8838 8823 8863 91931011611240119971231812397
 514002             123041208511925118671195212082121391241513366130381178410471
 515001              9602 9201 9069 9047 932410192122801404314719150531531715381
 515002             152921531215118149481491614825145531451415140144061277811268
 516001             10228 9763 9568 9540 983510718127301432514815150061520315246
 516002             151761518615052149241489614751144501441815036143771270211216
 517001             10259 9766 9550 9453 966510558125871427814852151451540615537
 517002             154871556115430153071522015024146471453315107144991293411359
 518001             10332 9806 9584 9490 969210712126801447215162155271586315982
 518002             159441597315843157621579015673156201572015499145851312311652
 519001             1060710060 9821 9669 986010776127491452915197154911565015601
 519002             154531540015187150381506914991147151450114599140391286911569
 520001             10512 9926 9665 9544 9599 9821105201168712812134141358113442
 520002             131351286212696126481278012913128511288313244128281187510808
 521001              9913 9359 9097 8952 8943 9078 94221032911423123231276312965
 521002             129181267812423123761260112931131231338413731130481175110563
 522001              9748 9383 9248 9233 950510487126001438015026153361553115573
 522002             154631541815237151041517215223151171512215309144391285611348
 523001             10374 9878 9662 9595 982210750127661443914997152431542015420
 523002             153371535315224151081509114999148011479715227145341290111374
 524001             10377 9871 9664 9592 980110757128501469915366157191594415978
 524002             158581590915794156741568515502152121509515331146061309011563
 525001             10512 9975 9733 9637 984210741127761457315204156311593115995
 525002             158951589615707155841549315236148851472515197147901324211634
 526001             10524 9950 9664 9543 974410477124961423714979153341557915632
 526002             155371551015307150571487414609141741390714240139431269911274
 527001             10156 9559 9236 9039 9040 9107 97461092412186129031314513105
 527002             129331267912479123491235612457124321237812801126861168310547
 528001              9667 9117 8836 8671 8630 8531 8923 980110894116961210212244
 528002             121711193311682115431161411761118371193212374121581125110193
 529001              9375 8869 8646 8555 8571 8601 90751005011218120711243812585
 529002             125321225811976118671203712318123821251613158129011152810220
 530001              9420 9057 8920 8933 920210088122801412214816151591539215453
 530002             153841542215307151831516615050147171450814939145961292611334
 531001             10333 9788 9574 9493 969910518125901429914856151751544115585
 531002             155731568715624155471555915375150191480715200149061325111604
 6 1001             10527 9948 9752 9608 980310612126601444315240158121635816760
 6 1002             170141736617605176081763417389169531660216858164521472912870
 6 2001             116481092010549103401049411156132271516616118167861736617783
 6 2002             179341823118383184641840717866172181666716230155281414612697
 6 3001             11500108161035310048 9911 9927106531198513223138921407514002
 6 3002             137721347413268131971324713275131551297013229132181217210947
 6 4001              9953 9458 9071 8885 8850 8716 91431006311285122611281713101
 6 4002             131201291612669126631277013009131571334713714132141190410685
 6 5001              9832 9478 9314 9282 950410405124731428014973153461565115769
 6 5002             157371574815596154511539915269150411493315158144971292211411
 6 6001             10324 9823 9587 9512 973210574126401446515157155051580815917
 6 6002             158461582615675156581586615968157901557715440145341291711504
 6 7001             1052010045 9828 9745 994810861129261466715253155011565015644
 6 7002             155471555915434153151529215147147961454914873146831313511546
 6 8001             10480 9922 9676 9584 977410538125961435915038154901584616006
 6 8002             160361618216112159611585215604151701490315294149541339111862
 6 9001             1077910174 9895 9805 997510735128301481015895166011705317224
 6 9002             173031745417466174161727916906163721596216121158681448112960
 610001             117291095910521102511020610293111021263014333155571635816735
 610002             168201677716804168311691916792164721601015964157021435212876
 611001             11675108621039810096 9932 9779101821121612561137541455915116
 611002             153801530115029146121425514131141031411914390138541253311196
 612001             10247 9780 9557 9493 969310591125441439415190155991587215935
 612002             158361574015551154061545315430152001501315106144161286111385
 613001             10376 9840 9609 9520 972310512125061425914936152351550915567
 613002             155591558915428153321531615255150231493215041143681274611286
 614001             10311 9856 9630 9522 969810560124931425914964153051555015661
 614002             155811559315455153031525515076147581463014933145991306911592
 615001             1058010006 9747 9640 983010679125861438615208156821602316162
 615002             160921613316044158961591815765154701533315637151951372512182
 616001             110851047410200100811026911045129781497616287171981790218464
 616002             187331912619304193441938519077184801789517853176791622314537
 617001             131231226911776114931140511479123741403615873172911816018562
 617002             186371857918478181361771017261168931644916306161141479913198
 618001             11886110181051710176 9975 9787102301119512361132991384814127
 618002             140921385913585134221347613561135491355713954136011246311197
 619001             10375 9923 9724 9690 994410801126091444215561161981669616902
 619002             168441686516729165891655616343159081551715696155781400412313
 620001             111471046810138100091019610851126891459315794165321705717331
 620002             174131759017630176431767917422168851637316440161901449612756
 621001             115281087910532103721051311166129301484416084169711762117926
 621002             180571819018140179981789217512169291653316714163511487913342
 622001             122001159211277111481133412102139141594817261181591882319232
 622002             194431971819861198631983119450187821821618139176901598714170
 623001             128251199711556112921137511930136391563716928177241824418451
 623002             184501851918448183641825417860172341660516457162661484313265
 624001             118831108410613103411025510321111121255014023150711564615845
 624002             158241571815611156131570515711154671511215144151101402212693
 625001             1144010756103661013210056 9968103961139312762139621494115713
 625002             161921641416598167651691916953167381640216596164631521913769
 626001             128621224411896117551190612668145331666618159192291998520457
 626002             207062090220974210362111620804202541977419732192711743215514
 627001             141391336112942126991280513495153851766519142202872117421741
 627002             219192190121463207642008319435186991803717784172731554513777
 628001             125001179311376111881130711958136091539816645175031819018538
 628002             187111899519063190091900318710180781749517541172421562513870
 629001             126031187611504113051145412229137951552016616173401788318097
 629002             180691805817918177711775917478169781651516605163101474413104
 630001             119001122210852106981083611488130971499116271170831761017798
 630002             177411774017572173841722116872162941572215602154071410012610
 7 1001             113021057610134 9894 9810 9792104501171413058141281470814949
 7 1002             149561483614744147591486714956147911447414428143951342612168
 7 2001             1108410360 9959 9701 9575 9418 98701088412196133891426614860
 7 2002             150781510715134152331544115594153971501315136151931411812744
 7 3001             116781100510616104381046410743117211327514765160321698717561
 7 3002             177711785417826176721758517406169391647516377157821458113272
 7 4001             120851142311022108041075310803112261220113517147541561216133
 7 4002             162601604215799157781602016167159411567615784155591462413351
 7 5001             121931150811103108551090911401129261508316565175361818918527
 7 5002             185811864318589185231849518217175731690616621162271456412815
 7 6001             115031078310399102051028010783122861409515300160901659816868
 7 6002             169961713217145170351687616529160101554515613154051398612398
 7 7001             112391060310258100961021510740122111397215245160311658916769
 7 7002             166951668116498162821604615652151501464414597144111320411796
 7 8001             1065910017 9658 9447 9437 9535101321134112625136111410414195
 7 8002             140581386313707136551372713802136811342613586136301266511460
 7 9001             10463 9862 9574 9385 9319 9285 95521036111485125171326713791
 7 9002             140251401013877138091391214137142301431314626142561324312142
 710001             113631088710727106681089711762134611551116858180101904319613
 710002             199452021620232200941994019493188171818418021175271574713881
 711001             125371169811259110201105111592131791507416237169701754717826
 711002             179271813118196181731820117938173671674316647163491473413022
 712001             117911105210637104851059711218128161471215940167931742817776
 712002             179791823818334183581842218243177511714517063167991515413364
 713001             120801133510927107221080411408130321500116369173361811918553
 713002             187801900119032190171897518613180101747017541171891562913887
 714001             125841185611458112411133911926134441539716790177591851218899
 714002             189901910719066188611862718066173611670616728164291512113632
 715001             123551161611189109711095011135117281289214259153021588115980
 715002             157801544915104147891464714588144341429614536141971329412225
 716001             112481064610292100851004710090103461116212429135991449315079
 716002             153921536215315153461550215622154671525615522152731401012653
 717001             116491104110725106161079911593131281498916183169381756417874
 717002             180361819518245182161824918038175361706517146166591503913397
 718001             122281155911236110951127412095137581573317061180881897919546
 718002             198702010620041198371959419244186071789117656169561505913223
 719001             119011114910717105131064511311128181460615636162421656916700
 719002             166461664216485162921619615973155761529115444151941372112246
 720001             111751057810280101391030410944124981431115400160721657816760
 720002             167481688116849167451669716447160081556415664153851391112299
 721001             111621053110203100651022910867123741428315590165011714217440
 721002             174951763317646175001737216981163771595416102156421436912934
 722001             117791111610729105001047210711112511244913868149851570415977
 722002             159311574215555154231541515326150091461714732145011339412129
 723001             1101610312 9899 9663 9593 9513 98031072011950129271356513916
 723002             140891399713975140451429814508144401428714716146521344212103
 724001             111321056910325102111038411103126561459315949168621756017953
 724002             181031819818175180151787417543170281667516924163411469113097
 725001             119081127810926107881094711718131991499916178169121746317611
 725002             176161764117482172641713516842163781601116138156421412912624
 726001             115211093910649105561073911544131211487816011166121703417165
 726002             170651706116855166231658416506161621592515914151961377612333
 727001             113161071710425103121048511357129021461315725163821688317046
 727002             169531691116715164711640216282159881576315869152121382412372
 728001             112811067510386102451042911216126941442815582162381675216901
 728002             168731695616824166541649316245158471547115709153341406012658
 729001             114711076010360101451014110326108921210713560146891532715517
 729002             154461526915062148581480414783146451454914879145571352212328
 730001             11290106281024810002 9914 9977101981099512187132761406014520
 730002             146921454114333142441433014511144981454114880143561321112027
 731001             111441064210440103831062411525131321491016100168441735017486
 731002             173561729817044168041675716628163401607216218154581394612440
 8 1001             113401077710475103531053111326128911469615792164411694617193
 8 1002             171751719017040168811686616794164971630616502157951431412835
 8 2001             117371112210812106751083511704133091513016273170581763517998
 8 2002             181641846718603188691910319048186941838318615179661633314609
 8 3001             133281259612195120221219413060146871660017885187241951319928
 8 3002             201252033520359202242017319853194131928719269181461631014579
 8 4001             132351245112000117791188912600140091583517057177931837518668
 8 4002             187611890418894188831856018105173691679416960163371494213382
 8 5001             120321125010768104881042910604110531223413704148261542815588
 8 5002             155181537415252152101527115271150471474515061146511349812262
 8 6001             112031053110135 9897 9774 9756 99641087912174133281407914549
 8 6002             146981458214450143431447314635146741484015250146841356512385
 8 7001             115741113710947109331122012202139611609617601185531929119777
 8 7002             201592074420964211032127721202207592026120482197051773315781
 8 8001             144221342712913126351271313438149491705818730198332072521188
 8 8002             214292170821736216452161421294206291995120036191101715415263
 8 9001             138881321312733124941260413416149911685818100188691949820009
 8 9002             205602119521462215662165121429209122047420665197831793916077
 810001             147211391713286129151278613510149001675318193192311998620351
 810002             205002072720800207942076520447198051917819359185051668614840
 811001             134261259812129118741193812662140001585917311183191909719493
 811002             196161974719554192351896218482178611752917563166971528913755
 812001             124531168111232109871092811172116221269613921148601537615437
 812002             152331495714683144481435814316141381404414433139641292611830
 813001             1088410265 9935 9736 9694 9794 99871078111914129051354113887
 813002             139601384313619135361368813908139651407614497139101280211647
 814001             107941030610123100881031411180126731436415575163261685217051
 814002             169571692816755165961658516562163091622516257153141384012465
 815001             114501085510557104601065411516130931484215919166801720117460
 815002             175071760817607175501757217401170071682917169163521477113213
 816001             120621137511018108841105611896134491525616455172231788218336
 816002             184821865618740186771840218007173761691417102162261461913017
 817001             118401111210752105681069911493128821460215789164611695917074
 817002             170521713417080169681686416626161521591816327154621390012456
 818001             112221054010197100481018310912122511391915103158901643316617
 818002             165891657316367160831590515721154851545615452146411338512075
 819001             110131040210044 9864 983610149106451177913111141201465114749
 819002             145851434914129140031403014025138591383514287137341265511495
 820001             10520 9882 9535 9305 9216 9303 94691025611402123691292813183
 820002             132011301512864128371299713223131821326813924132851208010930
 821001             10100 9671 9472 9429 965710518119341367314910156801630716552
 821002             166011671416651165481654916377159621586416211151841355112076
 822001             109811038210079 99491011510897123401401815170159351656516873
 822002             169631715817158170681703816793163131621316543155431389312426
 823001             113441074510440102771044311262127541450215697165311713917373
 823002             173911730017091168461674516690165401657016186150761378112419
 824001             113551079710533104251059611430129041470115960168671756617915
 824002             180801827018290182281814417811172841713317384163891474113128
 825001             119231121010832106141069811440128211462015932168391749717825
 825002             179071804518022178951773017312167181645516643157201426612803
 826001             116591094010519102861025710520110181217313693148661554815789
 826002             158001569915664156421573315694154121539215645148851369412431
 827001             11371106621027610009 992210028101631099012344134871431814984
 827002             153781545615487155671578215977158981621516648157801438812995
 828001             120551146011157110431121812098136801547016698175711815318431
 828002             185151862118570183941833017988174581750217583163801459912975
 829001             118071119710819106711081911716133021499416142169011749317768
 829002             178971805118034179601786717508169321694917053158721409712508
 830001             113711081210483103481054911530132891490815890166311726917649
 830002             178411814818298183511841018275179171813718366172811548413802
 831001             126511200811657114901167412694145811637717511183921921319853
 831002             202592071820924210172105720728201422015620272190031709915297
 9 1001             140001332312861126241274413631153871724718658196992050520926
 9 1002             210702129521369213582122320769201022004319944188231717615475
 9 2001             141141333612844125531244712669131741408715410164061694217044
 9 2002             169111651915973155891547615415152891552715380146261352912365
 9 3001             113491080110403101961010810245105411120812341133551400614452
 9 3002             147391476614650145751462414736147531511715188145351355312472
 9 4001             115451099710701105201054910811112471204213350146631558116045
 9 4002             161191586415583153401524415330151761538915113139181234911039
 9 5001             10145 9632 9406 9322 953110539124551398614743152271558615731
 9 5002             157381581915746156531562315528153131574215759145561282211366
 9 6001             10416 9922 9666 9586 979810804127991426914846152681564215753
 9 6002             157491584515776156981573515664154591587915861146691296911407
 9 7001             1051610015 9785 9700 990010897129261437114965154231581715968
 9 7002             160561625316226161611615416023157571619116122149251327811783
 9 8001             1077510244 9980 98861008311057130041454715288158001628316571
 9 8002             166721686616878167581655316152158321625016106151921380612421
 9 9001             113191073010357101611017910504111201230313816148991558915867
 9 9002             158501569915453152441519715191150901547215369145381332712094
 910001             110381040610048 9826 9735 9824100481080712053130991371714147
 910002             143721435514280143411449414651146491540015303142231280311490
 911001             106691019810013 99521021411306135091509915870164801706317413
 911002             175961782817833178081776317489171211755917198158351414512632
 912001             115731101710725106141082611881140221564916408170271762118005
 912002             182031851618612186161863318362180321856518235169821517713591
 913001             125201195011653115011168712722150351666817396179821840718627
 913002             187301885318767186471851518115175431782317397160261416112506
 914001             113681078510430102771048511450134611492115698163521693617161
 914002             172421746917450174101728516953166401717716854156311391012393
 915001             114181087610590104931069811769140391587116620170941740517386
 915002             171921709816883166501643515995156091593415461145151317711790
 916001             1070710062 9704 9535 9545 9882105011154312862137071404614040
 916002             138291356413305131651318113295133351394913678129691194610855
 917001              9941 9407 9117 8969 8923 9116 94171013511269121531261212845
 917002             129071278612628125911284113170134711434814202131651187210692
 918001              9924 9503 9347 9328 956210644127741429915084156671619316478
 918002             165891677616717166761665316481164211706716523152441351011979
 919001             109361040710148100381023111281134921495815642161411660016881
 919002             169541707817038169811706217089172651750216845155801392112421
 920001             114291094610687105781076711840141901582016489170231755117843
 920002             180511842818557186551867918403180511858918041166331476013054
 921001             119301130410959108161099712092143311591216725173591768517600
 921002             174171749817368171691705516714164771703016502151781347411889
 922001             1078110203 9917 9807 998510973130291446815127155431590915973
 922002             158771591915806156721547415160151061556215069140691278011432
 923001             10367 9822 9522 9350 9382 9763104751151412805136191399013944
 923002             137801355213363132701342113723141401433213878131691216411143
 924001             10361 9830 9551 9414 9415 9620100871079412068131451381614176
 924002             142781413913945137961390214214146551492214391132901193410730
 925001              9989 9541 9361 9327 960110693129051435214907151911550115550
 925002             155061552015389152381532715528159661632115681144431276111318
 926001             10402 9825 9594 9522 974410871131701470915221154891575115732
 926002             156201556515459154641566515936162771643615782145521282811362
 927001             1043610081 9868 97891004511142134371479415161153781557615631
 927002             154811560515524154411549415528157901641715826146571303511518
 928001             1052310030 9796 9714 993311004132731470115158154581572015731
 928002             155661550615286151081510615160156121624815753146771309611600
 929001             106501018110019 99551024311355136611506915446155451560515477
 929002             152101512714896146501456514554149251545214988141541290311587
 930001             1055910032 9799 9671 973510172109581203313215137661388413687
 930002             133761305812768126211269112946135101408113618129241190010813
10 1001              9953 9459 9193 9061 9064 9289 97191043411548123411273412876
10 1002             128511267512514124811272413152139311462914179131111177610598
10 2001              9882 9495 9333 9305 958810725131351465015178154391571915838
10 2002             157951586815745156121558915703162151662115933146701300811486
10 3001             10424 9943 9681 9635 986510897132551462315040153611572315942
10 3002             160441627416334162951624316125165181696016227148631318411641
10 4001             1067310123 9843 9737 993510995132991467615164155671590616010
10 4002             160151610315955158711600216291167411672916006147771311211617
10 5001             1063510116 9852 9757 998111066133611475815188154891572115752
10 5002             157271571815584155671579216153166041647515841146941311811684
10 6001             1064910166 9883 97901000811040132761498415657159661618216173
10 6002             159941591815716155401557915655159531571815097141531282611484
10 7001             10434 9834 9515 9378 9410 9809105931156912783134531361613510
10 7002             132041286412582124141253612935138231399013548128361188110837
10 8001              9963 9461 9214 9092 9115 9358 98591059511746124291270712766
10 8002             126521242112207121521240512892138621410513662129041191210899
10 9001             10154 9766 9613 9587 978110536119101330214440152351559515628
10 9002             154381527615006149351523515691163821642815778146501311611689
1010001             108161036810203101801045311632140611555015877159391596715889
1010002             157361568615570154701557516006169231705616368152321359912105
1011001             111251065610445103841062611720140901550615704157121575615661
1011002             155181549615297151541519115408162271646615838147071309011611
1012001             106591020910013100261036611506138961527815487155461566315609
1012002             154901548615373152451522715360161541637015702146061301811542
1013001             107771028810087100421026511360136811500115352154961566715679
1013002             155761557215409152271504614976156421564115017141201295811631
1014001             10448 9867 9574 9406 9448 9860106991170512914137031400913953
1014002             137091343413197130451311213371142821431113784130361198810938
1015001             10032 9469 9182 9019 9011 9188 96371025411400122691272412980
1015002             130101282712638126131287013410145301468714098130471175810630
1016001              9871 9480 9322 9300 959810733131401478115327155791584715921
1016002             159181594215802158331618216730171421680216055148121319411736
1017001             107721028210054 99951022311348137451527015579156601575215691
1017002             155611549115322152111541115938167651661915963147731320811735
1018001             1072710200 9962 98881012511226136371534115695158711604916048
1018002             159561592015806158451618416611170021662315949147691316511683
1019001             1069310196 9983 99011013111233136131505815346154921567215630
1019002             155191544315268151161512015397163531635115785146591314311673
1020001             107231024710031 99951023611377137471517215476155581561715554
1020002             153531529115092148601473814848156481548414884140291284711522
1021001             1055710010 9747 9621 968010093109891194113078137231394013841
1021002             135541325412998128441293213335144291433013768130201203710983
1022001             10097 9468 9164 9033 9041 9266 98061045811556123511273112835
1022002             128061260012364123091262613324146521475814214133171205110956
1023001             10212 9849 9767 97921015011407139341545015726157781583515714
1023002             155391544215244150981515715672167971666015964147761316411720
1024001             108271040410198101501040511570140021546115590156111569915636
1024002             155281552115365152591530815684167191654115812146021301711578
1025001             1061310116 9845 97801002011154135921507215273154041557515604
1025002             155281557015444153021529115575165851639615727145331295811508
1026001             1052710024 9832 97781000211131135781507315304154341561515678
1026002             156841576115665155341550016005167801654715842146481307311638
1027001             1065810131 9879 98201002711091134491503715340154941566015636
1027002             155191547215282150651503815419160321559114957140541281411516
1028001             10503 9914 9633 9480 9530 9930107961185512983136351387913753
1028002             134391311612849127591299013766148141458014098134521255811550
1029001             1076510156 9831 9793 991310275108831201013009135681385513995
1029002             140261387313805139841486216219161341570515024139051263611552
1030001             108191051810408104531082312145145441597416333164441654316463
1030002             163251624916115161841691718021178891742416659153711369712116
1031001             113561087010661106221091712130144651588316116162031627516196
1031002             160831601215896160101676917393169081650215927148231320511862
11 1001             109991056310396103641070811911141401544315685157431577015657
11 1002             154431541015271152241600317399172671674715975147081311311714
11 2001             108351043610234102301050811774139571520215443155351553315495
11 2002             153911534615180151491586617142169731647715728145341299211588
11 3001             106991026610052100221029911489135981491215226153321540415336
11 3002             151571509914917147601524516382161131552214879139571270511503
11 4001             1051610043 9777 9655 972410183109771206113076136331372313587
11 4002             132711295812700126801361114957147251416213587128351187510859
11 5001              9992 9533 9270 9188 9229 9480 99841084411982127631321013485
11 5002             135761353713504136701467415736155861510614405133721213811002
11 6001             1034010023 9889 99321028411539138371516015537156701574815703
11 6002             155721551815367153991629317600173781685816104149181336311972
11 7001             110871062910423103861072011947140291518215429154851554715485
11 7002             153371528515126150981588417168169661649115783146301318411854
11 8001             109101044210207101401040911623138611520315536155981567715583
11 8002             153911533115146151461606617321170641653015796146091302011652
11 9001             107641031710109100771037811554137981515815471155741566915606
11 9002             154541543215318154781642717250168781635215653145361307511738
1110001             107741028210013 99281016511116129111446215403159181615316226
1110002             160941600815827157871639416871164221575015039141171293411708
1111001             1072710137 9833 9684 974310137108731187013190140571439914361
1111002             140281364413406134131424215226149451442213887131321217311153
1112001             10266 9739 9429 9296 9308 9561 99611070111727124621276212910
1112002             128351261812445125671382315352152861486914276133091207910940
1113001             10222 9889 9764 97881012211353136751517315658158261593615912
1113002             157961573915642157961690017742174501689716102148951327611837
1114001             108931039210152100731031911480138001526015552156821588015957
1114002             159001590715821160811708817700173771680716027149081327411903
1115001             110111056710390103741068011928142261543815671157021576915702
1115002             155731558615505156071672117841176071714716481153431372612295
1116001             113591087710656106381093412146144521564515832158011584515720
1116002             155131544415282154271666217658174181694016298151371357912123
1117001             111221061510339103051056711724139791524315466154971555815468
1117002             152611516915050151031601916901165771601915452146111342512222
1118001             112551077510532104811059611134120111303614064145741465414477
1118002             141251379413620138481497215916156631513514583138161288511826
1119001             109681044710186100831013610452109971175112704133371354713552
1119002             134601329313212134841495716199161441581515266143251310511987
1120001             113091100110899109321129012573149321634716665166321659416383
1120002             161521600815784158881714418324181241763616914157451412212649
1121001             116911125011068110831143412682150421629516486164341641816295
1121002             160901602815927161201728718317181641775217133160461446613029
1122001             120491158111392113861169812882150651640216845169621696816851
1122002             166141653416328163131740918339180281749816872158931443313017
1123001             118711133611098110111107611521122701324814344150371528415163
1123002             145371361812853126391334714038141401425714181137591301912172
1124001             114991119111087111151138112076130941401214822152711536315274
1124002             150221472614558147341601717069167911633515806150431407512993
1125001             121481172111515114771159112022127471361814699152541534615153
1125002             147981442314182143761566816572163841593115408147071371612599
1126001             116791118610887107431074910967114441213713287142801479415044
1126002             151551510214955150211590016475162791569214964138281255011370
1127001             106051022410078100971044611685140681550015871160031611716064
1127002             159151587315777159561717718084178281730916583153761372512233
1128001             112411074510479104381073111932143091568915922159681598515902
1128002             156851563515608159471721218068178051732716627154601375812264
1129001             112901082810609105751088212138145641585816048160261599415875
1129002             156901562115499157121706118182180001753616844157091411812579
1130001             115481108510849108201112012347147371632416688168391694916879
1130002             167141662816461164861767218642184341796517330161551449912997
12 1001             119081147111245112181153312768151211644916679166661668416562
12 1002             163201620516044161611735718281180171747416916160651483013442
12 2001             123731178811512114411156812106130351405715154157101576815572
12 2002             152111486414650148731629317531173581687916369156991468613565
12 3001             126261209211834117571183712150127441345514393149601511515001
12 3002             147831448514256144831617617563176471740116872158451444313076
12 4001             122711193611849119061229913596161121747817607175151731617069
12 4002             167271647316227163951785519221191601876618113169311517313595
12 5001             125961213711969119741227213496159171732117444172411697116713
12 5002             164391633016225164331787519053188981846017816166051492513385
12 6001             124751207411935119451232913599161011742117547174871741017241
12 6002             169641686416730169811860219788196721925818619174671574514127
12 7001             130851263912425123781265513873162651776217956178591770017527
12 7002             172271718317045173081876319960198491943518872177461601914390
12 8001             133951288812657126411292414125165051811218477186061863618516
12 8002             183081822218055182001935120088197521911718445174401607514548
12 9001             134081280212496123741247913033139461502816109165771653216287
12 9002             158231545315213154151702818253180321759417118164721546114250
1210001             132401265212408123061238512676133031405015034155741560215509
1210002             152651497714850151861688918051179981763917050158731431112935
1211001             119031146411281112741160012855152341685217215173221731117156
1211002             169291679516611168201828319371191941869817930166351480213058
1212001             119121136911122110411129212437146161640316576164431641016399
1212002             163711637916346166261820019659196051922918659175311577714122
1213001             131201265912498125081286914135166811805418150179891790917600
1213002             172971712317021173111888220053199141950918860177141593014163
1214001             130251247212258122211252613713157831735017985183421849918472
1214002             182321800717727177191884919822196071911018385171841544513789
1215001             126921218011998120201237813615160581749217694175961742417129
1215002             167781662816447166361808519190189551843317824169901568814164
1216001             129241223111868117421181712256131111418915383161111632216199
1216002             158571559115485157471698217671172731668016049152611416912840
1217001             116721095710522102991026410518110281181712924138931444214694
1217002             147541465014619149101589616609163881599915477145401323311937
1218001             110651069510621107121114912469149751655416882169611693316803
1218002             165811647216319164561796919467194831912918571174531573313963
1219001             127881222812002119621226413496159431748217626175011726717074
1219002             168311672316571167631823919483193931896918350172241547313752
1220001             125881199811759117421203213211152791690117547177501772017590
1220002             173631727617119172441866520031199801962719063179621627814559
1221001             133251277312559125621290114115165061790618096179541770417383
1221002             170581691816762169101829719606195371922318644176261604714294
1222001             130281239412076119911221813267154191704017576177841771617499
1222002             169841663316344164471778718968187201820217793168951569314258
1223001             131131253612266122081232012779135741454715666162721633216109
1223002             157091530715075152201666118093180431770417316166851561214277
1224001             131021242712057118991192112200128151361614720153451549515409
1224002             152041495114868149241597116814162631565815339149941445213531
1225001             125771191011554114461155411925126471346814393149471515415248
1225002             152051488914427144241551116562167221678616734162751526314128
1226001             133011289412767127491297513738151021632517214177421796817943
1226002             176931738617094171101846019785196031912718511174161586714387
1227001             133231279412582125411276013655152121650317368177811779917661
1227002             173761713116943169971835119584194111892318338172671572514218
1228001             131781267312473124491270013614152501666317470179071812918155
1228002             179841769917425174231863720013199171943718792177501619214683
1229001             136181308912840127951305813932154571673917428176411759217279
1229002             168441648716154161081730918604184271792617392166101536414013
1230001             129381233612028119201195912301129421387915007160161648716693
1230002             166961654616360163861733418194178411715416454154171426013017
1231001             119761139511139110391109111328118191241113329141211456714815
1231002             148491470214574147261605917484171941644615735150761431813619
