 1 1011             128191218411753115641158111795122861253013193138981440914606
 1 1012             145121424614021141791556217285173011701616425154921408212895
 1 2011             121591185711782118711226213635159821748517718177521773017598
 1 2012             173451716116984171401828619833197551938018667174781573914334
 1 3011             133961302412875129001325414479167561809618128179701781017521
 1 3012             171711700316799168681794719566195741914918514174031567114218
 1 4011             132841284212649126501290314040163371784317988179531788717570
 1 4012             173041718017002170661807219426193771902518443171321550614040
 1 5011             131411269712525125381286314046163551774617883178541776517530
 1 5012             172981722717096171781801618909186461803217393162781493013541
 1 6011             124671192311641115191161512061129151394315015157531604715992
 1 6012             156601530115119151641610017217170081648815921151291411313045
 1 7011             120951154911317112281128111588121761284713801144591470714756
 1 7012             146181433914168143751568617186172031681516234151791386412709
 1 8011             121151169311608116331198213234156331722317429174291740817283
 1 8012             171311706216929170191791119194189951844017622164321471813227
 1 9011             122471178811591115661186213058153641695517227173041743517409
 1 9012             172171709716943170161800019375193011881218112169371528813850
 110011             129321254312394124641289814208167271819518241181971811617928
 110012             176421747517256172781824919777197481930018643174071580014360
 111011             134471303512843128001306614226165981802518145180491795917657
 111012             172771708216784166671740518975189341852517942166261502913585
 112011             126621224712072121011242013625160291741517543174551740117202
 112012             168771666916420163801705918343183351786217372164501524514043
 113011             131211267112470124281254613004138081476315883164431644516093
 113012             155071502514654146091545316898168231634015810151091415713130
 114011             122621177811537114381149611770123151293913860145351475514790
 114012             146561441014210142811528016621165631611915505145901352512496
 115011             117161133911167111461141412323139211541116450172601782017944
 115012             177141771617655175321824619217189941840517699162921470613321
 116011             124021195311714117001198213161155281699417183172141720717084
 116012             168731670816419164301723918533184691800717327160071439912969
 117011             120441161911450114411176412931152971672816804167781680916723
 117012             165611647616312164571727218661185871811817509162891475713403
 118011             125201214812019120611244713710161811762317730176181756917437
 118012             172801719717049171151795119086189751846417745164811487813415
 119011             124411195411734116911195513069153221694317266173891749817512
 119012             173501724717046169491751018252179561735116578155681426713031
 120011             119931144411181110711117211601124351352214775156991610616092
 120012             158311575815536154901621317311171701658716002152361420113171
 121011             122611173211512114821157611890124471312314232152501578315898
 121012             157261534515023149991581017608177861734916698156781441013321
 122011             125681226912237123141268513989164331783318015179021774417460
 122012             171421692416668166331736719050192201879118112169361532113964
 123011             131101273512621126601300614272167051813718282181161787617522
 123012             171661689416596165761726918874189761854717878166941504313681
 124011             127731239712239122331256713801161781748617557173871720416915
 124012             165881642716269163141698518446185201811917472162731471213336
 125011             124761206511884118821219413373157891722117345172241710716864
 125012             165381644116265162861696518462186211827817684165351502113636
 126011             127651237112254122831264413867162671764617766176041748317176
 126012             167861650216153160691664217997180431751216910160031477513490
 127011             124901198211730115821165112070129091391515099158591603415891
 127012             154721509214885149131546216670166941621915672149111392912875
 128011             120131152511280111711121611536120831273313720143911468114744
 128012             146311436514123141841496316623167231620515768150241400912858
 129011             120761177211707117861218513488159761742117604175001739017188
 129012             168881661216335163331698418577187891835917625163481471513299
 130011             123951196711777117171197613122154571695917204173121748217499
 130012             173971734717222172711771218621184751792517109157851412212724
 131011             117901133111115111151141612604149461621716386163211632816331
 131012             162621628616194162981688618024181391770716994157631418712766
 2 1011             119111149611322113301164412842152071664316866168341669516412
 2 1012             161131593215778157811627817665179571759116897157711428712949
 2 2011             120311165111447114301174312908152351674317103171321704616796
 2 2012             164621627616024159221634017477174641695416324154511423913000
 2 3011             121011175311580115461167012156129981392715046156881584415626
 2 3012             152271475714460143731491316452168241643515937152571427213291
 2 4011             124631202011806117911187712206127521341714383149991525715383
 2 4012             152481499514725147891543516908172061686216282151901389412700
 2 5011             119231164011515115611191013096154391686117245173461745317572
 2 5012             175541757317388172981783519008189031816217196158881433513023
 2 6011             121661178511601115661183112862145621568116177163791649416563
 2 6012             165201638516223161331651217940182541774916942156861411312777
 2 7011             119211153411367113711168912900152241648316574165291651416370
 2 7012             161501602815858158531631717789182631788917218160561448613134
 2 8011             122521185111701116881204113259156521697017245171941711216946
 2 8012             167601672516599165831709318292185411811417335161431454113074
 2 9011             121121169811479114341170612835151721664417008172021729417229
 2 9012             169321674516467162501644717390174531684516125151891390112544
 210011             115281099510703105231055810911116901259113704143231460214532
 210012             142381390213651136801422815731164061608615641150191408613119
 211011             122881185711674116231173112057126111332614385150901543015574
 211012             154751513614905148991551417168179281762517142161441487713788
 212011             130911286112798128771326914542169641831618477183891823817965
 212012             175401729116974168161730618742193571895018180169371523413787
 213011             128211236612150120891236313554158341709817138169351677116571
 213012             162711607815823156941604317388180651775917166161161457813193
 214011             123391194811804118261215413376157361699917123170901705516957
 214012             168051670616491165071706218027180651754316742156061405512640
 215011             117231124011023109851125612418147401607916331163551639216366
 215012             161651611715966159451631017546181091778217121160501454213171
 216011             122651190611754117791210313305155821691217163170941699416825
 216012             165911649916336163421674417561176241705316316153521409812834
 217011             118161129611015108901093011363121251312014267149631524515248
 217012             148761456614382143441474516018168071647016001153871450813566
 218011             127821237112158120911216312429128901356514398149601514515108
 218012             148641442814079140021441015810166401637315888150981409113089
 219011             123631204611948119971227613092143641542216126165031661316459
 219012             160391571115396153261587617199176701720416425153321391012685
 220011             118281141811206111471141312466143401570116271163951641216268
 220012             160171581715527153111561316675173531694716263151891372012388
 221011             114791103710827108091111612175140131535115911161271626216286
 221012             161461608415967159901643417662185731831317742167291539514130
 222011             133261293212766127791313114229160891738617786178391786817709
 222012             174421734217222172371765118677191611875918028169221546314117
 223011             131991272512504124621272513697153501665717253173671722717022
 223012             166971648116167159841619717034176671722716649157531455813346
 224011             124761202711828117691189612406131461410815099156851584015619
 224012             151411465614301141701451315629164821611115602148621391012932
 225011             120581157111304111791118911438119301265313787147501545415775
 225012             158751566515368152741569616472167171618815390143781316212052
 226011             112441089210731107441104712247144271577116130162781638316323
 226012             161751607115858156811596917019180221769417007158421430012976
 227011             121271176011601116161192713126152011647316676166721655016371
 227012             161021599215791157481608017082179971769917086160211445912985
 228011             121581178011631116671201713280154291677016977169741700516909
 228012             166861656116310162101652717561186011835417799166471513913731
 3 1011             128911249712332123401263313846159791729917564175271740917183
 3 1012             168821676616568164941685117832186221834517658165701504913676
 3 2011             127051227212068121881253213713158301726317596176391758017342
 3 2012             170231685716609164761669317290179281750616861159561474013408
 3 3011             124171191211643115241159012031127671387914963156071570315505
 3 3012             151101473514444143461465215567163501601815525148081384912854
 3 4011             119931152311262111591121211503119331274013721144331472914835
 3 4012             147531452414362145101507416113169751669116071150451387112872
 3 5011             120561166711525115411184012850143821567416573171301749317621
 3 5012             174591719716773164811679917544176851693916016149251372212617
 3 6011             118101137011173111221130011945128041370514551149241523015659
 3 6012             157911568815566155291598216957175981709916214150561369912543
 3 7011             117831150111371113731169712877146711603616646168341686016797
 3 7012             165671638316128159511615016931180321781917191160491450513194
 3 8011             123631201011845118701219913429154971668516710165341644616276
 3 8012             160781595515759156881598516791178361764016992159181439313010
 3 9011             120721166811453114321175412930149931626616557165781670116675
 3 9012             165571651816400163791661517189177291728816558155321426813052
 310011             121161165411403112871136811824124001345114523151371539015314
 310012             149571452414115138681399614736158941566315192144941357012591
 311011             117961135911140110501110111397116621239413246137831393513950
 311012             137831355313459135641405414938160181587615369144011323912185
 312011             114901122411143112071161313036150291633616594165901656216374
 312012             160661585915565153771558416412176991754516908157231417012819
 313011             119261149711332113321165112843149011640416971171141719217105
 313012             168861673616497164271681417592180541767216923157101413812799
 314011             119351152811347113411161912757147591601816276162921630216183
 314012             160061590415777157151601016652176651755216870157771416512790
 315011             119201149011290112721156812735146741583816015159501594415809
 315012             155661551515343152811556716187171381691816325152111368012308
 316011             114341102710835108361116212322142261551115799158451583215667
 316012             153711518414928147541491015429162111593815363144991329412098
 317011             111741072610484104161052410963116611276313806143451440814193
 317012             137501333313018128891312113813148291461814170134981258111609
 318011             108431040410171100631010010352107491159512607132661356713644
 318012             134941317812933128901321613983153661548415013140151278911729
 319011             110261073510619106491100812209142741568315994159681599315835
 319012             155871542615165149851514615713168891690716261150721352012197
 320011             113701103710902109431126512439144401564815765157231569715518
 320012             152841515214928147801491015522167081670916101149931340812076
 321011             112611089610737107731109312294143881584316104160741611816045
 321012             158851584015744158221621416960175891731516599154371379212457
 322011             115791114810950108801117412321144451601816494167051690916925
 322012             167641666216508164831676917330178631753616822156201407312688
 323011             117941136411160111121138812432143251576816185163151640216313
 323012             161301603915806155911566015979167261651915923149741372112480
 324011             115481104610791106861076811132117741280713803143521448414336
 324012             140391368913444134371367714183150971503414565138781297012036
 325011             112351080210595105211059810775111711196812866134001362613657
 325012             134951317912886127961309013835152631555215085141081297611981
 326011             112741094310818109181130412529146831616916464164831650116426
 326012             162921624316115161701648717121179581781617101158911426712902
 327011             120861171811593116341197613124151321635216533164871652416405
 327012             161601602615785157081596016523176021766817034158581421312803
 328011             119911162111457114601178212877149181619516373163011622416079
 328012             157921564715392152691542515914170141716616612154831392012598
 329011             117481139111246112871163012773147991609616302162001613415989
 329012             157431562915486154691578516435172311714716441153501374312390
 330011             114911111710957109481126312452145841622916806171021726217254
 330012             171321702116826167151687417053173951706416295152551399612757
 331011             118171130111025109061092211204118761291213957144871472814703
 331012             144061401813782137391405614583152641513814597138591286111832
 4 1011             109931077110549103111022910390107241125812255132541391314289
 4 1012             143721416113928138031394614339147921557915553146241341412145
 4 2011             112801085810683106931095612105143461597416421164871651116455
 4 2012             162141609015883157571589416145163021685416785157331410812640
 4 3011             116031121911043110491136112596147851609816258161461610715930
 4 3012             156611554815283151421520215391155271626916256151951373112288
 4 4011             113741094010751107491104812204144261585516051159561592615763
 4 4012             155111536015076148351479514825148861571716033150761350812098
 4 5011             111991081210636106461095312118141341546115615155241548215331
 4 5012             150571493114697144391434314320143621520515438146111314411773
 4 6011             109821056810398103741057211731138751540815802158161579315698
 4 6012             155321555915455154251557015656155641567815324144941325211982
 4 7011             109781046910200100951016210557112811237513601142521433514080
 4 7012             136141322812905127251281313113133651394614048135131258011557
 4 8011             1072410183 9890 9801 981810058105441139312540134721400414341
 4 8012             144031424614016139501414114468145601508314979139111263211422
 4 9011             105941022210059100421030211483136761527815638156321564415535
 4 9012             153511526515032148191473614723148451567315677145401284811394
 410011             1047810030 9817 97561002011174134021493215230152561532715272
 410012             150831501714836146161456914528145301521515539144501293111514
 411011             1058210157 9952 99041026711449135361509715454154111532015236
 411012             151691505414909147841486215078152281572015753145751289611612
 412011             1066010220 9996 99561022911383137741542115896161441631316237
 412012             161011596215738156281563015708157491594015718146141317511796
 413011             107691027110009 99161009810967125091386514688150341510915017
 413012             147941450814196137951364813694135771394014297136181245211218
 414011             10262 9727 9481 9404 9480 9835103791146612656133881356013394
 414012             130161263112358121381214712256123581296813530130281206810953
 415011             10016 9497 9224 9120 9158 9406 97681059211516120961224912230
 415012             120321153311040107801068810779111081212912912123111133710372
 416011              9689 9374 9244 9243 951810470120161355914373148101499414990
 416012             148231460014301140251397614035140721469514983138811255611315
 417011             1046110055 9878 98731016811267130041451415164152621539615326
 417012             151391498114783146431469514791147981524115302144291288711546
 418011             106751019810003 99821028411384133221491215780161381608816088
 418012             157571547615147147921461314485145161507815566146981322811920
 419011             110221059710422104461074211755134461486815384155481559615449
 419012             151671501614719144291434314269142671477715258145091309811764
 420011             108911048310303102911059411609131561459215111152931531615217
 420012             149281477214504141661399313800136761402314301136621245411178
 421011             10250 9735 9456 9327 9380 9730103091136112489131921339313269
 421012             129931265312355121801218512304124201288613226126251162310587
 422011              9726 9219 8926 8804 8765 8952 92061001711075119061235612576
 422012             125881247112312122821243112659127761325914172131861187210706
 423011              9841 9425 9199 9156 944410404123471407314744151661551415633
 423012             155861563215493152981525115045147841502115532145091265911270
 424011             10307 9814 9562 9454 968110745126921425914976154201577716048
 424012             161271631016308162861619715993157391576215772144401279311277
 425011             10269 9771 9482 9378 962810739127081425314864150641513315105
 425012             149431487114646144231437714356142801465015019140641266911171
 426011             10317 9885 9694 96711004611157130111454214940150811512015084
 426012             148711482014624145341443414284140951441715094143141256011312
 427011             1069310123 9850 9761 996311068129581453515024151551514015134
 427012             149421485514744145201434114087138491396314456135651246711179
 428011             10161 9634 9373 9251 9307 9558101621148212614131671331813179
 428012             128601255412269120701204512180122251252413249126241172410761
 429011              9916 9471 9249 9168 9219 9388 97971056911468121041241612450
 429012             123861211211898117671191012152123651290513860130851159510392
 430011              9776 9400 9306 9360 973110832128271442314935151981539515417
 430012             153441535615223150741503914956146861480415412144681276710949
 5 1011             10108 9685 9431 9368 963110652125591431514962153741576915997
 5 1012             160921630516281162441621615998155681553616168152161339011677
 5 2011             1067110065 9784 9659 984810820128001460215431160771666717086
 5 2012             172881752517586176051755317279168181673617283162621432912534
 5 3011             113741074210358101931036911297132711517116146169371764218134
 5 3012             183471864318721187591871518385178881771718086169921518613368
 5 4011             120301133310949107141085311679136101549016551173421800018423
 5 4012             186291886818904188631869618165175141710517300164011481413114
 5 5011             118751114310727104221032610455109131200313149138041401513920
 5 5012             136761337213169130751310613131129741293413498130161189410774
 5 6011              9844 9283 9008 8856 8830 8885 92151009411143119091226712388
 5 6012             123361209111864118001195612238124151272513605129291165110458
 5 7011              9663 9306 9211 9219 955210577126901435014862150911528015313
 5 7012             152251525415121149981497214869145871458215154143581266711156
 5 8011             10221 9779 9598 9579 985910768127901437414833150731533315434
 5 8012             153971546815385153011527915090147481464215227144321272111210
 5 9011             10224 9759 9548 9499 975110677127411435514893152351557315772
 5 9012             157891588515830157071570315461150461494215534146901297411364
 510011             10334 9830 9606 9522 974010633126241432715015154581592116176
 510012             162511643916429163981636016112156751549815997151781345211817
 511011             1069910261 9864 9742 992610755127171453615436160201656216840
 511012             169281710317146170841700616587159921555015901152791385512307
 512011             111221043310037 9807 9799 9935105641191513386144071503215375
 512012             155171547715371152371513214957146541440414594139661274911473
 513011             10452 9793 9387 9162 9061 9018 93181016911225119721236812479
 513012             123901216611969118881195912134122691259113415128521160410408
 514011              9632 9247 9108 9097 936710303124001410514771151441548515616
 514012             155511555415373152181518815091148231476515240144881271211194
 515011             10246 9789 9577 9523 975010655126961440314942151781541315437
 515012             153401529915131150291509615120150081501615302144111274411262
 516011             10311 9853 9645 9587 982610774128201458915133153771559015596
 516012             154641543815229151301521515278150851509015368144551282411318
 517011             10358 9878 9665 9601 985110782128121454315022152041541515453
 517012             153661535115192149901492214776145531461515113144561289111370
 518011             10384 9871 9623 9578 979710672126971441015003152791555115516
 518012             153671529415054148601479814696144841438514566138871263111267
 519011             10284 9729 9447 9295 9323 9518101891142112651134531378013791
 519012             136161337413169130591303713066129741294313400130331201510864
 520011              9939 9365 9064 8889 8846 8870 92271011311166119881241012578
 520012             125521239212221121921234812575126891287813606130721178710542
 521011              9710 9305 9147 9132 939410292123711416814870152221556215671
 521012             156361565115537153541529915180149461498115337145131286811348
 522011             10359 9878 9638 9574 977510702127871462415252155761584615924
 522012             158511576415595155021560015712155341542115428144881279811339
 523011             10379 9918 9697 9605 982010754128971469515328156411581815851
 523012             157341566615509154161543615420152681521115364145411291011421
 524011             10405 9937 9710 9611 981810757128711457915169155001579315828
 524012             157021570115533153571529215226150251494315229145831300011411
 525011             1055410038 9795 9686 991610758127551454115217155111573515742
 525012             155951550715281150041481914591142531404214369140091273311337
 526011             10204 9575 9310 9130 9132 9236 98211083512006128861326213298
 526012             132061301012855127351275512863128721287713223128261183010778
 527011              9882 9353 9075 8910 8873 8953 9216 996511088121311273213018
 527012             129941276312498123361237412481124361239812788125311163310526
 528011              9662 9182 8933 8808 8826 8936 93681025111422124651302413296
 528012             133501312712921129111311213266131591321313606131861179010470
 529011              9588 9185 9010 8969 922010132122641409814934155001585016017
 529012             159851598215815156891564015522152161505515352147211294511210
 530011             10249 9794 9521 9428 961810391124641420114832151301537215454
 530012             153731534015156150101498914895145891451214954144131277611259
 531011             10282 9833 9621 9553 977310583126731437514940151491536715352
 531012             152571525115108149821495214802144941436014809144751287511327
 6 1011             10308 9811 9582 9515 973810525125401421514834151641544615527
 6 1012             154241551015324150911487014512141211392914290139141265111289
 6 2011             10231 9665 9369 9216 9240 9494100771122712583136721429914451
 6 2012             143651406813735134911347313557135401346613641132441221711050
 6 3011             10096 9458 9132 8937 8900 8907 92111003111162121461276313085
 6 3012             131611300112787127051283613048131851324513666132461199510711
 6 4011              9842 9404 9211 9157 940510230123451420615018154901588215999
 6 4012             159281596215821156841569915543151841494215290148001313511504
 6 5011             10443 9892 9636 9540 973210482125841442815164155921598016146
 6 5012             161461621416131160431602315812153511507615483150881340911772
 6 6011             1069510129 9845 9751 993610708128041467915473159151627216380
 6 6012             163681643416370162501621815955154661517615469151161339711745
 6 7011             1068110080 9790 9686 984910569126811453015425159491640916641
 6 7012             166381673416681166131654716226157681544615751154261377312074
 6 8011             1088410268 9959 9811 995510628126951458015530161011652616684
 6 8012             166851677716738166251650116073154941501715075148481349411990
 6 9011             1078510090 9716 9522 9468 9528102691160113045139361443614535
 6 9012             144251422814073140181404314056138761367513886138371276411522
 610011             10461 9798 9447 9229 9160 9033 94761046611734127671341513799
 610012             139411389113811138481401814194141651415214616144811307111582
 611011             1058010008 9802 9714 989810639127311477315849166471718317409
 611012             173821729517035168421685616731164211630316216151641343311905
 612011             109131043610197101161032911183133301531316243167281713017268
 612012             172581732117294173001734917140166231630216453160321428912534
 613011             113661078310485103361050311313134211532216273169461757918048
 613012             183421866418782189291902018737181601766617762173711544713565
 614011             122321151911138109431113611925140591609717165179601873919260
 614012             196802013120382206022068920398198351932519385189901703014969
 615011             135051274812302120271212712847149031699218317193482022720797
 615012             211092144621557216002147420942201451941719240189411733715471
 616011             139971305012522122001209012116128841427215870171601799418462
 616012             186501868518701187441880118714183481792117988178331657415013
 617011             137921301112535122241207711950123311319114392154841615816451
 617012             164381605815634154091539915489153871527515447152431394712521
 618011             115281093110657105091070611436135761570316921177041827818597
 618012             187441903119147192691937519115185681801517969176581579513808
 619011             124411170511297110791120211869139431610517383183531922119835
 619012             202312065020877209972102520648199581919319021185791660514551
 620011             131951239711969117571187512558145941674318147192382017120861
 620012             213312180722076221892212721523206061982419193182861639414554
 621011             132911255512110118531193112593143681620917235177951813318182
 621012             180521794417687173311706216674162411592816042155611407912513
 622011             114191085510582104661065211473132131509616148167971726717610
 622012             177831800818025178971768617248166621622216242159581467613155
 623011             119911130310929107071071110920115941283614334155811641516801
 623012             168611679216702166461660816558163051600016105159841489713597
 624011             124881176311339110701095610929112831223013498145761535915877
 624012             161331611815997159651607716089159071575716001158821456713071
 625011             119731136511034108781104211755136291575417211182101895219416
 625012             196411993220060200902015919970194711890418753184411656314567
 626011             131361233811897116531173112351142891649418027191822016420765
 626012             211002147421638216842168421354205671995619839194831752415433
 627011             139461308012581122961234312909148471714118803200212091321494
 627012             217592209822265223162235822049214192068320490201291814416023
 628011             144731358913101128581292813515152911744119003201172092921453
 628012             216252182721812216682145320832199581924119060186211677214724
 629011             133031245311936116011162312137136511558916753173981781818039
 629012             180761809918011178661775517432168331625416226160521478713328
 630011             121401142511047108431083210943117691329515174168471811418841
 630012             192431935219409193981929918874180061744217265168661561114299
 7 1011             131631241911966116781152411402117641276014092153411638517220
 7 1012             177551794917959178061758516991163291593715915154211409312479
 7 2011             111611046510058 9865 995110443118931356914590151961558015700
 7 2012             157311576015705155951558715471150781466014692144761304211512
 7 3011             10413 9834 9570 9453 960010125116581339414588153021577016006
 7 3012             160141602915908156251544615193147181432014359140311293211739
 7 4011             1066610060 9734 9562 9551 9631100351086512060131111381214183
 7 4012             142411409513901138431392913994138101365913970138951322412171
 7 5011             111641057610303101841034810982124151430715804169531781618320
 7 5012             185451876218789185711819717744171721673916656160971458212987
 7 6011             117741107410682104321048410922122291389715083157861619416291
 7 6012             161801607315890156661553215258148041431314280141071294911597
 7 7011             10461 9830 9493 9287 9261 9292 98711101812420134621406914251
 7 7012             142151408613960139601406914158139981375713915138691294611825
 7 8011             1084410246 9913 9716 9664 9724 99511064311722127471348013911
 7 8012             140141392113737136371376314022141451411714293138731275611585
 7 9011             107031023710034 99831024811092128031480316230172781812118704
 7 9012             190471940119617196831977819637191381859418515180241619814362
 710011             129891224011791115411163412237139041589817231183231923919805
 710012             201462050220593206022052019978190841815017777171631540013646
 711011             123461162311216110151111711758133801530616344169001724317494
 711012             177141799118035179651789017632170681644016339160571444912793
 712011             115481087110510103531047811074127421466915838165741704917221
 712012             172031720117099168741678916473158951543715452151631372312167
 713011             110341041910123 99631010110680122471414315391161411666716870
 713012             168211679116650164431631515996155221507915092148991369112229
 714011             110911043610050 9820 9771 9832104771175413168142241479814929
 714012             148221459914398142131422714315141791395714106140461303111834
 715011             1084210182 9813 9597 9508 9403 97751074512002130241368614088
 715012             142211416614104141681441614638145651442114761147371350212127
 716011             110761050110229101301034011031127021475016140170751777018201
 716012             183251848018499184531845118262177561724917287168291518413433
 717011             122141153511184110301120211979135501536016421170181745217651
 717012             176391761917494173261723917062166481625616414160431448912941
 718011             117171107310776106261078211494131321494916068167861743817807
 718012             179671822418249181541807417736171091652516619162081459812934
 719011             117101103510693105371069111406130281488816007167501724217512
 719012             175941772517685175541748417193166321613416219159521441712709
 720011             115181083010475102861041111017125571450715881167821748317859
 720012             180371826618299182181811717766171691653316441161611474913105
 721011             118021106410600103281026310326109561227113789150511583316285
 721012             164101635816378164321657816613162941582115858156291444513077
 722011             119481117310733104331029410213105011152512950142131519515919
 722012             163071641316477166231684816949167281632216554162911485113364
 723011             122471157411219110611121611924136211583217463186811968520413
 723012             209352145421765218652199221827212882060520542199381795215943
 724011             144931370413216129561307113813155301775019358205672168722488
 724012             229132337023510234892345823101224752190622003213611940717329
 725011             159711519814721144191445215049167521903520708218632274523313
 725012             235402385323952239322381723398226122203522051213011935817221
 726011             157221482814273139031387114555158691730918051184011854218260
 726012             179911776117445171381693416705163021585915960155511404912447
 727011             112411061110256100941023310849122611405715330159101632616498
 727012             164841652916445162411610215785153011479214958145881331311902
 728011             1079810150 9819 9618 9616 9741102111138912712137011425014356
 728012             142381404313910138501391313994138181355613912136981270211598
 729011             1061310038 9690 9490 9423 9449 96791049711707127901353914019
 729012             141721413614039140401417414315141941402314532143091310011784
 730011             108461029110015 99211011510858123731433615723166001725117557
 730012             176231775217701175861755817314167541621616389158021413012501
 731011             113351068110338101821032611030125001435515654164991718817585
 731012             178111810518232182371824918011174491697617161165361488113237
 8 1011             120291132410993108141094711657131791517416628176981855719193
 8 1012             195441990420061200562009619865193051867018802180811622214395
 8 2011             130561225511816115511165212345138881602317681189442006720891
 8 2012             213622183522031220972214021864212332058220613197681785415936
 8 3011             145391370913256129961307513766151941708818570196352058021237
 8 3012             216112192622012218622155320828199031923918937179831650914925
 8 4011             136591288912444121581206412278127571392815358164111692517075
 8 4012             169621679916689165951655116481162811616616454160341492113654
 8 5011             125991186811422111871109211170114001228013588147481572916424
 8 5012             168831715017336175511781517931177441759218059175351607614536
 8 6011             133871270412331121471230013059146701692218764201652135222176
 8 6012             225982298523174232162317922873222172165421825209591894116926
 8 7011             155261466014165138791394314666162101839220158214572251823228
 8 7012             236662412224373243902440224113235292293423059221122003318012
 8 8011             164501556214998146731470615403169451907620817221282307723701
 8 8012             240112432824399243432432523958232922272122914219971990918064
 8 9011             165791565915079147291476315414169751915121000224022355624249
 8 9012             245722483724967248542460024235236002303623440226142078418853
 810011             173941649516004157351580316465178801994221568228272375524125
 810012             241322332921917213252109120679201321968219770190731759915956
 811011             145661370813133127261250612595128891384615088160131655716731
 811012             166491639116104159091587215766155061539015773153131426813088
 812011             120831143411072108461076910867111001180712879138651450114887
 812012             149911478714585144741462114839149001498315271146971360312468
 813011             115801111010881107991104911913134421519616453173821818918718
 813012             190301931719493194811945619176187431839618413174581572714109
 814011             129251227111894116841183812624139971579116825174911810118437
 814012             185801873318729185591842418063174641707917474166181496313389
 815011             121251146711107109281105811840132281504816366172611795018365
 815012             185551875018793187271864718254176421715217521166221488013244
 816011             120641139311039108371098011723130821492616320172361804118571
 816012             189141920319379193851931218973183301790918138172511563013978
 817011             127411204911677115301167912501139451582317241182171888519173
 817012             193241948819538194541944419156186461839718506176001618614632
 818011             133851255712013116511149211636120511328814715158471653116869
 818012             169511689716773166741664216578163301621516670160811499513663
 819011             124491173611267109551082610867109251179313082143051535016141
 819012             166191676616811168391695816983168221688517414167471541514067
 820011             130061241912135119801216813021145491633217585185191914419453
 820012             195941975719667194691933519181188121854618593175881591814289
 821011             131651249512127119551207112880144021613317403183301906819566
 821012             198952032220396202562003819637189891866918955178811609114317
 822011             130571231611835115911172512542138671573617127182251901819518
 822012             198262010520246202422027419931193101894719125180461622514455
 823011             131251233311848115901168012450137421552516956179541868419172
 823012             194181974219758195611935618929184741849518569175831594314391
 824011             131491241511949117171180512585139431570617053179611851518887
 824012             189711907519035188181861818105173691688316938159781455513055
 825011             117871108210614103211026210493108541199313370143661487215067
 825012             150331488514771147301480714820146221462914906142381314612017
 826011             1100210367 9980 9736 9659 9767 99191077111964130061370214173
 826012             144101441914405145131470814828147071498315495148111357812393
 827011             115351101610808108001104012067137051560217052180431885919463
 827012             197702009520184201221993819551191471909919006178081605114372
 828011             131441245812076118941204512939145971632817491183401912319665
 828012             200222039120545205552052720177195251931519174178661591814101
 829011             128221208111639113821148512386139581565516821176261819418521
 829012             186351886718883187921874718425178171768317825166041474213045
 830011             119181125310915107061083611753133791496516075168651748217836
 830012             180311831818394183881824317920174751768917875168151516613614
 831011             125141191511603114751168312675144301623217550184741928019654
 831012             198642017920137199171972219283186711868718621176211611914566
 9 1011             133521261912191119071182812024124471329214487154561598016084
 9 1012             159391570515461152471513914952145671456014574137311266311452
 9 2011             10461 9822 9463 9251 9166 9291 93881014611311122021269312923
 9 2012             129441279912632125871270612810127531310513362127391179510774
 9 3011              9907 9394 9119 8981 9016 9262 95101031211592127751348713774
 9 3012             138091369813592136201383914068140391461614855138361233411035
 9 4011             10379 9974 9781 9739 998311004127921449715548164601719117649
 9 4012             179031812217891175991753517372170371729317191159371416212518
 9 5011             114481087010569104231059211572135121505415768162791664516806
 9 5012             168431693116867167981680316592161931642416313150191328211697
 9 6011             1069410154 9888 9781 997210970129521444115152157311619316397
 9 6012             164861668416598166851674916535162121657916478152151354011992
 9 7011             109851043510154100411023411224131611476515682164181705217450
 9 7012             176941798918092181091799917512169321705616883158071435112834
 9 8011             117251104710647104181039310672111991229913797149151556015933
 9 8012             161351622716281163251637316331160351636116333154691420012881
 9 9011             118151114410765104971038810520107341156612964142021512315811
 9 9012             162871648316599167341691416968167971732417366162061458013184
 910011             121871164211377113131157512721148841658617738186351938619804
 910012             201122045420594205772051120227198122001019455180371605014300
 911011             130491229011843115681162612499143621582816651171871755717763
 911012             178241801218008178591773917347167651698816612152941359312105
 912011             110801053910251101161028611264132161470615502161731670617003
 912012             171071725717262172381721316952164971685116553152871352912032
 913011             110111046510211101111029911334133291484715669163831698917389
 913012             176281801118138181791817317857174711793317544162281441512741
 914011             116361095110577103811049911414134001492015538158671608115997
 914012             156401558315416151121498114824146651499314718138361256811274
 915011             10294 9728 9462 9322 9353 9669102351124712507132911362413616
 915012             134221315612942128141289913034131361381313618128891187810774
 916011              9877 9350 9078 8939 8910 9091 93851014411295121221257412829
 916012             129441285512734127711304913355135871444714261131741180810601
 917011              9804 9426 9278 9244 950810593127231424914979155091600116271
 917012             163401648516417163401634716216160461661616065147261297511488
 918011             1052410014 9772 9699 991310910128581433815084156301611516417
 918012             165221669516651165511650016340162491684216327149971324011774
 919011             107911030210071 99761018711203133271484915469159761636516596
 919012             166161671416642165431646916273162001678916293150411332211852
 920011             108961040810165100821031011401136401522315903163591671416866
 920012             168171680916669165391656816592167981707816501151851379012226
 921011             112261069410437103571058911624138601555216311168251719217236
 921012             170751702816865166811655516244161701651516055150821382312494
 922011             114111077110443102651026210568112871227713673147321531915588
 922012             155741542815286151991516215190153111586015426145821346012237
 923011             112011056310177 9903 9810 9900101851081212048130191365914097
 923012             142931429114196141951435214508148701565115259141711276511510
 924011             1062510175 9993 99841026311435137211537416158167231720217419
 924012             174411756717504173821733117229173931773616945156161392012409
 925011             114381089010661106001087012025143711611316888174221783018036
 925012             179971796517765176401773617727177141786617142158141408212476
 926011             114021079410458103171047011452135431494515426157471615716296
 926012             162391627916176160291598915810158901643215792145411289411406
 927011             10423 9915 9688 9600 982010857129241431814919153291565515768
 927012             157311576115595154561547215563159261633915674144991289111441
 928011             10462 9979 9755 9671 990110956131161459915179155591585115856
 928012             157271567815458151671504315032153801551214890139581266811334
 929011             10351 9802 9549 9366 9397 9705104201140812671133941365213586
 929012             133751308412818126431270212929134361401713601128951189210817
 930011              9945 9414 9141 9009 9000 9186 96161034311467122721267512860
 930012             128621272312538125551295513543142891458814058130061168610561
10 1011              9810 9452 9326 9317 960210703130781471415296155991580915765
10 1012             156891558615366152011528015472159791639815706144751276411311
10 2011             10390 9936 9765 9722 999311085133471472915135153851568315781
10 2012             158341589715808156411567215639160751653515857145491284011361
10 3011             10405 9916 9702 9619 986110944132031459615081155051592116145
10 3012             163001645716421162871625616156165641696816315150391329711763
10 4011             107961027810032 99311015411207134961495615583160991655716853
10 4012             169501708517030168741669916464168351708716453152491351611965
10 5011             109201036310094 99801016711157132391466215414159741644716705
10 5012             168021688916735164881618615829160881625415583146041324211886
10 6011             1084810243 9924 9766 979510157108721190413218141741455014569
10 6012             142511365513221129421293413122137311403513560128591186010805
10 7011              9946 9468 9177 9026 9024 9243 96821035611477122231252612620
10 7012             125531232812159121361238712835137171410513697128901183210786
10 8011             10012 9637 9474 9465 967710479118631316014222149081520515142
10 8012             149421469114419142791445414892157431612315515143981282711466
10 9011             106411023410095101151048811694140391546415806158431584415777
10 9012             154921543815222150441508215341162331647915812145971296911527
1010011             1062410134 9919 98471014711269136181496615295154421559115635
1010012             155891560915481153311535615474162391644815759145291280711399
1011011             10466 9972 9755 9707 994811079133971478215196154881580715880
1011012             158891599615912157971575415797165471668815907147671312911651
1012011             1064010120 9845 9734 993510956132021459515128154941585516022
1012012             160471611915982157301554315298159151582315106140991272811407
1013011             10381 9798 9496 9334 9359 9731104961150412747135511384313866
1013012             136711339613146130001314313561143481426413731129871197110898
1014011              9989 9450 9161 8990 8964 9156 96321035211504123961286813162
1014012             132041304612900128881322413892147391467814086130881180710667
1015011              9887 9490 9346 9316 961810727131391484615451157821601716041
1015012             159601591615757155381549815629164381644615668144191276711354
1016011             10417 9928 9723 9669 994311050134101483515166153561555415613
1016012             155461552415390152921533715643165431651415786145551288811490
1017011             1055610046 9804 9704 993711026133471484315170153421550715526
1017012             154081536115195150431514315568164161632715631144711287311447
1018011             1057010122 9920 98731019811349137101510515417155171553815456
1018012             152931516415051148601491415176162141629015671146051306511724
1019011             107741035410203101811044611585139441532615655157211574015596
1019012             154361542414982147211463214820157281553814905140491273111465
1020011             10495 9955 9695 9571 9579 9950107521175812833135041370613668
1020012             133971307112744126061273613169141681406613541128081181610875
1021011             10043 9513 9260 9135 9153 9384 98971057011608123601269912847
1021012             128161264712450124371270113382146831465014012129971172510604
1022011              9808 9407 9253 9228 951110641130831458515050153951563815710
1022012             156351564415476152901542215930166471633915517142841262611267
1023011             10340 9873 9673 9617 987510964133961492915215154221557915571
1023012             155051547515337153101555916216168421650615766145581286511427
1024011             1051410064 9847 97841002011145135881518615530158471607616171
1024012             161841627816231160981606616319171291688016121148441315511680
1025011             1073210227 9991 99081016211313137331537415807161271642416568
1025012             165711658416385161711607816161168271653815682144811283311377
1026011             10424 9915 9656 9581 980810873132181469315027152091536415306
1026012             151481504314806145831458414921156751527714664138201263411368
1027011             10433 9919 9668 9578 963110051108721191513055136651381313668
1027012             134061309312849127921308113781145471424713750130961215611185
1028011             10309 9705 9390 9346 9452 9818104171144212409128521290712906
1028012             127831254712379125321343015086151281475114076130871182310956
1029011             1029310057 9959100461047711905141671548015762157751577315644
1029012             154461533215162151241594317246170851650915634143511270811382
1030011             105431015310035100081034511635138301509515298153801546915402
1030012             152371515814999149651565017132170711662815847147291316711837
1031011             109731058410459105171085912233144201566615931159421599515945
1031012             158241570815648158401666317231166481615915553144021283311534
11 1011             106831026910044100151029011454136071493015237153731553215543
11 1012             154351541215211151511587217111169251636015514142891269711375
11 2011             10469 9969 9740 9710 997211120132531472715223154731569415719
11 2012             156021553815303151311570216653162881560614828138121250411197
11 3011             10258 9761 9476 9339 9380 9760105341161712854136391396613916
11 3012             136471329912982129031352614864146391407513435127261175210733
11 4011              9860 9360 9127 9028 9055 9313 97131059611612123081257512726
11 4012             127061253712377125301362215117150371461013893129301176010753
11 5011              9915 9572 9430 9429 976510995132311472415196154261563715709
11 5012             156491562915572157431673617754175171697416095148171325111851
11 6011             109181051010318103011059511769138681519815507155671562215548
11 6012             153751527315086150391593217357172271670615936147211313011779
11 7011             108811044210257102281052111722138561516815422154791559615551
11 7012             154141529315117150531588817247170371650715773145601298911597
11 8011             107211035510193102201055811824140281533115526155231552315408
11 8012             152151515014970149811588517176170011651715733145661299811576
11 9011             1061310126 9903 98321008911242133941486915257154321553215423
11 9012             152411513814916148181566116751164691591215248143931319811949
1110011             110641059210345102491030810745114601252613627141521419713985
1110012             136731333713098131661417615376151371463514054133641241411390
1111011             1058410107 9838 9702 9729 9986104201119512195128531314713267
1111012             131951298612826129701422715664155841516314633137671270211703
1112011             109621061710522105611091511928134701480115590159711611416105
1112012             159001572215491154951664018035178621737516589153961386712528
1113011             117231132811198112381160112889151421641616533164401634616143
1113012             158471568515468154311662717943177401725116478152471364912218
1114011             112821090310721107051100812193143831565515866158511587815771
1114012             156101556015474156261662117525172351670715956147231312611691
1115011             107901040310229102291054311783139821532715634157271578315654
1115012             154231532615153151041609217210169551647015693145311296111552
1116011             1056110078 9863 98201007811205133581473215207153231547815457
1116012             153231520914965148001565116484160851545414786138471264811440
1117011             1051310032 9806 9749 990110435112441235113451139801408313927
1117012             135961325713065131911444915656154471498314472137761280411798
1118011             109581045510227101631025410549109481154412360129071309313106
1118012             129981276912587127331410715490154011499914416134211223411088
1119011             10299 9949 9809 98501019611423136501499815340154381552315451
1119012             152971521715018149851612417313170781661315796145671294211462
1120011             1052610067 9826 97731001811171134781508415593157951591415915
1120012             157211562415436154641653317663175131708116433153801381912353
1121011             113991091810707107121104612221143521574916162162261620416031
1121012             157311554215297152061629017377171231666116060150661367212190
1122011             110861054210223100971017210573112701219613335140301426914117
1122012             135221258511842115731222412829128681292012809124181166810801
1123011             10124 9800 9670 9683 991210584115051239213218136351371313611
1123012             133911311412906129981424915353150791460314065133291228411206
1124011             10310 9827 9546 9429 9494 9857105491142612625135281389813908
1124012             137261347813300134141441715148148821440513837131131212711052
1125011             10145 9621 9311 9153 9165 9397 98261046911496123341279312995
1125012             130331290512836131801457415442152951488314182130871178110641
1126011              9831 9469 9277 9250 960010795131141460415110153661555615611
1126012             154701536915187151741638017468172101664615844145931295711458
1127011             1049510023 9831 98101012011313136131500715316154131546715469
1127012             153711532515225154241679017677173731683216018147841309611575
1128011             1058010110 9869 98401012511319136481498515260153811550515470
1128012             153451526415132152371660317557173061681716115149171326911762
1129011             107821034610134101131043611629140741571516168163821650216531
1129012             164461638516293165421756718116177531723716440152211357111968
1130011             109981049910211101671040411536138681542515813159291600215922
1130012             159591588715661158841683917359169041627515538145791325611834
12 1011             1063410020 9684 9533 9550 9944107201166412825134641379313626
12 1012             133871307312762128591411515403150601454214009132771226911093
12 2011             10109 9541 9231 9093 9140 9411 99911072211830126661304713209
12 2012             132411317113096133311482916086160471575115168141101269611416
12 3011             105581020310063101311055311854142601568115923158951586815670
12 3012             154911538015219153051678918148179641746516700154541365712019
12 4011             110371054910347103261069711949143411567315832157511571115599
12 4012             154271534215203153161678318002178491742616711153611351311855
12 5011             108211031610049100011031911527138581522715488155111555715555
12 5012             154601542615276152821660317801175891705616370150841330011673
12 6011             1064210129 9883 98311012611272136321501815308154381557915604
12 6012             154811543415304154751686017786175161701616256150581330611657
12 7011             1059610094 9843 97961009811219135451504315328154091544815389
12 7012             152051511514947150151632017307170081645615846149711366012218
12 8011             111221055510277101961035410849117831281813899144091454414490
12 8012             143301422214177144961598916861165571601315483148241380512561
12 9011             114641086810538104021044110715112621211113244140521437314488
12 9012             144831430614121142951589917383173981706916486154001382212440
1210011             115911120711053111131152012822152091670216992168951679116617
1210012             163561619116003161531786319243191231860317911165411458712769
1211011             116401114610914108601119412435148321630516513164911640716194
1211012             158921574515557156951728618759186481822217568163471453612807
1212011             117361124611034110501139612639151171653516721166671656916402
1212012             161611611816088164121803918959187041819817516162481441412654
1213011             115371102810735106771099512193146081629316628167461684816761
1213012             166201653116350164841780618634184421794517169159951420512417
1214011             112271063910317102551053911681140071547515809159091599815957
1214012             158031575815745161071734217824174071678916116151851383812332
1215011             111011044010075 99191005310502114131264513981148211499814956
1215012             147521447014261143571583817189170051653616064154421440213134
1216011             120541137711012108781093411209118001250613520141751440114401
1216012             143051404713853141111585017395175031727216781157531421212688
1217011             116821126011070110691144412695151241677617161173761754617589
1217012             174621740817298176151904219872196241904918217168351496413145
1218011             119081133711057109861127712418147511653616933170491717017129
1218012             169411681316751169211817019394192411876918122168951507313266
1219011             120471146711196111491144512634150111644316582164591639016223
1219012             159931596615759159191741418790187031832217801167371499513225
1220011             119901137111100110471134012517148611646916750167131670716613
1220012             164101627616056161551754818826187481840817865167891511813302
1221011             120751147111178111171145312611149081650516865168811678416546
1221012             161021594215810159591737418661184311785317252163731509613638
1222011             124071174011385112591135811763126081361314691152711535015165
1222012             148091445314193143641582117402172991691116504158541478213513
1223011             123481165511343112321127011589122081295413937144531448914349
1223012             141131376613568138031541816642165931633015901151481387912446
1224011             112131055210168100261013210725116751288814119150001538815317
1224012             150341472314548145841560716229155371481214434140691348112549
1225011             114861076610369102341034210686113441214912938133981354713555
1225012             133491287312436124151352114593147471473914658141481317011899
1226011             109971056510353103361063611483129971444915472160981638516448
1226012             162901608715882159481713818376182111772017110160331455613029
1227011             119481145211238112071150312390138781515016053165321670016607
1227012             163981619416033160671744818831187381825017577165291501413497
1228011             124491192611659116411193112785143121561816395168321695816844
1228012             165531621515944159661718218235179621739416754158471452913180
1229011             121321152811246111401124811635123481314814193149871524415198
1229012             149961463914427145371580717033169051648716001153191425413081
1230011             120921152511198110931117111432119711254313445141691453114667
1230012             145381425614061141981562917120171491679816271154571424613006
1231011             120581159611372113711163112359136231471015555160831628716209
1231012             159281556715268152641658317965175701669815893151421436513611
