 1 1021             128111214311628114211145511713121841247713082137291425414524
 1 1022             144981426814091142761574817328173191697516371153361392012704
 1 2021             119661164611529115701196213190155401702817297173371733917144
 1 2022             168891669316466165281774219241191411866817935166781497413411
 1 3021             124641205011858118631219613340156011711817291172711723417051
 1 3022             167211658016292163791756919040189851855717839166301498313435
 1 4021             125031206211874118691221713401157111722017368173321728917108
 1 4022             168091664616422163561735118527183491777617087161461477113368
 1 5021             122941172311411112461133711730125101337514438151251535615296
 1 5022             150191467314382144371554016760165741608515479147451373112574
 1 6021             116171104710731105971067010939114631210513116139671434214538
 1 6022             145581442514322145601583616827166401616415494144941320712019
 1 7021             112091083210678106971104912245145191612916621168971716817285
 1 7022             172401719817080172311821019183189731845817628164091477713331
 1 8021             123951200711869118731226113478158951721917349172871723117065
 1 8022             167961660516397164641751919024189441846617699164721480613260
 1 9021             123361189911708117011202813214155271698517197172231726117191
 1 9022             170421697116860168981784218868185991804717273159951427712785
 110021             118001134411126110851139512536148921642416544164471639016248
 110022             160351596315804158871691518047178731740416625154261389512410
 111021             114601100310786107591105112228145681622016478166161678316795
 111022             167061660816349162741687017776175041693016249153111406112762
 112021             117751125010936108301092911368121421310914263150921538715284
 112022             149201454414225141561497016356162661578315234145371351312391
 113021             114201083310590103681037410605111091193313053141401478915185
 113022             153041513014826147691569117052169831650015841148341355612379
 114021             116241129711036111541154712793152341664116856168721689116792
 114022             166381652116314163951736318709185801806917250159981430112840
 115021             118981146211289112441154312681150101662316879170101715217078
 115022             169321686516661167821770718724185331797617196159301431312828
 116021             119281148011250112341156412764151901661116749167701682816654
 116022             164011626516080161851713718564184841801117314161151449513045
 117021             120821166711478114481180012974153161692517243173791745717395
 117022             171581688916486163601709118492184151797217251161161453113115
 118021             121921176911571115651190113094154321688617100171431708716919
 118022             167441660216421163081691718155180271746316947159561473313439
 119021             125081201411775116921180912229130361404515247160711629316173
 119022             158921559915488155691644717536174121687416163153621434313333
 120021             123311167911369112591134611613121511276413622141621437814505
 120022             144181411913886139431485616547166421616615578147261364512585
 121021             118261146811308113271166312618142031562116606173121769517827
 121022             177301761817415171821771818840186511808717231159981442912985
 122021             120551164011447114361177712948153211667616760166831667016606
 122022             164041625016023159021659618249183271790017199160111439512966
 123021             120641165911471114421174512952153221669416769166671662916486
 123022             162451612815941160291689218081179341738516607154051376212291
 124021             113341090010671106481097112197144671618416382164671661816543
 124022             164571646516388164051713318005178081726716508153431380812352
 125021             114231099910781107701111112257146571615216415163881638416277
 125022             160331580415535154611596217297172611672816070152071395912688
 126021             117531121910932108051091611304120991300914089146861484714692
 126022             142621387313540134161397415520155961515614628139451300411934
 127021             110611060610332102471032710604111641184312810134601368813749
 127022             136281319912922128391346715372156841529514807138051258011484
 128021             107681042210303103601075712037145181605816356163841633416142
 128022             158761568015470154571603917486176131712216340151241354612147
 129021             112111080110590105891089812113145441595216015159431595515874
 129022             156981557515393153501591217285173081677216036148311327911798
 130021             108791044510218102121055311707141071583316142162951649216519
 130022             163961633816181162131682917973179061741516693155331394712538
 131021             116321120210998109931133112534149451655516915171231729317380
 131022             173751737717270173321792018913187991823717353160181439612981
 2 1021             120431159011348112971159812678147471628516856171371734817370
 2 1022             172251709316887168001717917792175981694316225152821402412796
 2 2021             119211145511267112241141411887127631365014715153601557915464
 2 2022             151461477914543144741500216591169531655516038153621444913360
 2 3021             125231202811781116971177512042125901319514117147301496315002
 2 3022             149001469614500145311512316399162451560315194144651375512734
 2 4021             117471132011148111991158612797151421659316877168321679516661
 2 4022             164161623716025160221657618102183921801217292161331457213239
 2 5021             124491214412048121461257613873163171771417884178431778317634
 2 5022             174221721616947169471744218906192011874618036168021515513666
 2 6021             127391234412141121631253013720160851737317453173491724817047
 2 6022             167761657516304161671665018180185751815917475162971467413261
 2 7021             123921197911773117411205313212155611687017085171051709916949
 2 7022             167541659616307161211643917781181781778117098159311439912999
 2 8021             120821160611450114191174812890152211652816702165721648416265
 2 8022             159281572815405151961550116693170531657915965150381389712670
 2 9021             116921113910939108901103111506123191328614383150251517714981
 2 9022             145551416213745136631420715578161851581215337146761379712754
 210021             119411148111272111951123211494119681259213595143711476114997
 210022             150511488214747148921548016432165451604115295141801285511654
 211021             108241042010204102001054111750140991573616275166751698017120
 211022             170691698216786167451721418650192601884618171170111546414080
 212021             131981279912644126621298114139164581773417962178971775317451
 212022             171171691516732167511726218340185231802817323161391456813080
 213021             121101168711448114491180613031153381656216773168491690416792
 213022             165631646116282162551668418087187741847417971169541540113961
 214021             130691268812545126001297914246165961778117830177111755317288
 214022             169021662616339161641651117751183741799817395162901476613348
 215021             124151195811764117211202913133152751657416905169391689616644
 215022             162841606215811157151604017045172741669216029150561376312441
 216021             114391089110576104451051810924116851266613829144611456114334
 216022             139541357413250131191341414641152551489114454138021285911854
 217021             110741059010304101551019610449109501166312735136121405014257
 217022             142481412613977140201447915653160161559715015142201318112125
 218021             113841099110843108621117312023133121441715277157821597415865
 218022             155581526014936147671516416545173361694416330153641401912800
 219021             119601158811444114751183512943147981608716540165551650116253
 219022             159221567015376151551543916687173761695616270151921375312398
 220021             114911103910827108011111712177139701535615960160791612516021
 220022             158791579915590154391573116752172341674016040149321347112095
 221021             111121061610337102291048211479132911477915482158441601515945
 221022             157611562115395152081539716217168061637115750147111333712094
 222021             111221053610326103041059111593133481471515414157971600815913
 222022             156721553415340151381530816144165691609815544146721349412320
 223021             113721084710616105311065711093118001271813751144441463314446
 223022             140211357313219130491331414456154431518814742141081325112263
 224021             114301097410751106691076711068114761206812889134651371813763
 224022             135981325212954128941329014598158131558615086140661289211822
 225021             110681077010630106831108212319144731588816289162521620216019
 225022             157621557915315152141557216754174891704916300151201349712125
 226021             112371079710569105511087812001141661556415867158361577315625
 226022             154131528115065149041512516114169831658115863146691309211679
 227021             107661030010058 99951029211384136421513015617158181607616229
 227022             162751636616290163031661917420179521748816859157401421012855
 228021             119771156211404114631196213106152341655016841169131697916750
 228022             164861628615972158531602617033180671779317149161051457713221
 3 1021             121801184111660116751202913183152081640316591165071638716171
 3 1022             158581561615317151011519115893168211647015906150791388012693
 3 2021             117791133611122110701120311641122771322214134146221471714532
 3 2022             142021388413604134161366614707154731511114536137761276411734
 3 3021             108311034010048 9902 986210044104571112212190130061344913649
 3 3022             135901339313244133501377914542152601492214310132791205210980
 3 4021             10279 9964 9902 99791039611717139901551115907160261609416095
 3 4022             158791575315566155361594317034180631777317167161321455113212
 3 5021             123811199711865119011227413508155821685117056169961695916798
 3 5022             165191631416033159561626817279183271807217414162371465413258
 3 6021             122881183911638115731186713032150951647716720167351674416602
 3 6022             163281612615773155041564416376174121711616446152651366412287
 3 7021             113941095610784107881121012386144661576415964158771584415705
 3 7022             154391533015109149611518115963169881674316076149501340712018
 3 8021             110511063810450104491078011927140041549515910160331604315904
 3 8022             156231546415241151101522115808164401603015402144481321711950
 3 9021             109561040010118 99601001910407110831214613333139621407513863
 3 9022             134651301612690125291270713500145421425613731129511196510946
 310021             10067 9538 9238 9084 9076 9299 96701048411562124121286913070
 310022             130881289712773128351335714422157811579515298142901312212117
 311021             113081096810927109691133012610146591608716512165531656716448
 311022             161891600515687155311570616513177471754416871156641406112644
 312021             117781138111188111881148612643147141616716569166211665516522
 312022             162651609415945158961624016862174961715016463152721366512314
 313021             114521104110884108961123912443144671583016146161761621216114
 313022             160181599415878159191632216967173921698616253150481348812034
 314021             111181063310404103801068611864138161509215343153521538615291
 314022             150811497214761145831461015068162471613615552144521297511601
 315021             107281031010151101271045911594135391512515627158321596415923
 315022             157031556815440152961543515831162161577015146142271295211703
 316021             1073610209 9919 9771 985510244109121211313399142181457214521
 316022             142661389013603134631359514022150341491614515138541294611971
 317021             111491069610493104291051310783111031188312821134361359713590
 317022             133971306712826128951334814318154181531014737137781253811473
 318021             107371039810285103211067511935140831574616369166581688316891
 318022             167601670016565165801691617505181411776316912156271399312535
 319021             116141115610950109151122312373144141586716195162411633916307
 319022             161821614215946159381626016890175921728116608153531375112309
 320021             114241098310796107721113712305143541585116243163351653316656
 320022             165951662116551166021695017580181741779116861155511386112450
 321021             115801117010980109551126812383141971540315682157301574615620
 321022             153661520514967148021491315461166371665516133150611357812306
 322021             115481126911225113541180913013150271649516948170891712316997
 322022             167461655916243160621613016518174651727416692157791457013334
 323021             124121192611679115891170712068126471367714657151791529715079
 323022             146511420513797136051372914249153531533814834141381310412067
 324021             111821070410441103221038110623109681172512616131721336213411
 324022             132711297312724127281319114042152461524214684136371246311437
 325021             107831039910277103321071011954140491560116048161331619316040
 325022             157771561515395153201568916495173481714316424151721355012130
 326021             112861086310692106971102512210142931585916295164321658116646
 326022             166521668516631167501717217724180551759516750153981371812280
 327021             112951080010600105541084511979140991573216175162301627716189
 327022             159751579815527153431550315985169081690816328152011364112241
 328021             113381089610722107001105312183141091543115734157641572515576
 328022             153461518614897146611466214951160421621715657147311330012005
 329021             110971069010520104911076011578129971425314820150431505914912
 329022             146571437414108138121382314198152161520914684138641264611481
 330021             10545 9995 9733 9590 9641 9977106051179913127139741424014109
 330022             136891322612881126371280013233142361433213891132101219011077
 331021             10110 9584 9295 9158 9175 9392 98321081111810123861250912476
 331022             122551176611349112361140211980131831362613325125021136010316
 4 1021              9588 9312 9183 9207 954010716128691469415339155711573415710
 4 1022             155431537115132149391501115419163881664016029148381319211780
 4 2021             108431042410246102491057511614136221506115368153791541915307
 4 2022             150981498414790146581481515311162851639915747145041281911414
 4 3021             1048610045 9857 97931006211083131651479715277154031552615517
 4 3022             153851534115220151671550616169165591632115628144071281611469
 4 4021             106561028110149101511049211529135731503415383154491554715438
 4 4022             152221511314868146931480215160162251663716039149851340412062
 4 5021             111691079910634106521097611972139681531815632156871568915550
 4 5022             153131519715003147991488315155159311602115475146091334912111
 4 6021             112121076210567104561058510840115781265013667141841428414126
 4 6022             137471339713103129761315713567146161496414553138371284511857
 4 7021             110431082610610104671037610611108381134112129128431323013374
 4 7022             132871298412608124271249912867133181441914842140491270111460
 4 8021             1056610185 9994 99781022311305134521509415644157741591315863
 4 8022             156771552015231150081507515366156211613415923147821313111670
 4 9021             1063610153 9900 98271005411092132531476515143152881543015451
 4 9022             153561531515130149731496315051151231565815614145431285711336
 410021             10360 9843 9580 9498 968110734128731447414877150541521115195
 410022             150371502514844146391455714477143711496715389144101277111273
 411021             10328 9881 9682 9654 992811027131051463415034151121519515127
 411022             149461488014677144301435214274143011499515376145101292211467
 412021             1052910100 9907 99101016011274132451478515122151761525115180
 412022             150121488614617143601421814130141101452314639138261255011205
 413021             10227 9681 9401 9229 9243 9589101431126112499132971359413569
 413022             133451308412814126781271312841129611350013633129421188810781
 414021              9875 9307 8992 8839 8803 8983 92331002711094119441237212540
 414022             124961233812115120561217612363124841318413601128041158610466
 415021              9651 9244 9046 8997 921210081116741323114327149521534615497
 415022             153751523715058148781480114727145211488915274142751275511305
 416021             10319 9803 9524 9458 969110620122251386114753152731571916009
 416022             161001629816323162701622416016156681594616470154741382312270
 417021             111521055610199100541019611057125881429215602165761736217814
 417022             180641829218450183911832518017172911701417067158851407312420
 418021             112851068010365101831032211161126771434815407161801681417177
 418022             172751745417431172641708816714162021625916437153621370712101
 419021             109591036110013 9861 999810810122981391314848153791559615838
 419022             158741598715980157461561215400149451500415239144671303211758
 420021             1076610068 9757 9437 9406 9649100991132912499131981348913467
 420022             132771301412735125781261012689126651290313325127411175210622
 421021              9739 9216 8934 8790 8798 8966 92041001411014117811215512289
 421022             122451207211827117811202112387127111336713752129171162510505
 422021              9760 9406 9273 9266 957010625127681458715310156781596116044
 422022             159711592115740156461585516090160901621115972148221319911739
 423021             108421041610201101641042111489135071507715492156101572015696
 423022             155671547115243150611513815180150771536615739148261320111851
 424021             108631044610284102601054311623135351494415246153151534115272
 424022             151501496614734145061441914328141831454415280144261283711561
 425021             1049210089 9927 99171018811221131541465215028152171530115262
 425022             151681515815038150641538915734158281596315709148051326511870
 426021             109171046310259102311049711512134041488515321154871555115453
 426022             152211512114857145741442514286140751426814847142361300611730
 427021             107531028910051 99781006410398109981210113018134651351513280
 427022             129431262212276120461208012176122111260513318128381184910820
 428021              9983 9499 9216 9088 9101 9306 96231048211668127321340313865
 428022             139971389313732137121391614025140701431714298133461202510945
 429021             10189 9845 9744 97971003111121133081506915648158861600215988
 429022             158721581215570154231556315790158811608716048147981336511903
 430021             109791052610298102631051211574135771510515419154601547815372
 430022             151921511414954148391495715167152481553015657146491302211611
 5 1021             106851021310061100211029411322133141483715185152841533915290
 5 1022             151111503914848146491458714453142751448715300145001290611415
 5 2021             1049010043 9854 98071005511097131861498115610159141616916222
 5 2022             160881601715847157131577915816157511589515771147081309611630
 5 3021             1065710169 9924 98451008711055130601470215135152781540415276
 5 3022             150701494914684144031421714037138571402414604140191282911523
 5 4021             1057110061 9788 9662 9726 9972106671180112779132791339513248
 5 4022             129401263612342122031225412354123591256813324128651185610773
 5 5021              9886 9367 9096 8964 8987 9095 94221026011270120181235612490
 5 5022             124271221312007119561209012315124321280013707130761169210448
 5 6021              9607 9235 9100 9081 937910346123961411214781152101557915772
 5 6022             157901587015776156111546415235148851511315553145511278211247
 5 7021             10251 9774 9540 9441 966310624126451437414995152861568915845
 5 7022             158631599115942158731585615679153811544515983150781331411746
 5 8021             1069610144 9856 9718 989810725126971437614934152491544015521
 5 8022             154711550415402152031507314846145921476315289143731267511168
 5 9021             10218 9709 9539 9464 968410677127601448915004152531543515452
 5 9022             153491530315138149961506315133151201529015393144361283211353
 510021             10396 9889 9622 9541 974010647125861423014823152691558115631
 510022             155401553215397152311505614686142511406414601142601283111285
 511021             10204 9617 9285 9135 9146 9314 99721121012377129971315013064
 511022             128261257812369122521228112372123521246713177128311181110677
 512021              9758 9197 8910 8763 8748 8862 91501001411164120261246312656
 512022             126801254012370123611266413024132141344813718130101173910558
 513021              9754 9361 9195 9166 945010514126721458215339157271601716123
 513022             160771602015906159151620516551164521631015910147751309111654
 514021             107251026610042 99821020411157131941487715402155841569715641
 514022             154561538915163149881500515025149851495315313145551298111495
 515021             1055910100 9908 98701012411043131261473915209154801557415523
 515022             153681530215121149531494014838146091456515208145941294811434
 516021             1046910031 9806 97471000610910129621456315059153031559015658
 516022             156471570415595154641543615274150231503415449147721312711607
 517021             1059110045 9779 9670 987610794127561458815350157171596916041
 517022             158971582115635154201517514713142631411114615140771273511368
 518021             10340 9716 9416 9236 9260 9561102261143312881139601456114664
 518022             144091406513701134431339413405132881326113700133761244111347
 519021             10405 9876 9624 9502 9525 9527 99191068511639123241261712687
 519022             125401227112029119061204712362125421285113551131831200810820
 520021              9991 9631 9517 9524 988410827129241457915079152801544415438
 520022             153161525115048148671484914824146481466015148145361294411439
 521021             1055110113 9952 99321021111133131891473515114152591539315430
 521022             153041524515081149251490414854146141455315122145171291511433
 522021             10434 9997 9808 97671004710940129781452215044152401543515460
 522022             153731541115292151341505814855145781448315050145521288611305
 523021             10300 9806 9602 9545 978910601127081437514995153601563915745
 523022             157191580715728156571557215338149561472815232147641307411443
 524021             10408 9844 9570 9469 966110380123821415814995154961589716122
 524022             161861631016265161451603515763153371513415376148021337611880
 525021             10690 9951 9522 9273 9209 9179 97831091012065127521300512956
 525022             127931256512342122271227612397123881237312915127251171110588
 526021              9722 9185 8937 8790 8767 8757 9079 992311013118931236412555
 526022             125461233812155120071208312215122441234312796125571162110504
 527021              9641 9140 8877 8774 8808 8905 93451033311526124711293513176
 527022             132351309712976129841321013441134511357214175138561228510890
 528021              9984 9536 9346 9281 951010402125461453515495160591649516663
 528022             166581678216746166141651616290159511580216060153151351611883
 529021             108151025610026 99241012010989130581493215697161751658316871
 529022             170001717417139170711703116774162901603316415157471394712262
 530021             111331050110208100931029111143132111505915886164871686617295
 530022             175321773917775178191778017431168761651316777161731438212661
 531021             114991088610562104391062711474135461546816425170701763418013
 531022             181291828418287181041778917078164191606215728150261376712303
 6 1021             112031052410128 9892 9827 9825105771195413371142551469114863
 6 1022             148401475014684147121481914848145821431714574144601329411935
 6 2021             1084810142 9728 9514 9449 9461 97511056811733127711339813698
 6 2022             137311350213267131461320013301132501324913669134331209910743
 6 3021              9834 9378 9199 9159 938410168122741410114907153281565615798
 6 3022             157851584615771156871570315529151381483515162147211299411345
 6 4021             10363 9848 9609 9540 973310493125371430214999154081572515858
 6 4022             158671595015874157991575715531151271506615453148121310911539
 6 5021             1054410028 9783 9688 992410885129871484415584160491649316648
 6 5022             166141671216697167151682916728163381610916473159931423112556
 6 6021             114951078910503103851057911517136361568516624171391746717469
 6 6022             171751697816642163671625316078157681560815647148201322711673
 6 7021             1062610074 9816 9706 987310757127071451215324156811592715928
 6 7022             157491562415400151851502214691142331392814144140481288011449
 6 8021             10399 9787 9480 9340 9340 9444101141128712573133281360913610
 6 8022             134071316912971128811289812967128481276713172131081210510946
 6 9021             10052 9458 9127 8964 8931 8869 92101007611265122341279913193
 6 9022             133271328113260133821363313940139481398514590146041318311704
 610021             1068810134 9846 9730 992310658126851459615538161261657516773
 610022             168211697316999169901700316761162561586616086156621382912088
 611021             109601037010112 99991019811022129861483915756164551714617683
 611022             181051864319008192781932418808180871751417470166931479112982
 612021             117841110810764105921071611469134221530316188166431701217185
 612022             171271715517001169331687516638161521576215646149121326611701
 613021             1068110144 9873 9792 997610778126811449915207155771585715945
 613022             158751590415824157231568415466151031495615332149731339011790
 614021             1074110173 9897 9785 995610704125551435215242156871605616141
 614022             160081592815736154371528615071147671452714599141111292611570
 615021             10538 9938 9628 9477 9481 9712103181142412809138571434414422
 615022             142051383613489132841328113356133511336313533132211225811074
 616021             10141 9588 9282 9124 9084 9116 94461029111463124541298813221
 616022             131601292312722126601285313103132261319713528134411219710941
 617021             10098 9664 9476 9433 967210398122221409915174158421633016552
 617022             165581661316539163821636416169157431545015674152361355511913
 618021             1079010193 9899 9760 992710588124711437815427160571651216741
 618022             168231698417016169401687416616161381572315852156171396612256
 619021             111171045910133 99781014110829126571454315765165101702917311
 619022             173801753317539173981731616973164361596716057157811413312433
 620021             112301054810219100661019410855126451464115906167721739217772
 620022             178841811118117180391793517566169371636816365161321447212712
 621021             114821071110435101761033910913126321465816043170171774418222
 621022             183761866418745186791859718159174721678616758164481501913374
 622021             120951129410845105391047310521111981254514117153711620216618
 622022             167381659116392161891605615922156331532215370150771389812599
 623021             115341080710407101661008810049103401120612436135901448315177
 623022             155491567415736159191621816438163661623016505164371503113522
 624021             123991178011465113521157012303141431634717760185931914419402
 624022             194621956819616195851956819306186511792417669171781527713352
 625021             119811125710843106421075611341130761506616307171441778318143
 625022             183261862518817187991886818628180381745117448170771530813464
 626021             121971148711111109401112011842137261588717468187411994620908
 626022             215322207322250221122188421367206822011920008193481751115621
 627021             143181350113061128311298313729155981790419537207552165422202
 627022             224792282822946229532274422086211792048920445195751749115497
 628021             140961327312824125991269713355150351699818419194222018320687
 628022             207782099120962206242032919812190481836618164177571621814453
 629021             131271222011643112481110911039117881324414844160141671717044
 629022             170951704517022170281706716964165861607616082159381474113289
 630021             120591126110785104851035110208106381171113129144271540116141
 630022             165901674016797169321712017200169511660016745167031527213658
 7 1021             124731180811449112861144812127137741582917397185891969720571
 7 1022             211682168021910219702197621743211952062220531200961817016087
 7 2021             146291379013298130421309913668153831757019247205232165622436
 7 2022             228802335223712238282389423649231392265222569222012032618236
 7 3021             166661574115203148411483415289170391934021210225702360924227
 7 3022             244792471924780246642450724109234192266422285218082024018411
 7 4021             167681564414903144341419514056147411614417921194732057221230
 7 4022             214252136021248212062124321173206922020120000196871867917248
 7 5021             158591487214196137221345213438143011578017107180201842618455
 7 5022             182601807317882176911754917220165251582415686154371425212919
 7 6021             117471103610606103491027410218107201186113246143831508515405
 7 6022             154901541215319152601522815156148721461614696144831347512296
 7 7021             112851064010233 9992 9922 9869101291091112063130501374814216
 7 7022             145051461414684147461494715169151761514815506153191404312639
 7 8021             116011098710673105471072311383129661495816464176401874919637
 7 8022             202322073320980210852120421098206482007920064195721770915768
 7 9021             143041344512968127201280013447150891709818548196662059721382
 7 9022             218712237422395221162181321359205791977419320183891660614882
 710021             136301285812404121591219412722142511610517173177311808618251
 710022             182381833218310182611819317842171431645716247159501435712652
 711021             114541077310403102291034610906124541426115330159531641216584
 711022             166101672316683165931657516368159051542115464152531374512165
 712021             110491040710061 99481010810636121421401015288161101670317002
 712022             170691723717258171981717316905163931580015759155591420712697
 713021             115191081310391101621011510216108581215313632148181555915922
 713022             160141601116025160801615416112157741539715539154571433513013
 714021             119131119610769104781036610291106021152712831140321500915692
 714022             160661620416318164691671216852167221642816690166241529413711
 715021             125841193611579114071156312221138911609917715189151997120688
 715022             210182117221199212562129020997202441944519016184001663714668
 716021             133171255212034117771184312341139171583416978177021821618484
 716022             186161880218790187091861318253176131703317043166531498913248
 717021             119981130310908107231087711469130481502216360172461804518545
 717022             188521925719526196611981019679191921863918721182891660714851
 718021             135531280812397122361238613136147561708518884202572143322185
 718022             225662296123081230892309022749221032147821358206711871616705
 719021             151971430313667133501334113955153591719018400192161987020248
 719022             204412071520730204811997619376186911801317656169041548114046
 720021             128721207811610113571131311494120271315114437153961583615911
 720022             158131569015599156361576315825156121522715381152531411912809
 721021             117011102910619103841030810275105451144912767139411478515425
 721022             158371605316128162881649316678164881614916453162271486413353
 722021             123911178511510114181159112295140061619417840190922014620928
 722022             214692203822221223082240222218216182083120756200961811916164
 723021             147291395213531133171344314134158441808719864213232256423488
 723022             240912456324539237292241621374205531990219639186961690615139
 724021             138071299912444120661202412579138901546416428170501757117793
 724022             178541796117912178051768517311167281614916258158451421812584
 725021             114651080210483103191044911068125611444115678164481699817270
 725022             173451749317479174081731017023164681595616118156631408212518
 726021             113761072910381102211037411009124051420115400161381658116851
 726022             168321682416658163771610315713152461489615125147191344812097
 727021             110811047710153 9989 999510257108021189013213142501477414895
 727022             147251446214244141091415314260142121412814491143111332012163
 728021             112041060110277100891005210119103861118012336134121416214657
 728022             149411503114973149821522115559156771575116352160521490413561
 729021             125581196811686115971184912760145441683018723203082157422318
 729022             227482320523404234952358623431229142226222207213811924117063
 730021             155321456713971136591372614408160571829619992212422239123158
 730022             236172396824125242062422923819229812212421954211311902916856
 731021             152371422513606132381323013810154051763019319206472176522522
 731022             229242333723525236162369923488228402207821998211451909216970
 8 1021             154561452613907135801359314204157471792419649209982216922922
 8 1022             233192371023795237412362923167223332154921463205441855816597
 8 2021             150511415113606133071334014009154091738419016202542125422008
 8 2022             224432284522919223462131220383193451860018394175671614014648
 8 3021             134231265412228119451184812012125301382415578171121828019060
 8 3022             194461959119678198101997020008196721913519207187061724815640
 8 4021             143211338712762123431210411985121561321114815163771766618678
 8 4022             192861958119792199922017220222199251959019995194231783516169
 8 5021             149851432813935137671393214797164171843119885209582191422604
 8 5022             230932360623777237842376723496228142216822162210821897516913
 8 6021             153251446113886135001343513895150431654417460179051813018160
 8 6022             179831795917824176071745917149165961613816419157051412212617
 8 7021             115241092510626105051066511377127731458915770165461710517401
 8 7022             175041769617711176021756717356168501640516725160221441912855
 8 8021             116931104710709105351068511421127901466415963168231742017727
 8 8022             178021795717937178271775017480169851651316808161301451012932
 8 9021             117491109910731105731068111319125931445115860168371749617800
 8 9022             179101807818086180071790817604169861648016627159771460813118
 810021             119721125910810105601051510703111511233813825150341581216277
 810022             165541667416797169531721917285170181665416987164381521113817
 811021             126521187211370110551089110893110181201113481148541601216985
 811022             177091809918357186541894919111188561849518918181961658714983
 812021             137931305712616123601244113138145301662018392197402098522004
 812022             227252333423603237262372423438227702209722155209321881616802
 813021             153501443313916136001361814273156901773519508209762240723460
 813022             241552470024838247352453224153235052299523092218951977017751
 814021             162661531914763143941441015063165201857020307217642307724104
 814022             247602521925348252772515424605238612334923404222262007317991
 815021             164541544214862145281454715245166661866520188214152251523330
 815022             238472435624583246032446423979232192263222779217061974117814
 816021             164151557015089148761502215828173281915120546217212287023692
 816022             241452444524506243152396723263223922184021664206081899917290
 817021             158691498314386140031382913957143751574317641192252031720916
 817022             211412127821348213882138521206206372014920354195081803816471
 818021             150931425813674132921311913176133451415515581171581862119770
 818022             205462090121060211982138121452211322090521357204481875117054
 819021             157931499114495141851420214820160931792719468206022150722185
 819022             226932318923338233032324522873220542139921430200621798315991
 820021             145801371513249130001307413811151801662017568181511856618843
 820022             189641916919180190511901018760181751781718105170711535213649
 821021             124701175311335111051130212085133981514116477173681807118485
 821022             187041901219146191821910018769181201769917905168681516313566
 822021             123691165411292111311130012084135051529216716177581852818961
 822022             192151947919472192501896318625182241819418107171661560214109
 823021             130361238112047119061209212950144261602117111177111799718037
 823022             178541782117682174691726616835162581601816217153731400412529
 824021             114221075710366101441012110406108771188013123140371452914601
 824022             144421418013921137461377213953140811433014323137031267911557
 825021             1064010063 9751 9560 9534 9668 98691061311805128241357414055
 825022             142681434514366144841476315003149631514515723149691358412283
 826021             113291078510521104151060811444128671465916059170431782918332
 826022             185741884518923188251865918318178421785318049169191518513544
 827021             123881170511304111281125512097135921527916514174631823318693
 827022             188921913219137190111883518440178071782217965167171489713255
 828021             121501148511093109101104211937135701504815930165791705617272
 828022             172951735417306171231693616646163251658916596155241388712385
 829021             113231075810502104171061411561134021496915907165011687816915
 829022             168131672616584163571636016411162911636216062149991348212073
 830021             110391046510169100601021511078127831435015375160281643216539
 830022             164741647916397162571616215940155591560415766148941353512134
 831021             110411039610035 9844 983210107105591145912722136581411914199
 831022             140461377313530133581329913318132281354713802131551212010971
 9 1021             10076 9524 9214 9031 9007 9169 93621002911076120031255212876
 9 1022             129341273312550124341252412724128901337313432127711184710822
 9 2021             10016 9521 9257 9142 9198 9453 98951057311744129381375814113
 9 2022             141401394513765137011392914208143831486414816138301244911211
 9 3021             10396 9963 9797 97671002011071131391481215790164511699017267
 9 3022             173741753017540175141759517532173001765317544162281446012863
 9 4021             117721116710848107021090611896140281571316530171851783418347
 9 4022             186631908519247193421935819044184571855818422169651499613194
 9 5021             119781127610923107511090111864137671535016245168331725617415
 9 5022             173901754217530174871741817080166161684316761155211373712120
 9 6021             110731047910153100331019511132129521446815299159211637516628
 9 6022             167081696316967169211681016465159601614515949148931346712021
 9 7021             109641035710006 9790 976510060105671162813007140671464614954
 9 7022             150641508915112151591524215248150741539015337145201331512071
 9 8021             110371038610018 9838 9760 9868100301082212174133511415914843
 9 8022             153611564315885162121655416815167621725617297161141438812940
 9 9021             119141129910991108511106812120141691589417099182491929820109
 9 9022             207322138621815222212237022202216252181021426197331754315556
 910021             142491332512801124841255813453153411691118084191262012320870
 910022             213392183522046222112217121748210042116720735191441699815112
 911021             138551312812739125431271613740158701736818137188411926619443
 911022             191101867618154173221668216138158011610415748145931297011554
 912021             1067110195 9945 98171001810993129291435614933153441563815821
 912022             158551598915975159711595715797155981611315861146601298611496
 913021             1058010063 9831 9741 994610946128911436815148157801626116551
 913022             166211676616726166511657416269159421636216040150631365612235
 914021             111681053810186 9987 996510283108811190513302142961488715194
 914022             153251532015304152141521815193151601584915635148981379312644
 915021             117451115310804106111058110787111871194113231143021502815523
 915022             157861582615727157301594816298165701689816504153871410212819
 916021             119331141811189111111139412474146491637817369181131859918854
 916022             188831878818697184531833418105178771818117559161651436412679
 917021             116071100010684105501071611697138421523215867163671681217050
 917022             171851742317464174611743117198168821741316909155821376612154
 918021             111391058110240101131033911385133951481915603162081671616963
 918022             170481723217230171871710916821166001723016704154021359212040
 919021             110071046410180100721028311339134801490115605161801673217063
 919022             172191745617521174891743517141168691745216893156581390612321
 920021             112811074810443103341052511545136171511315969165861705117391
 920022             175931785017848176981745316954166631709416576155561415312750
 921021             116051095510579103931041010773114871256514004150871576216107
 921022             162361631016312163281634816331163901700516562156791444513141
 922021             120631137610968107361066710835112181193413174143071506615752
 922022             162541643616408164281652716637168411762217219160621470413382
 923021             124461195311736116891192013016153111693417635181541858218792
 923022             187791877318603183631817717876176691809117317158361397212377
 924021             113381077110483103361052911546137141511515643160291636616515
 924022             165591665416610165481655916467164941702716354150481331311773
 925021             1075510218 9962 98321004811102132631463315231157251613316376
 925022             164301653616474162961618016105163861687516229149191322111723
 926021             1072510234 9997 98811008811129133111479715346156831597116017
 926022             159731596915833156911575015947163491659515862146961305511636
 927021             1066710127 9905 98011001111032132131485715525159041616416222
 927022             161251607915885157231575315833160711602415437145501330412128
 928021             112061068910408101681015110448110951203513309141651454814579
 928022             143631411113808136451365313734140731458714095133131222011088
 929021             10158 9576 9259 9055 9023 9222 95991026311406122521269512905
 929022             129501282212684127081295713338140271472314257131191182110642
 930021              9855 9468 9315 9296 954610654129351443115059155121593716067
 930022             160551612416036159331596516011164081688616140148591315411683
10 1021             107601024710017 99111015011253134771487715524160331651616818
10 1022             170221727217331173391728217108173971790417202158211406312532
10 2021             115041093910688105871079611880141671563216411171031775718219
10 2022             184451880618965190261901118794190171937318729173631545513720
10 3021             125541191811565114091160112681149591645617087174641767417627
10 3022             174031719916840165721646716438168391701316219149981333511861
10 4021             108101028710026 98991011711151133461480015358156641587715887
10 4022             157881577315624155051559915764160581588415264143641305511802
10 5021             108591033110079 99431004510516113931251413870149041548415645
10 5022             155071531615131149801492314852152041539814744137801258811361
10 6021             10373 9724 9372 9175 9127 9308 97111036011484123331274712937
10 6022             129821284912722126721294713340142421475414197130831181110666
10 7021              9874 9494 9345 9304 961510757130611465815234156991612416294
10 7022             163231640716334161701616216224166911680615978146821296811475
10 8021             1050610005 9766 9662 991210981132641464515056152821548015469
10 8022             153971537615234151031517215359161561642715796145551288011429
10 9021             1051910068 9864 98211009011208135371491815294154371555715546
10 9022             154381542615260151181522415591164541656615895146521297411474
1010021             1051910036 9790 9727 996711074134281491515331155751572515730
1010022             156281559215430152691535615652163931647215814146521301311565
1011021             1058010084 9839 9756 997311026132111477715351157171593215924
1011022             157751569515501153491536815582160351577215131142121294011595
1012021             1058410019 9720 9564 9594 9924106641167612956139091434414320
1012022             141491384813598134411350313919145901447113995132141222211118
1013021             10186 9631 9367 9224 9194 9376 98731055811669125961309913366
1013022             134511330213135131211338213891145991450613977130201201310946
1014021             10099 9612 9380 9321 951410240115801275713859146051495514962
1014022             147661459514383142541444114913159971622615581144821295111567
1015021             106511021110055100541036111545139091538715753158101585015744
1015022             155481544215229150651518915698167951678816065148431322111745
1016021             107961031810114100701029111399137331540915909161231652216535
1016022             164351639616234162431656017026174441710116234149661329511824
1017021             108261029910056 99961025011346136911507815385155121565715628
1017022             155151547915302151671522315499165181654015834146961307111639
1018021             1065310145 9898 98221007411160134621493015351154981561015561
1018022             153701524615003147541466814842157471566515094143051310411786
1019021             1076910250 9977 9858 993310353112211224013338139661417314104
1019022             139181367813439134921384214450148991458714045132871227611197
1020021             10274 9698 9414 9259 9268 9510100731075211826125841293613077
1020022             130441282712585125511284713564149051496014441133981216610992
1021021             10285 9910 9718 97491010111322137941537915702158111589315839
1021022             156341550015288151491529715806169461691416180150221338111978
1022021             110501060110412104171074411954144361584516104160711606015908
1022022             156951553215321152011535015957170581695716282150791344011991
1023021             110651059610370103351061611796142251589016269164191654116413
1023022             161861601015719155751569616234173211721616569154071380912365
1024021             114131096210765107771108812306147391619516422163401631016119
1024022             158721570915466152851543515997170861700716367153041365912189
1025021             112281075210534105011079911938143341582716138161511609515884
1025022             156021540615134148541488315360162681594915408145801332112022
1026021             110071045310172100341008010455112481234513613145881507015140
1026022             149491466414377142401437814779152281485514301135881264511617
1027021             10654 9920 9601 9530 965310018105971165412619130911318813160
1027022             130221281512682128611375615362153711495014269131351196111010
1028021             10279 9956 9860 98791025011602138121516915527156441577615755
1028022             156321555415386154251625417688176221710916257149911337212033
1029021             112511081010677107171109312428146401589716088160911608015951
1029022             157831578315702158291674318032178881732116525152051356912184
1030021             113791088810685106881104212328145531593816237162741632716232
1030022             160591600815843159231681318052178931740116680154191379312386
1031021             115281110810944109751133912632148211608316294162141618616024
1031022             157571562015395153951623817346169371651715990149621342112103
11 1021             112571087910659106411095812150142611556515829158801591615853
11 1022             157211566115485155071626917259170001641215718147811354412276
11 2021             114081098210802107541091511405121991333714415149481507214902
11 2022             145761424514003140971500116436162771574915179144201339812340
11 3021             115231105210829107331078611055115101234513342139321410814130
11 3022             140141377513607137741492616547165301610615447143171303911961
11 4021             112551095210820108491121012483147841626016592165981656216489
11 4022             163561636216415164511739518416181371751216638153541369912308
11 5021             114391101710853108471120312412145111573016049161051612216025
11 5022             158281574815569157041679317973177961728016451152311361112202
11 6021             113131086210674106541094112065142851578216281164741662516577
11 6022             163991634116264164161732318223179051736216525152501364312302
11 7021             113981096110793107751110912304144901579816111162331629916247
11 7022             160681599115887160211703618444183881797517252161131452213079
11 8021             121281165711401113621165512813148751608516341162881619115985
11 8022             156841553515294151641596417072167601614215432144731313011809
11 9021             108561035010066 99841007310503111621225513363139551400913837
11 9022             135281317412996130651418115455151811466514037132791220611159
1110021             10336 9820 9503 9395 9422 9611100561076611855125971293613004
1110022             130881295912904133561453015450152081466114185131241205810949
1111021             10091 9747 9516 9465 972210589121831370514866156561610516193
1111022             161631603715912159461689617733172901661715775144921281311413
1112021             10461 9961 9724 9674 991311040132901470515199153911561115719
1112022             156991574815743160511712517793174471687116063147951316911720
1113021             107861030510068100381030511463137801525415683159011609016143
1113022             160781610116008162421717517899175661702116250150741340911966
1114021             110491059610381103731068011931142091546515697157221570715591
1114022             153701529215099150981616717455174321693516181150531343412010
1115021             110361053010290102171048811630138261512815454155251557315473
1115022             152701517914949148701578216786164291581015139142641304111802
1116021             108071028010041 99351004310506113671244413821147441518515298
1116022             152141506214995151781613216742164111583915193143551333012281
1117021             114111084610507103071024410470109671163812780137711440814796
1117022             148751476014650148291594316769165411604715358142591306511895
1118021             110651065010472104931084312037143101575516224164661664816602
1118022             165031646316318164501764918749184751791617067158201417712697
1119021             117041123611061110841141012625149091622316522165631658316444
1119022             162811623616175163701755018430181261755616751155051383412355
1120021             113941092410848107511104212270145721585416051160241590615786
1120022             155421546115333152841647717758176051710516453153161368612371
1121021             113731095610802107911109612304146671602016316163961642916378
1121022             162021614816053162071728118056177781727816451152721367612201
1122021             113121083910571105111079511884141441574516225163931648816401
1122022             162261612616008161001695217430170091634615644147281345312166
1123021             111061058210275101741029610785117251279314060149311514615093
1123022             147891438314112142221545616606163461584615287145811354912433
1124021             115351097710669105271054010785113041197312961136261385113942
1124022             138891372513564137301519116470163631600415367142911296611823
1125021             110151064610495105241085112256144921601216431164031639716307
1125022             160981607015981160811730218192179551742416713154701378312275
1126021             112921078110546105451086212078144211576516003159881600515917
1126022             157541569015529156371690118041179191747616857157191414812625
1127021             116701121911015110311136712482144571591616730172001740617421
1127022             171761701816768166821775818763184891795517300162531479313353
1128021             123211177211502114141153712010127941374014799154931576115668
1128022             150421412613440132241399114632146971473914644141971334212376
1129021             116641128811135111191134612016129581380314698151701537715534
1129022             155271541115314155111671017271168921632515636147531358212380
1130021             114221088610598104591051110863115781243813589142681442014362
1130022             141541389213795140081525216063158501541114895142101321812097
12 1021             112451066110391103021036710679112831197313089139621441814639
12 1022             146931460814550148561647617802177941743816787156031424112973
12 2021             122431188111632116541198013205155901700117452175621758717482
12 2022             172251710716932171101850919523193021873317919166571489413354
12 3021             124701205911947120391248913833163031755817830179071794917841
12 3022             176481753317389176701908820489204171993219239179931620914665
12 4021             136751326013071130951345014662170641831118359181791801317759
12 4022             174291723917075172721882820053199181948118851176471589814327
12 5021             132801281212602125751288014076164871794218207182841839218351
12 5022             182691823218109182651958820648203311969718773174221563514079
12 6021             130911260412335122891259313749160241735617721178381786117723
12 6022             174751733116959169181817319213189341841317811169231562314270
12 7021             131811266412412123531249013000139181491515888162281614615844
12 7022             154221504414819149791650617728174941702116456157261464713450
12 8021             124041181111509113851146011722123551307514044146141473914692
12 8022             146381450614406147961655817740177561751817021158971448413286
12 9021             124411215312096122351269714054166711817418466184751837718210
12 9022             179531773117573177941940220850208042030719592183301650514805
1210021             137721326913036130111329314468168701818318297180721788617577
1210022             172271707216935171611877420047199121949118846176351580614160
1211021             131021263212445124531278013999164221781217983179131779017607
1211022             174601742417362177001915819928196651910218311169711514213478
1212021             124021189811638115841188813031152471681417282174101738217176
1212022             170441695916810168711820419253190711858417908167421500013357
1213021             122511174011512114931180413003153851678116923168691676316572
1213022             162861619216075163521776618493181531753516884159751461213100
1214021             119251124710919107671082411234120901324614516154331578415736
1214022             155861539315287155521665317214169401640615865150961403212795
1215021             116921103510697105341055010812114201214213271140341434614422
1215022             143161406913915142481603417344174041714116626155811398912501
1216021             114781101810836108501119312449149241666917160173821766417773
1216022             175881754317522176631909720445201641959718864176631592014163
1217021             129321242412206122201259913867163091776317945178651771717593
1217022             173351719817057172421879720294202201985119289181611638914636
1218021             134971300212788128031315614393168471822018226180011775217420
1218022             169731675416547167291825519716196741932418840177461605514366
1219021             132421273612541125321287314056164411778217866176101732417006
1219022             166091643816271164821798119112189571856617935167761513413314
1220021             120511140611078109971123112335145741621016631167571682716753
1220022             165711651016427166621764918138177471710716425155161426812769
1221021             115911094910646105661068411155120651309714256148851504814989
1221022             149001464014503146961604017203170091656116072154111434413062
1222021             118921120510855107141073110988115621234413422141761447414504
1222022             144341414813874139481544416848168851664816248154111413712714
1223021             115381096810739106891097211930136411519216238166501671616554
1223022             163081616015960160001741318635185441810817548166521524113590
1224021             122711156611203111141130212098135681485715739161661622615978
1224022             154531505014779149081639817191164661567115249148211418913221
1225021             121081132110867106811071911063117531262213612143911481215162
1225022             152311493814666147141546715993159621573015433147741371412573
1226021             116491120011034110191128412041133701452415433160131635416445
1226022             163121613115930159551733318728185971811117461164321498513542
1227021             125101198611761117431201512831142551546516277166791678316628
1227022             163091602015749157941711318407182411773917189163051503413676
1228021             126061200411707115721163611997127371354714623153591559715418
1228022             150551466214391145131593517302171631677716296155691442813189
1229021             121661156211246111181113711390119381252013440140951437814482
1229022             144501429014146142661560117225172631689216335154201416712953
1230021             120631164211503115321183512758143941571516501169311710017015
1230022             167301645816238163351767218969188171827117506164121487113367
1231021             122841170011394113091149112283136681501515963166011692916894
1231022             166201634515967157361680917727171571616515310144461356212745
