 1 1031             120651120110656104151036110587109881127711972128181354114035
 1 1032             142151420814156144981588216845167711645115820148231350012298
 1 2031             115341116311023110911144112582145601615816890172621744417451
 1 2032             173871730917131172731847019584194911895518210170031531713939
 1 3031             129511231412096120341229613340154101694117421176801784217895
 1 3032             178411784417659176021858219404190651830117456163381500513722
 1 4031             126881201711686115641162211934125971327614333152881587716114
 1 4032             160381580415578156381669917747174761689816261154211430913168
 1 5031             121911162711347112341128111571120631274913645143061463314754
 1 5032             147211456414483148081619317568175261702416374153421404812820
 1 6031             120001160511453115311188713155154891698217343175021764517641
 1 6032             175581749617313173261833919618195161897918161169091522013689
 1 7031             127031225312038120331233913547159101737017538175431753117460
 1 7032             172661717717031171721828719699196721922318534172941556714057
 1 8031             131041265312447124291270613835160761761617824178141777417678
 1 8032             173461719416925168991793919288191261859117835165131484113320
 1 9031             123651185811644115871185912999152871674816949169701704716955
 1 9032             167241660416414164631748818829187531830417600163911471013198
 110031             122481173811534114751172812821151591668016959170511706316947
 110032             166841657116362163831728518630184701795317311164141515213808
 111031             128711235312121120421214912597134461435315455161321631816247
 111032             159801563315374153791630317718176111708016525157701468813619
 112031             126841213411819117171175312032125621319414161148531517215299
 112032             152451500414752148611604417700177851735316737156651431613108
 113031             123591203211928119631236013626161031757817891178981780517682
 113032             174801730617159172561823019613195361903518248170121534713920
 114031             130631268312551126091299414255167071812018239182191818117997
 114032             177251754817316173661835720027200181952618855176091592114509
 115031             136751329313123131401342914637170441843718570184481832518154
 115032             178241766117499176261865320054199941950318800175981594014497
 116031             136401326413115131441346114688170791843618487183811833118149
 116032             178191764017456175821852519853197621928718530173021565014207
 117031             132751280512605125701286814025163041770917919179501793017724
 117032             174351721616956169401768719075190081854417977171911599714847
 118031             140111359213442134081358114061149031592217048176761780417579
 118032             170861655816160160911692518567186381821517698169821597614934
 119031             140451354313310131871326213520140571475415771163911665416730
 119032             165701626515995159851686718383184381801517429166031543714281
 120031             134541304112861128061304713914154371666017493179791822818275
 120032             180441784917707177621865320298202901977219039178421629114918
 121031             140981371713597136241399615234175671890319076190361902518909
 121032             187101858818416184501932420969210522058019812185991695915596
 122031             147431435614214142461457415758180761945119549194831945319343
 122032             190981894418754188351972121413215332112220390191271748816071
 123031             151851475214616146141492616066183911973219871198511977319541
 123032             192341902118810188281961521124212652084120131188971726515839
 124031             149911457514407144171473015836181351946419592194871937619105
 124032             187071842218061179801861619940198761935718784177921650815203
 125031             142441378813540134781359914016148081575016971177131779917501
 125032             168741630215921158591656418097181661764117076163021528014173
 126031             132801276912516124121245212709132611385714826156161604516240
 126032             162091602915897160201681017981176541700516488156731463713502
 127031             126481231812217123381276714008164681794118381185461867218628
 127032             184461833218162182411912720937212752091720172190101735915956
 128031             151071472714611146441498316109184741981219995199081979419539
 128032             191891891718641186261928620803208602030519548182581656715043
 129031             140771363813426133801364014723170341834118563185621859918527
 129032             182861816417954179641861219856198461937518659174211585614444
 130031             135751318113079131401352814738171241846018564184151831218085
 130032             177861761317398173061785419313194661907518345171861552114051
 131031             131071264712442123811268313755160211747317775178091781917653
 131032             173811727917091169871747618435182951764216964160441474213444
 2 1031             124981196611708115561161512000127691374915032159411635916429
 2 1032             162151590115690156921621117267171501662215967151511410213043
 2 2031             121361160111324111801118911422119381257313654144971501915307
 2 2032             153611516315015150761581217253175081705916371152571389912760
 2 3031             119041153811369114011175112953153241655916754167391672516572
 2 3032             162971611515855158241644518168184021788417100158381424612812
 2 4031             118871146711292112591156312695150111650016818169321704017058
 2 4032             170081701517036169571744618546186351814217334161731454313133
 2 5031             122511183711666116931207013267156041687417115171481721917111
 2 5032             169951690816786168241741119001194341908618457172641568414215
 2 6031             133251292912748128091315714358167451799218075179561783617604
 2 6032             172851707716829168561740218920193361894518176170211543913945
 2 7031             129971255012368123311262013742158041710317621179901825718319
 2 7032             181621793217549172781751018732189611829217501165301528714036
 2 8031             131731275512582125451268613186140481498515977164391649716263
 2 8032             158141535415037149721547717060175961713316620158771489813887
 2 9031             130421254912339122391228012579130641369914681152321545515449
 2 9032             152311485014540145971527216953176691731316683156161435113203
 210031             124421210612016120591241913627160221736517688177451771117619
 210032             174711742017318173961796519261194301882917944165951497313527
 211031             126231221912094121981266513983163911763417895179651799417849
 211032             175931743317234173421795719420198491942818698175561595414460
 212031             135791321513088131061342014592168771812918329182821817717963
 212032             177611759917391173921793019394200211965719026178581629514909
 213031             140081364713524135731395615197174791871018846187571871018543
 213032             183061813717937179191839819761204102011919483184491694315564
 214031             146351427414145141981456515766179981918119375192731912318857
 214032             184841818817807175981786218939194171894218357174851627215088
 215031             142251377913532134641356413992147331569816843174681754317385
 215032             169391656716375163751679018192188561852117998172781628715323
 216031             145561411813932138561389914180146891540616510172811760517659
 216032             174321711016837168051726418527190121858817923170211590014845
 217031             140361366513496134851368314459157321677217792185171888019008
 217032             187591844818100178411822519389195131878617831166931554714318
 218031             135011307912900127981305013836150461606616932174531781817922
 218032             178321761817402172921759718682191901861517756165841509013876
 219031             130671263812477124771278013860155911682917306173381729117035
 219032             167811652216224160931648417721184201800917316162001481413409
 220031             124831201311814117871208513234148561609316474165901656516429
 220032             161151592115639154721570616830177851749016823158631452413254
 221031             124291203111855118791214113262149531613216599166411654816320
 221032             159761571715411152151548616503170151658015971150971393812742
 222031             118161133311060109411101311419122051313614361152401566015747
 222032             155761537015242153321579516755169001634415652147771373112677
 223031             118091128410995108731088811140116871236113442143141484615131
 223032             151361494614771147811533516449169871674016169152521411913110
 224031             123731207911990120321241813621157371694617346174731751017332
 224032             170431689816803168691740118496189921855517806166531509913733
 225031             128511245812293122831265013893159851716517388174631754217451
 225032             172601714616946169101736018633196071936018769176801611414787
 226031             139741362413504135571394115171172821853418835187611864518445
 226032             180081775517461174251773918820198111953318968179111633014967
 227031             141011377813654136841405715224172841840918548183401808217737
 227032             173271707916776166661695618067190471878418155170711551114121
 228031             132341288112712127011300514168162041757317871178231768217437
 228032             171081685316546163371650717244180681767117095162891512113888
 3 1031             130041251612299122071230512716133741434115373158071583015608
 3 1032             151981476214512144631489015908165911623615712149641394212907
 3 2031             120431154011269110851110711326117591249413641145961523915605
 3 2032             158861542015423153731576316482170371671216016149081361412593
 3 3031             118151150311457116801224813690160141753018055183041840818404
 3 3032             182201802017710176061797719073202231998419338181541658115227
 3 4031             144031399513917139601429215424174711868318813186651842418128
 3 4032             177021742617060168971716118106191271879618068168321518913796
 3 5031             128411238412172121021237813459155661683117205172641730917246
 3 5032             170231695716726166861699317715182961783517074159331430512974
 3 6031             120861170511556115641190213171153051672317241175271783218024
 3 6032             180571802717755176371799418864197291938118555174051583114498
 3 7031             137181339113291133461375014938168851799918138179851780417547
 3 7032             172021697816622164921672417503183841799017370164701520813912
 3 8031             129611242112165120201206412484130991405114912153211530115062
 3 8032             145961416813850137161400614956161231587215355146751371412675
 3 9031             118571130711064109001090211114114051212313025137991416014247
 3 9032             141541389313660136871415415290167961683416383154441422513225
 310031             125831235612307124181283414146162511754217821178881794117868
 310032             176831756117319172031752018445196011941118701174901584714512
 311031             137311336113247132681361514806168151792718021178811774917528
 311032             172521704916731166421699717902188791853517799165891494813583
 312031             126881227712073120321230013473154591670216902167861671616537
 312032             162541608815887158621608416749178251759716957158091418412794
 313031             119181153511350113461165112865149701638516810169531711817223
 313032             171761725317192172321759318148189111857417806166101510313840
 314031             130091268512585126301299414158161011734817595176351760117450
 314032             170831683516454162031630016841179351772517098162171496313703
 315031             127731226211979118241190812314129461400915068155871562715424
 315032             149901454714230140511414714750159711584915396147191377812777
 316031             119661151311284111711123711504118391254513340138191393213880
 316032             136671331713009129611325414077154531553015021140041274411652
 317031             109641063710524105441089012126141251543815781158551593015873
 317032             157111568015477153131535715809169021674315903147221313811806
 318031             109761057410394103871071311912140081546215850159121592915900
 318032             156471555315330152201539916006171141701916328151901361112272
 319031             114681114310977110321139512658146751600216324163701636916260
 319032             160161587015631154851570916356176691766216991158881432312960
 320031             121591178811627116211197613116150971637316636166411671716667
 320032             164621635016197162121662117331179731760716878156271402112621
 321031             117451125811012108711108912139140861553015998161271618216064
 321032             158091561915388151491510315350161591587515229143031304111816
 322031             109121036910098 99631005310427110871223313492142071453514435
 322032             140901372913362132001334613923148871473514183134141240911405
 323031             1059510131 9891 9789 985710062104421128412325130451337813523
 323032             134441316712906128241318814063152941537214762137011248611434
 324031             107711042110304103701072811902139151529915681157261580715719
 324032             155141538115147150941520415443167691684616145149381331111958
 325031             111451075510581105971094212096141621560615936159501595115845
 325032             156261547115267151131524915764169181693616249150131342112011
 326031             111331072710519105021079911895139011522815599156691570315663
 326032             155251548615314151681540016039167981660915910146961307011691
 327031             108531042010205102021054711654136701503215403155071561115529
 327032             153361524315020148431489415214163221649515917147541318311853
 328031             109731061910438104061077711810138191515015456155221556715477
 328032             152601514414859145581451614733157051568915049141081297211575
 329031             1068510183 9908 9752 979810119108181203113277139591423714190
 329032             139531366413363132291344014043148661465214086132591216711137
 330031             10254 9779 9485 9342 9364 9607 99721101212280133281391114336
 330032             145091445214347143731473015453161861607015432143201304411885
 331031             111471080710694107161110812295145411626916766169251699816920
 331032             166931651016181160521624716812178951806017338161001446513028
 4 1031             120791179311621116121196212996149621620516455164631646716356
 4 1032             161721613116025162221673917499181261788617063157911406412658
 4 2031             117511131011135111161142612470145041583816092160651604215974
 4 2032             157811575315634156701606416633172791723216563153271370512212
 4 3031             113561092310719106821099412064141881576216190162931645016463
 4 3032             163431633816246162531659117135177141757316783155781395312524
 4 4031             116171119910995109801128712403144771618916837170931729717308
 4 4032             171531708716897168391709517396178271753216814158241448913187
 4 5031             122321173311475113381142511731124101358214892157991618616263
 4 5032             160351571515407152871541815780165901622115585147441363612545
 4 6031             116831142811172109761096311172113951195112798136141413414390
 4 6032             143831408013752135161353013796142231538515899152001391212645
 4 7031             117771136011180112261152912617148331646217012171851729817271
 4 7032             171171708616880167821692817203174081788717680165941497013479
 4 8031             124971203611810117591203413010149691649717059172381733817327
 4 8032             171621702316786166741678716972170881763417486163721471713156
 4 9031             121881169211462114041164912764148861655217054171861729717326
 4 9032             171611706916891168231693117166172751756817420162941465113045
 410031             121481171411473114421173912853149291630816509164281635216163
 410032             159171574415465151761507715139152371612116457155901399212491
 411031             115831113210916108761115912290143861596116493166591675316732
 411032             165761658616442163951650816591165291660516305154331408312699
 412031             116581108610757105971063711003116501271514005148631515415079
 412032             146721415913746133691314313091131521379714235136631272811658
 413031             1076110209 9934 9794 984310081103771119112176128881318013269
 413032             132071291912618124601252412837131251405914653138121257611382
 414031             106481029510200102581062111837138741530315730158311589015823
 414032             156101549115230149901493014981150061570216110151011361512176
 415031             110341052110270101881043611500133781488015342155391570315777
 415032             156761567315555154281536615151150401556315939149111321311685
 416031             1070310207 9928 98621006011083129351454815279157801600416321
 416032             163221637516258159261565115418151391553215709146801310011663
 417031             107311025610074100491035411472134941512715729159731609415993
 417032             157731561315341150511497515029151701580916216153901391812432
 418031             115041106410813107721097611818132041458715401157601578115603
 418032             152641494514571142151408714059140481449814894142361309911850
 419031             107981033210121100521011710473110221209213212138181392113758
 419032             134331304912741125491256012721128221340114060135691255211408
 420031             10469 9931 9655 9533 9555 9793101051097611899125031263412626
 420032             124231192911444112041115711248115001244613317127591163610585
 421031              9883 9559 9424 9446 975410691122371375014541149931525115273
 421032             151121499114740145081443414460145331508815347143011276711355
 422031             10429 9973 9737 9707 992910940127401449215408158571613316228
 422032             161601610915870156941582015984159701608815906148471327411867
 423031             109101042610186101221035011323130821476815544158621600515954
 423032             157221560115405152421529215467155771593016084150921355412164
 424031             112081074510500104441071411720134121499215731160001611416052
 424032             158581573015473152051507615044149461526115838150351361912215
 425031             112391078610576105391082511729133031473515323155251557215471
 425032             152251505514788144801425014015138101408914691140341282411539
 426031             1059510038 9725 9586 9628 9939105411165312954139941455014712
 426032             145981437214110139891406414239142511432214268135461251311450
 427031             10521 9972 9683 9528 9515 9712100381086011892126541295513040
 427032             129121264012332122141226812487126531320914182134741212010929
 428031             10062 9651 9474 9488 977210848128311437214977153341564115729
 428032             156701567515537153881530215104148421503315757147471303311470
 429031             10418 9889 9626 9532 977110731126381428714928153861578415970
 429032             159851601415791155531541415233149411499515668146961303311497
 430031             10471 9930 9656 9590 982310759126801431814916152061539715416
 430032             153341533315192149841489014748145371468615454145731294811392
 5 1031             10426 9942 9729 9670 989510895129211471815351156781590015974
 5 1032             158201577815550154381543015401153251550015787149071326111663
 5 2031             1069210140 9829 9753 994110891128071456315211156461600316164
 5 2032             161241612415979156861547815257150131495714922140961279111425
 5 3031             10438 9874 9562 9408 9445 9750103281148612636133341353813467
 5 3032             132091287712582124251242812514124961271313502130651202910985
 5 4031             10100 9569 9308 9199 9223 9348 96611049611476121971252012589
 5 4032             125231228912062119871214012428126371304114014133131191210688
 5 5031              9879 9487 9356 9377 967610696127521439515021153201555115617
 5 5032             155161549215272150841499015042148761519315640145981292211403
 5 6031             10457 9976 9769 9707 994510972130521485715387156901588515953
 5 6032             158721581815669155341561815690156031571415826148221308711569
 5 7031             1061110110 9864 97921004611023130121471415248155931586516009
 5 7032             159761604815947157671561315415152861534615914149941326411659
 5 8031             1063310096 9819 9719 990610892129281490715345156451587315938
 5 8032             157811575515564154341548115481153651541515679148161318111649
 5 9031             1062110125 9874 97811002610981129621467015228154981570615726
 5 9032             155541545815223149551476314439141801405514171136901292511495
 510031             10425 9883 9545 9439 9490 9709103901150312603132561341613383
 510032             131731290212666125881262312725126951282113585132291218711046
 511031             10059 9470 9171 9005 8995 9027 93791024911328121351245412526
 511032             124571224912028120021222412589130221360413902131021186410673
 512031              9868 9465 9295 9272 954210568126881458815242155901582415859
 512032             157481568715463153031541615544154451557215743147481299211465
 513031             1051510052 9817 9717 997110921129541461015139154101562015675
 513032             155591549815337152021524615308152061529915599147451303311451
 514031             10494 9985 9746 9686 994110907129521463515154153721555315601
 514032             155121547815312151721518815138149951505615502146381301411450
 515031             10471 9966 9730 9661 990810831128851457915119154251566115740
 515032             156481561315416152251512715000148181496215389146431304411501
 516031             10437 9926 9708 9654 989710789127621446915057153121552815495
 516032             153691528315046147921465614503143041435214794142611302111647
 517031             1062810086 9791 9658 9721 9973106441184013007136111366913543
 517032             132081289312615124501245312559125781274313450132331226511185
 518031             10306 9779 9535 9457 9498 9521 99091072111684124021264712744
 518032             126731245212292122741238712611127741306513901134881207510777
 519031              9924 9519 9355 9352 966810564126771439515163156221605316194
 519032             162491635716313162161614615937155931541415914151751338911676
 520031             1058710030 9759 9670 990310709127631452115293157881626816506
 520032             166051676916783166651649316130156801553816028153001348611810
 521031             1074110165 9875 9754 995310765128071457215283156631596916109
 521032             160871602915878158161589615958158191568815717147541316711606
 522031             1055810059 9844 9741 995710845129151466115260155721576015767
 522032             157101568215490153571541415489153941539515624147891311711622
 523031             1064610110 9877 9786 998410892128471463115338156501592615971
 523032             157301560715381151871515715120149791487414925142301289711526
 524031             10533 9977 9681 9530 9532 9747103051138312689136551409714164
 524032             139601363913354132071328313496135831360913862133571232811230
 525031             10326 9749 9433 9271 9256 9319 96281045611521123871282512995
 525032             129071264012371122371226112433125141264213106128011180510731
 526031              9852 9331 9067 8934 8973 9168 96361050211690128501360814044
 526032             141181390913701136821394614330143401436014410135931214410829
 527031              9971 9542 9363 9311 960010566127051445415181155161578715857
 527032             157291570415489153291530815220149761499415563149261317211572
 528031             1056210041 9816 9734 997410846128831458615221155721586215884
 528032             159661601515852157191574615731155421543815617148611319611627
 529031             1060910082 9809 9719 996810798128161452315218156061592516066
 529032             160271606915999159111575215563152591516215669151041340511765
 530031             1071610126 9841 9736 993710760127131450715286157581610716296
 530032             162441625516136159681583315484150281481815103147061336311849
 531031             1070810050 9666 9481 9459 9563102041148012766135921390913982
 531032             138911367313445133731343313559135661368613934135221246011276
 6 1031             10428 9779 9464 9281 9230 9330 96271043511644128041354914016
 6 1032             141391396913715135881366513912138861385714100135841227510942
 6 2031             10040 9590 9416 9371 962310459124931422114885153131564515761
 6 2032             157291577115661154761543715282149551481515344149001315511504
 6 3031             10501 9964 9705 9647 987410601126141434415042154251572515934
 6 3032             159301599715861156681561615453152131501715329147791309011532
 6 4031             10514 9948 9681 9604 982110659126191439915156155621587416007
 6 4032             159511590515763156381568715648154571538515575148871320911633
 6 5031             1064410129 9899 9791 999810857128561462515318156861596316103
 6 5032             160051602815888157941588015864155641544315723151021338311686
 6 6031             1074110250 9940 98371002510755128231462015448159641631416459
 6 6032             164081646916411163001617615765152791493315146149441356212027
 6 7031             1091510240 9853 9673 9663 9748104221171013051138631425214393
 6 7032             142511407913890137351382113939138621385113970135431245011291
 6 8031             10360 9767 9442 9267 9213 9171 95491046511640126191315313440
 6 8032             134441320712989128971295813194133581355914104137281241411107
 6 9031             10192 9703 9483 9437 968510635127061463615512158621620016324
 6 9032             162221618116026159411595315878155081528615645153011359211855
 610031             1079910260 9997 99011008310850129441481715633160631641416626
 610032             166981687216821168731682116566160981580916127157351392612163
 611031             110401046210150100531019211048130721496915898164631687617119
 611032             171991732417217171601719317118167721653916683161711448512702
 612031             115101094810643105431073711579137221568816579171021747617525
 612032             173761748017357172101708016789163851622316571160911427912681
 613031             114611084210458102861044411260131581501515911163461658816636
 613032             164691633916090158431574215542152541503115053144451315811843
 614031             1079710204 9911 9726 9722 9904104671161312927139681442114555
 614032             144981440114319142981432314360142421422214512143861333111986
 615031             1095210230 9818 9580 9483 9343 98291078712069131121374714058
 615032             140921394713830137831386713984139521394414423144601304011561
 616031             1056410008 9739 9658 986310589125421443315415159291630416417
 616032             163581637916271161621611815942155951529615484152041347811793
 617031             1069410142 9866 9754 996410696126081441215239156841614916365
 617032             164131654916504164311635716079156221532115553152661360011927
 618031             108361028110008 99131010710893127871473015638161161648816646
 618032             166451665016538164011641816321160521582815915153271373412123
 619031             111011052910253101571034711147130131492915937165431700517202
 619032             172481734917308171541706616844164501617516359160991449912781
 620031             115931092210567104021055411274129891489615983166051696617125
 620032             170851708716961167561654316126155981515715233150341374112228
 621031             110841040310025 9830 9807 9851105411177313199141391458414711
 621032             145511433214080138781389114011139261385613953135841255711421
 622031             10481 9906 9575 9397 9373 9417 97451059711726127601348413890
 622032             140321389313670136111374114020141181410814209136971248511250
 623031             10376 9909 9685 9640 986910646124041434615563163361694317251
 623032             173781759017624175561756817479170901681716974165011481113034
 624031             118341111510734105741071611422132281537616798178071873819285
 624032             196702010920351204932058120419199221942819390190351702014925
 625031             134751260112096117851186012450142871657018146193862048821208
 625032             216832218222420225482255522292217792126721209208451881816639
 626031             151581418313650133381340314060159491834420104215032265423376
 626032             237652415324285243352435224051234672280622627221542006817823
 627031             161741520614577142031421014711164551873820606220652318323893
 627032             242072448924494242782395623403224872162921235206381875116547
 628031             148461365612886123891211511993125871372015089161551678617133
 628032             172201715617122172481737917411171911676816677165641534613856
 629031             125881178611272109641080710716110661198513193143251515915788
 629032             161571628916408166321686616996167301641816606164841508813479
 630031             123501173411425113251152212173138961592117313184271946420137
 630032             204242078220829206352037020056194081878418628182021628814278
 7 1031             128121194711437111961122911704133741538316740177231848118948
 7 1032             191551943719566196341969219454188931822818036177121592413992
 7 2031             126221178711334111181117911722133471540416888179851887319415
 7 2032             197192006820204202302023519935192241856318511181901645314581
 7 3031             131931241011944116961175512255138321586617408183991907419415
 7 3032             194811952619385191471891618501178771730417106167131540013900
 7 4031             126461185611392111861113611158116811267014041154481662717526
 7 4032             180911831818411185521874418827184951795417875176581676215527
 7 5031             142351332512743123911225712179127061407115986178421913219901
 7 5032             203292046020495205782064820536201521967619551193301801416467
 7 6031             150221408413523130471284712697130081404715658172851848819249
 7 6032             196541979519899200432022420366201171962419585193651770915866
 7 7031             144561364613140128171282513357150621736519054202362113421733
 7 7032             221052248622724227612264122183215722106920979202881829716313
 7 8031             149031411213649133411340914084158361809719849211852226422937
 7 8032             232702363423831239362398123749231742248722253217651973117483
 7 9031             159221490914250138071375614208156731753418809194931974619675
 7 9032             193521892318440180191782117606171601672516726164711493213323
 710031             121471145411072108861103411666132271509816341171541778618076
 710032             181381827718248181271809417695170101658016744163801484013313
 711031             121461149611167110271119211928134101515016366171151755917729
 711032             176391759417349171021698216771163761602916064156211432312911
 712031             117291106710682104621042810566111891239613775150241581816204
 712032             163201626316170161641627316309160921577515902158321478413468
 713031             123161156611083107881064610522108571185513159143881529415937
 713032             162491633016319163881655116688164561609216320162561486113357
 714031             121811151211162110001117811942134771528516510173401800718385
 714032             186171889919003188581866518431179641750517547172571556413743
 715031             124501175811377112141135812100136591550716718176941868619334
 715032             196171991520050200842014919836191621843118315178631600414133
 716031             128311208011639114561163212365139731591517101178431848018741
 716032             187081876818752187631889018851185731831418418179531629714592
 717031             132341239911894116221167312250138461585317250182641902219485
 717032             197082002920167202712037120189196421900818839184741665314725
 718031             133181244111965117211181912437140211602317421182911894819299
 718032             193451924818825184681825117895174091706017184167751547313960
 719031             127861203811554113011120211258118001308614547157211642916774
 719032             168281675216693166091667416664164071601616044158291461013228
 720031             120711128310794105141035810247106071163612995141551495715496
 720032             158341594716044162081646316618164401614616509163361499413529
 721031             124421181511485113731159512345139881607017490184051904019425
 721032             195661977919822197221969419566192421896519157184871666214889
 722031             136621289412565123711252513333150181707818416193832022420813
 722032             211742162321679215822135320979204692000019833191041732015544
 723031             142411348113080128741302713858154541743118694195702023620721
 723032             208672097020932208452089720728203071984119930193311752615677
 724031             142721350813086128891301013833154181734518568193542002020562
 724032             208462125421352212442122420891201991955819566190121723515378
 725031             139611316112679124401249113172145981637917829188871977220262
 725032             205432090921080210732102620722200121922519022185301695615156
 726031             136511269912123117491159511637122341363315391169241800318647
 726032             188161882218813188521895418963185781807418166178621655915051
 727031             138431309712562122481213412168123951312814338155261668517643
 727032             183101855918736190151918419275191741914219520191451775916169
 728031             148801399313460130591306313654150341686718293192772001420388
 728032             204972066420746207092067220341196281895019042183411649414651
 729031             133281259112170119171201412725141381591517185181301890419361
 729032             195871990920044200232005019837191921848618527179771616914350
 730031             130211226211821115861169312337138321582817312184331933219874
 730032             201522046820578205142040520080193981873118790182431636814473
 731031             130971229511825116381172112367137971573517147181511893519425
 731032             196651991720013199741985819441186561801018207176111590514155
 8 1031             129161218311813116611178912619140371577817053178621840018598
 8 1032             185111845818231179061774817570172231694916947162841493213549
 8 2031             124511176511351111201110711377118941286914081152681602216449
 8 2032             168391702817155173241752117570173661710517379169621570914419
 8 3031             133151257512141118461174011799120261291714238155081651417304
 8 3032             179641837318584186161863918660185051844818762181411663615133
 8 4031             140751346013097129761315414084156351759119113201902100321422
 8 4032             216592187221865217882162121440210232061720631197091786816035
 8 5031             145701394213562133741354614430160361790219177201772091921495
 8 5032             218002207022103218652156021239207212037520443194991769315916
 8 6031             146171383913423132141333014121156611760919039200812097421620
 8 6032             219632225522445223832228421927211632050820551196781776915894
 8 7031             144821366213221130171313713987155121739918726198752068521216
 8 7032             216452198121985217942159521169206032041520564194911781415948
 8 8031             144971366113165129541307113862153371712218448193602006520355
 8 8032             204242051720498203082016619836193001890319150184961705715465
 8 9031             141981342112936126211253412786133491453416027173711825018785
 8 9032             190841917119093190041892918784185491841118700181631693115548
 810031             143461361213129128601277112827130961399615341166831778818557
 810032             189181899019123193171949419540192491903619480187831725315650
 811031             144701377213409132331338914246157531767319151203052129322015
 811032             224782290723069230992309022812221502169321690205611857416725
 812031             153151449514044138011391114701162181812019532205872146922040
 812032             223872279922858227312264922320216922120421257201221822416348
 813031             149971419513770135341372814601161781798619349202932122121937
 813032             224992296622976227722267322553220472146321588206621866216690
 814031             152131430313744134231347814184156651768219402206492172122391
 814032             227832320623429234182116620243199261965720099192811765715930
 815031             146171382813340130181306013711150991693118463195112073721350
 815032             218412233822599226202259222200213982062120663197171800516188
 816031             148151387713310128791271712843133181464216388179911896319511
 816032             199932025220449204492029520005193871899318922181281672615232
 817031             139681313212617122841211512140123001310514257153371603516481
 817032             166361658916464163961646916489162571621916554158071450813269
 818031             122601171211424113201153012387138541571717158181961893719337
 818032             194681963119570194531943719219186421829418610175631581014100
 819031             128951221311821116211175712549140081588017379185301948520210
 819032             205972106621310213842143321176205572004520295191611722715316
 820031             139821314712689123891247613246146621661018136193732039121117
 820032             216872228022657228492302022770221122167521892206771858116540
 821031             150251410013561132311328014074154871737319063204582159522420
 821032             229542343123644237022370423328226252219221309203471915817043
 822031             156021471114172138791396014707161781811919932214572274023628
 822032             241622459424685244982411423437222442148821359202681852716623
 823031             150291392313203127301247212549128891407315614167961744917676
 823032             176011742617245171171700816787162551589016106152961398112611
 824031             115031080810399101481005110109102481108012216131331365413942
 824032             140251394613890139421416414367143281458415068142521296411826
 825031             109741052610338102941054011506130721474115934167271743917884
 825032             181281844518556186301869218590183101841618619175251577714126
 826031             129551222111801116021171912563140331582117186181981902019468
 826032             197682009220169200281984219517190391914419254180991631214625
 827031             134181272012339121701240213464149961681818281195502039420799
 827032             210062133621355212402113620824201241991820024187091670014889
 828031             134751268212164118571188712644140731567316802175931811418393
 828032             184451861718611185621849118098175051742517513163191463613199
 829031             118701122110874107131085211690131091473516015169381765918110
 829032             182931856618602185211838218129177521795217968171771588014543
 830031             135011289512538123071226812536130451413615638167521739317740
 830032             178941774817465169801660216346160511604515998151221388112518
 831031             11407107141029810005 9888 9965100921083912027129321346613724
 831032             137801370313557134851352913617135521382314109134561243911379
 9 1031             1055410052 9778 9648 9679 9969103841111412286134371415014450
 9 1032             144601424114071140161422714599148191533815204141091266211446
 9 2031             1060310168 9983 99031011711146132301485015675163041671216855
 9 2032             167961678516672165161653216488163491664816486152641354712022
 9 3031             110421054010308102221043111436135041503215752162791670016854
 9 3032             168211688616842167091671216650165401696016702154771375012292
 9 4031             113181081210573105161074811831140931576616627172171761717753
 9 4032             177321777917671175861760717559174791782117578163921467113152
 9 5031             120951150111175110121118712162141321558716429170821760317898
 9 5032             179711810918018178191756417093165811670416588155261408512616
 9 6031             114821078010380101361009910377108551197113352143301485315036
 9 6032             151671492214770147221477714792146721499815021142151301311872
 9 7031             1087310250 9896 9693 9637 9770 99441075111999130701374014165
 9 7032             144491455514587147661500715241153001598816051149911343512154
 9 8031             112621078710528104581070211730137641528716038166531715017429
 9 8032             174901763817536174501745517265168951723017017156121379012251
 9 9031             111821064410357102381042911447133851484615510159291635916544
 9 9032             165651667216581164771642616257160051653916312150091324211766
 910031             107951030510054 99211013811169131471459915206156411609216321
 910032             164311665816654166451667416553162591683216605153251354811990
 911031             110201047710202101151033611394134121491515684163021685117182
 911032             173101751817484173881731217009166971722916973156571385512284
 912031             112541070210424102971049211514135391500015697162261662716776
 912032             167851686216733165251630215888155661604115712146891333611966
 913031             109431037210065 9912 995010265109001196513282141861467314799
 913032             147241457014391143421440114551147451528015014142611317912039
 914031             111261056010252100821006710252106401146012692137961457915206
 914032             156071575315785158931612816369165771727217075158871432212945
 915031             120071150711228111511140412515146901636617268179821860818925
 915032             190881923319209191061898618850188651933918719172441534113693
 916031             126141203311724116021123612388146681620916976174811799018280
 916032             183861850918450184591842118083175791790117289157891385812152
 917031             116011096410642104991065311645136521499715737163691693917195
 917032             173591755217542174671738117099168271740016985156171382312240
 918031             112211065010379102881049711529136651508615747162691678317007
 918032             170681710617007168031665616440164471708516556153461371912232
 919031             112821078610562105111077511851141341583616721173541779818041
 919032             180921822718190180961805817885177741807717580166251521513734
 920031             126231192411497112161117411462121521324314727158341653116927
 920032             170661708217030170061699416860167211720916741157921441013019
 921031             117971102810526102191007810155104341111612315133111389414259
 921032             144771448014420144171457314758149921577215379142231278011569
 922031             106741022310018 99651021711305134361494215682162751682217089
 922032             171851724917125169571689916778169571753316817154451374712253
 923031             112221068810445103891010511215134921513715829163211676216998
 923032             169881701516918168971697916913167361712516366149901318811644
 924031             111171053110230101011028111292134611482815471159671639516622
 924032             166891680616766166881665716491164741710916501151811346711956
 925031             109741044410181100861030611365135461492715627161971666716918
 925032             169911715117111170361698716820169481753916854156361395112446
 926031             113841086610564104571064811664138421536315991163511663316668
 926032             165541653516379162131610515970161381629915654146681338812010
 927031             110201040810092 9924 995210283111151216613530144961497015143
 927032             151621508815000149601499515043153101583515370145321342112289
 928031             113001068210345101601012710300107241145512716137791450614927
 928032             151291511414953149121509415375158021614415567144401305011776
 929031             1080410269 9999 99081011811179132731463515325158651635616580
 929032             165371648716349161311618516214164841684316110147891308011567
 930031             1060010099 9867 97881000811050132131455815070153971566615761
 930032             157471579315691155811559215625160271660915934146521290411495
10 1031             1054310044 9840 9767 999011068133551481015348156111577315779
10 1032             157081569115539154101550415713163311675016076147881318711755
10 2031             107881028910032 98841009311186134741488815307155761578415810
10 2032             157281570215529153801551515761162861668816002148391320411780
10 3031             108211034810153101231038111496137451515915545156831574315659
10 3032             154671536515141148981478114830154261579315279143771315311834
10 4031             109021035510055 9924 998510365111501218313398141991457614627
10 4032             145011428014071140381423814636150651493914368135711253211459
10 5031             10490 9913 9644 9517 9515 9759102541098012077128821319213291
10 5032             132661310512911128601306713569144691503314551135471226511122
10 6031             10323 9953 9836 98511017911360135681500415565158201596115910
10 6032             157951571915501153261537615642164371686316174149701344812134
10 7031             110751054010331103111059711720140171537015708157671585315794
10 7032             156481559615411152681532615524163341674716084148531318311775
10 8031             108481036210153100961037611498137991502615435156741589516014
10 8032             160021599415877157901579015864165661696016287150321348912107
10 9031             109241034710084100021022811216134691479915358157401610916277
10 9032             162971637316279161391608416032167111699016255150271344111983
1010031             108221026110023 99311011911052133381492115509158191602716025
1010032             159231587915686154411528215193157901587115259143481305211745
1011031             1075810100 9836 9670 969510047108101180412942137431398213913
1011032             137391346513255131341320613394141801448714095132901224711182
1012031             10297 9762 9476 9312 9252 9475 99731068811803127411326113508
1012032             136171352913450134031368414169148371480214173132581213311106
1013031             10268 9787 9567 9509 968510428117341289013980147821518415229
1013032             151101499414836147251486415172160981634415613143121280811464
1014031             10446 9933 9730 9671 993511034133201474115263154601566315713
1014032             156891568015494153401543315733166801669716063147461305711641
1015031             107031021310039100011023511305135241516515544157101590115900
1015032             157621566315431151781522015452162421612315605145541292511575
1016031             1065510155 9955 99151016811268136231496915320154941565515678
1016032             155551552915373152291527215534165601664115919147981340112173
1017031             111471044910159100961033011377136301506515419155591566815621
1017032             154421532915084148721490115214160191584515223142841303211727
1018031             1075410216 9926 9802 987610278111361214713307139521416514046
1018032             137641340113111130181319713769147921474814294136161264511608
1019031             1071510153 9889 9761 9782 9992105481128412442134011394314220
1019032             143031412113755136771380114387157041577915195141011275311563
1020031             107941045610319103351067211943144301591716265163521636416187
1020032             159611578315549153671547615994172171719516475152321354012023
1021031             110621058810362102731050411624140001550115735159591616616208
1021032             161201601515831156941584916445171131695716155148791315811737
1022031             108191031310075100011025611367137631551815889161121627816309
1022032             162361622716153161741650317124177041743716733155131387912407
1023031             114491093110742107051098112127145611606016358165121662216625
1023032             164941642716269161711634816872178111763516954158641422512706
1024031             116691120810991109561122012389146901615516435164971649316410
1024032             161681607515780155541556115859167701655916027152651407412850
1025031             118381132311072109811105911475123701340314496149611495914634
1025032             142121378513477133581357114258152691507414568138471287711815
1026031             1078710083 9727 9639 973110017105511168112848136161397814296
1026032             141681403313988140811497215977157451530514572133761201611078
1027031             10325 9978 9853 98641023711461138821544916030163521660716616
1027032             165401654816439166331738518148177671710116181148201308511671
1028031             107081023410039100001028811536137621510915424155881573415753
1028032             156281558315413153461599817482173811685916050147271307611675
1029031             107811030310137100821041911602139091547716019163441662316681
1029032             165171642616202161571675717746174921689516132148581324011837
1030031             109141048410354103331068111860139621525915571157021581415795
1030032             156261557315397153131594317343172891690416235150281339411828
1031031             110531062210421103851069311893139641518715521156501580515740
1031032             155651545815226151291573916648157871534114824139351273711518
11 1031             1058910106 9843 9704 977810202108361196513086137501401714034
11 1032             138581364213443134481429515644153431470314093132721219311105
11 2031             10233 9695 9378 9232 9223 9458 98501069211826126181301013237
11 2032             133231328413265135101445215685155411508814370132651198910884
11 3031             10108 9731 9557 9554 989611108133321483915339156561593616117
11 3032             161501620416075160651678817904176461700216107148111317811757
11 4031             1080510257 9990 99301019411297134631494915501158511609916175
11 4032             161201610916033161831705717969176851719116342150601342511993
11 5031             110491060610352103221061511791140421551915961161911639316451
11 5032             163721633416242163921732518117177591723916401150721339111941
11 6031             109601045010190101491042311583137461501615418156321582415881
11 6032             157391572215661159011686717672173941694116138149691334011874
11 7031             109111044010188101291040311545137161503815434155691569215596
11 7032             154041528815111149621564716912166101610115447145741332912052
11 8031             110521053010285102281036010858116301269513850144651466314578
11 8032             142751401413804139521504316476163311590315399146691371912688
11 9031             118251135711126110521112111438118821263913540141181432214373
11 9032             142281400313806140621528516897169081652815993149431361612514
1110031             118171150711425114241177612839149141648016813168281678416580
1110032             162651606215839157691681418278181401763016890157761426512841
1111031             119211153211329113181160312554140831526215997163481661016615
1111032             165411650316411165531769518424180581744416519152291358512197
1112031             112921082510595105661087212068143191571216168163251595716350
1112032             161081598415816158281681817945176901716116386150791342212072
1113031             110311054110316102731055611681138451524415652158481591415878
1113032             157741579015739158751703518150180011754616778155971404212705
1114031             116881128011097111131149712685148291612216508166651674416647
1114032             164411633916152162241721318240179201730216628156871436213058
1115031             121221161011344112391139411909126741362814679152401538315232
1115032             148571447714177142701544616729165711611015592148651380112776
1116031             119231141611176110581110611450119041259713539141501439814429
1116032             143091407313872140561542616725166191620115539144441315812075
1117031             111661073510563105631090912150144161584816298165921665916683
1117032             166011654116419165861763218550182891770016893156511396312497
1118031             115401108310858108231116012355146621590216157161621616616009
1118032             158041576015573156591691718064178981734716578153351377312223
1119031             112421075010526104641075411923141761568616040162151641916405
1119032             163561637016231163311733518087177771717616353150871344411959
1120031             109491045710203101561044511553138771540215764159951611216128
1120032             160511598915956161841721918057178381737116621154511381112362
1121031             114021094510722106991101512171143931577716137161931620416071
1121032             158021569215508154651637717282169331629715637147281355612259
1122031             112391069010399102951043410915117611271313852144031451914332
1122032             140201365213385134501469415936157131523814767140401306412031
1123031             111271062010375102581034010658112211196212890135271373213784
1123032             136901347413308134951501916448163811603715441143651305511920
1124031             111481079410662107061109712376146741597116280163611638416229
1124032             159731583815665157761705518179179421740116625153661373612210
1125031             112121071010480104781079912095144091568716005161241611516158
1125032             159861580015847158601718618374181791779217149160661448313026
1126031             120881160811396113721171212838149911634116764168211689016699
1126032             164341634916085159701716018015177231720816451154461401012513
1127031             113721073010393102361032510741114971247413630143731463714520
1127032             139411303212285121341286013358133731330013153126941181110895
1128031             10157 9726 9531 9494 970710359113741236913448142831473015046
1128032             150101483214735149011579916190157511525814667138251275211544
1129031             1057310003 9656 9528 9583 9961107391170612929137701418714255
1129032             141601404413957141751550616388161911579715329145761359712432
1130031             114291087110541103951041610632112301187312911137361410014168
1130032             140761390813800141061568616877168061643515768145731316111917
12 1031             110631066010441104311079212032143631566216016163211646416329
12 1032             162121614716075162731772919019187411853217841165701483413281
12 2031             122531177811545115471188713193155411671816874170331724117263
12 2032             172201718517180175291910420440203751993519200180251624814703
12 3031             137011321813053130631335914635169001811518280183861823317967
12 3032             176981757817407176171914420335203121990519216179371619714541
12 4031             135321310712882129421323714458168001803818050179231780917525
12 4032             172051716117135173491874119947199161942418686175641588114317
12 5031             132821283112649126691301914260166711806218386183581813917937
12 5032             177521768917605178881898319879196161908418414174171601014576
12 6031             134201281412547124461250612990138321482216052168881739117651
12 6032             176421745217333175321891119713193351861417654166671530814003
12 7031             130281249512231121021214512406129241361514688155851600216258
12 7032             163911629116147164521809219321190461857617820165251499713783
12 8031             128451245412283123021270613920160481730017637176921766017483
12 8032             172111703116878170351864420051199331952118883176591591414340
12 9031             133141288512696127221309214370166481790918061179751784717614
12 9032             173471727817178174131891819979198141937818690174281566913995
1210031             129731245712193121581246313626160161732417492175621749517325
1210032             170701698816850170521853419514192711883018087168701512313484
1211031             122591167011432113561158712728150731658816917170981723117283
1211032             171971713717015171831833019020187491826317521163881472813199
1212031             121781169911471114751179313059154511676717021170301700316859
1212032             166131648816337164831790419058188421830717735168641560414186
1213031             129701237912138120681215812721136681473615817163791644816283
1213032             159111561815390156761731618620184751798517542168461579914588
1214031             135081288812536124601250112782134411425715472163521670716922
1214032             171001719117227176231911819959197371918618254169311531613795
1215031             127421219311984119561228513449154011691017653181221831018296
1215032             180991792617714178651937320774206212014719315179501616414459
1216031             132601275112527124551283014067164901776617889177291748617208
1216032             168941672716594167371834919767196911927718669175231572914014
1217031             128781231712062119501219413313156191700717184172271731617341
1217032             172241720617188175151889619587193271880818131169261521613569
1218031             124211186411756116961209413365156921711817372174051737317185
1218032             169681690416845171341863019759196931931918735176041593614259
1219031             130431251312301122601261913841161731756817749176111745617203
1219032             167951652516440166601814719278190581856917998171221578914264
1220031             130651235612038119221203212582135311458315642161731623016043
1220032             157501552015423156841711018287181291770217270165491558714388
1221031             131661252812234121371217512594132751400915005156781594416058
1221032             160021582315631157981731318636186161835717849168331532313838
1222031             127091217811916118551222613364155181692217310173611721717068
1222032             167681657516359164591788019177191281865918085169901537513685
1223031             123501167111356112711153612585146921621816773168581683116726
1223032             163461611215861158721723818554185011809017528165281500513379
1224031             120081125210862107181091111713131811461415620162021642616360
1224032             159421568815624157131668516892159971512614585140681331012328
1225031             1117710375 9922 9731 974610056106871160112634134421384814006
1225032             139251356113168130521388314652147391472314648142131331312176
1226031             113171086110682106681084911527126161357114529153641591916155
1226032             160861584915651156541685217862176331714516577157421451713262
1227031             120801147511160110321109911460121671289313881146141487714838
1227032             145161413213784139021513416640165621629015878152001420713020
1228031             120401149311241111441120911507120981266113429140291431514348
1228032             141771383913582136971515816689167831648315995151001391812712
1229031             118201139311233112031149312428140571526915978163231646116375
1229032             160911583415556155201668318186180811756416856157571427312864
1230031             118321129811079109641119612086135581491415728162781657816600
1230032             164361615916032160661716418386182431775417044160131453513074
1231031             119691140911113110411129512143136461481315629160901634116296
1231032             159861564415267151221621817555171631632015478146791383813095
