 1 1041             122301153411038107771076411032115081180612457132141378314156
 1 1042             141821398813727138561521516593164831613515681148721376912640
 1 2041             117281127511083110711130412053133721465615658164721688917015
 1 2042             168691659516387164141732718164177661714416461155621435713086
 1 3041             120171136211030108861092911279119651286213957149801557515730
 1 3042             155801527514963149021589216778165321597715454146601358812416
 1 4041             113541071010350101751014810365108851140612297132041391014310
 1 4042             145591458214629148561600317048168961642715797147341340312263
 1 5041             114441104510895109081131012582148951656216988173241761817778
 1 5042             177341773217607178001884019579193191872517865165811490313429
 1 6041             124961200011781117881214513354156301695017031170431726117223
 1 6042             169571684616675168881806819548195271918018572173711575414315
 1 7041             134151299012832128661323314495168551823318421184171853218503
 1 7042             183561830218205183261939720786206682020619522182951659815138
 1 8041             141861375713593136121396315158174981892419042190721906318934
 1 8042             186941854318381184471958720991209782045819800186021709415565
 1 9041             145921419914064140881448815661181031961619871199532001519922
 1 9042             196781946719239192972023821471213342084620232193161800616735
 110041             157461519914965148981497515399162781715318304190701934019218
 110042             188431837318057180741912920588205552006819458186921768816623
 111041             155871496514680145711460114880153751594816925176691805718059
 111042             178981762717446176321877419961198591931318592173541593114526
 112041             136781332513178131411347114560165941798818476186101868518518
 112042             183171818518046180951905720171200711958518829175921586614347
 113041             133731293912711127371304314240165731799518234182411825817997
 113042             177291760617546177721881420339206092034719799187021717915859
 114041             150211471714730148111522216455188282023120367204802049320407
 114042             202062006319857200112110122477224192183721103198201815816721
 115041             157871535815191152011552516639187772017620549206162065120466
 115042             201802001419854200042115222682228182244021786206861915917822
 116041             169261651616275163041655017510192432057721239215342166521475
 116042             210822071620333201882074621931218062113620432194081807116778
 117041             158191525414884147331478715161159161673017552181401821217933
 117042             173361682416474164781742118769186621809117499167621568014636
 118041             135921306212734125861257812789133161405315150160271662016900
 118042             169741680316583164931714517969179561767317069161721506414013
 119041             132811292612772128181315814123156101677617504180451844518452
 119042             183661806017940179721892220596206982037219598183461682015393
 120041             144291398013858138681419715398176301897519187190081904718794
 120042             187201850518286183341918720895210502067019974187421719915665
 121041             147431430014075141391441415627179211913519221191291902518742
 121042             184101817617901179121876720423205702019119516184071678015374
 122041             144931406113840137441401615187174331882718974189551900318827
 122042             185091824817924179271868220055200571966319045179351636214977
 123041             141771380913674137121406715289176391897319181192191924419138
 123042             189091874718524185711924920666206552014819539186651742416095
 124041             151631466214415143021437814805156651661417774185111866618416
 124042             179591751817244172781809219717198521944818964182741726216246
 125041             154571502214825147451479615094156801635217350180231829118301
 125042             181191775317492175461848720303205002013219465183661698315774
 126041             149861464514551145721492616165185631993520153201462009019906
 126042             196531939719149192212007021516215722107120300190221729915853
 127041             149031446714298143161463215838181801949619640196521962619540
 127042             193721925919029190221970321008209762043519590183151671415284
 128041             143731392813715136441391414928168651814718644189731914719131
 128042             188941866118494185051916320574205842004119292180311631614875
 129041             139771360213447134031369714867171801838618506185241859618620
 129042             184661834218254181921887320470207202040919781186631700115464
 130041             146221424214057140171432915507177951908719239191791906418786
 130042             184751825817926178801846619837199361942918840179311661715322
 131041             143481384313625135711369914138150131596317095177101780617578
 131042             171211672816447164171702618645187791843617912171651609714982
 2 1041             141451364313447133301340013676142881493015850164441664816719
 2 1042             165471622815954159141659418122179821727016890162241539714529
 2 2041             134941298012859129281326514473167821808218248181841809717852
 2 2042             174891724116965168981752319329197221933518591174201572414396
 2 3041             135631317312982130111336214488168281814218391183961837818269
 2 3042             180741791717784178881864319930199771945518566172391548213941
 2 4041             129231239312208121971249213636158631706217257173601728617172
 2 4042             169941679416574165571714218830193651903118367172471567414118
 2 5041             132411282912677127021306914325166781791218012179161781917639
 2 5042             173001721617123172321782419270195441910018156170131552914108
 2 6041             131531265412464124351272113859159451737017997183331868418793
 2 6042             186761852218285181571858819500192261844917618165201521313860
 2 7041             128461232512010118831193612338131711410615281160901640416409
 2 7042             160621564715396152941574517068173261697116476157851486913818
 2 8041             130291254112337123001242412855135271429015355160601641016567
 2 8042             164681612915809157721640718110187601846517819167141540914237
 2 9041             133111296212889128831321914475168261809318323183111823217962
 2 9042             176791739817055171581776519238194681895518078168171517613682
 210041             127201222711988119761223513406157741695617040169101687516723
 210042             165021635616168161401664118121186451831917751166201487013433
 211041             125111209411918119591227813490158721710117266172411727317185
 211042             169571687016737167331723918792194591910818445173241572614255
 212041             133671294312793128711323714483168081807818283182771831618059
 212042             177241742216997168671728918732192881892118214170641551514084
 213041             131311262612401123561269013823160391718817395173611730117119
 213042             167511647716169159881629617469179861756016975161031488413646
 214041             126701219711901117901187112326130811398814963154831561215396
 214042             150251464614328142751474416120166171628815800151241422213298
 215041             125001202811839117651187812253128971369014795155341589216027
 215042             159701561915307152421575617262181471788217376165611557814522
 216041             137861344513361134181371314537158451693517714181201818618000
 216042             175761716316786166661713418601192851890918217171861577314600
 217041             138261344613308133671371214871167271801318469185051844118268
 217042             179481773517431173181773118984194831901818255171051559514255
 218041             133491291212689126541293214033158431721617825180151811418015
 218042             177571759817289171311744318597191891873618059169541549314168
 219041             132391284912646126291295914039158301698117427175211749417363
 219042             170641688716634164511673417985187411842417690166591520613873
 220041             129031252112356123311261013725154201660117098172181719517014
 220042             167601654716393163521671117617179441744216797159111462913461
 221041             124631196911681115491164011988127891375014932158331614116024
 221042             157291544215209151701555416418167191626315717149481394612969
 222041             121101154311284111591120211467119631263313603143631471314971
 222042             149011468914452144551490916318171171694016286152611403212927
 223041             121161176111677117211209513383155631673317047170921711616974
 223042             167061648416202160791640217688186221828117670164701499713627
 224041             127201230612114121631250313764158791703717356173831738117273
 224042             170621694916813168821735118485190951863117869167341512113716
 225041             128481248912384124481283414080162061739717533174211734717197
 225042             168581662416365162651661917756187731847717881167681516113806
 226041             128911249212321123391267613945160151720317356172961720116999
 226042             166511649216235161361643517620185921836617673165961510913717
 227041             127741241212264122701264213893159431716717380173251721916931
 227042             165531629815989157641590416821176611731116730158681467013471
 228041             125141199011778117451184112319129871404014927153711541315135
 228042             146911424513898137391395315023159871564815190144971350112542
 229041             116951129111075110751111311420118171250213402140591427514249
 229042             140861386513618135811407915356164401613915445143941305212032
 3 1041             112631089010743107821115912457145871581916078160991613115992
 3 1042             157651560615401152751559616751176961731316530153561370512376
 3 2041             115021104410871108231114212333145451593416323164121642816281
 3 2042             160621589115647155541587016881176311723916413152251358112246
 3 3041             113541094110742107351105112231143151559215901160151602815933
 3 3042             157801563315385153081562916710176071726616591154061381312441
 3 4041             115081113810913108771116312402146321604516410165451660016494
 3 4042             162911613015900158361615417026177961746316722155651397912553
 3 5041             116511122311026109741124712376145851600916472166911687816860
 3 5042             166681660616445164411668417202173401683416094151331384412522
 3 6041             115541098710642105191057110952117231278814109149901540015391
 3 6042             151301480114415141901414514716156721537214928142811333412328
 3 7041             114151090810676105581059310858112221200613006136871397314036
 3 7042             138701353813235131391355114786161451599815434143161305411890
 3 8041             111691085510720107191111712336146641620516639169371718117204
 3 8042             171261709616885168721728318169188081837217606163481467813172
 3 9041             123181187411676116431195313126152571656216857169201704617042
 3 9042             169041686316742167331706417861186881832817570163691470013294
 310041             123821195311758117511207613303152921653916732167591680416644
 310042             163221619316028159701624217064182271800317358161841457113117
 311041             122391186011634116351200513200153081663716907168851684316695
 311042             164671631815965157411583616497176321754416915158111424012833
 312041             119191146911246112641153512734146211595216263163391654516620
 312042             165401645016284161191625216749176291726916669158271453313244
 313041             123641187411612115821169712169128121382414901155681566015418
 313042             150021456914203139721414414955162371614715712150761406513077
 314041             122761182311611115271161011884122261290813718142631447414539
 314042             144491418914035140891468815775167551656015930147581345312304
 315041             115681118411011109901135112515144151570116001161811631616215
 315042             160111586115626154981567516409176101747916817156451404812700
 316041             118441147711356114181172412928148971629316709167901694616921
 316042             170111702517086172481773418615192461884217939165771497113629
 317041             127451236212210121901246713552152381676517521177461784917870
 317042             177551767617516174411764318135189611866417845166151505013593
 318041             127781238012199121801249013639154851683617160172421723117120
 318042             168741676716529164541663817302184291832517667165161489013492
 319041             125871213511981118891216713336151231656217117173231741717304
 319042             170731681816559162941631816684176281742216875159901477013556
 320041             126721222311983119151204512484131061408914950154671551215306
 320042             148781450114195141461449515366162631602715542147861373012658
 321041             117561125010967107921078911003113961217513148138061414714249
 321042             142581403913783138491423415030162961637915907149381369312607
 322041             119211164411580116721212913394154141681817291174611738317214
 322042             172001692616559166251685317568188371884818179169401527613946
 323041             130871273812598126381299514218161621728717415173051727117080
 323042             168271663516310161751639217078182431818317470162791453413166
 324041             122631183411664116611201813186150451625616405163391629116123
 324042             158931574415537153781556616120173481732316692155011390712458
 325041             115851115310950109261123512403144081588816303164041645116386
 325042             162281615216030160821642116982174801728716624153671379412366
 326041             114051093610724106571085811961138871535615746159071597115889
 326042             156791552515274150741501515330161291592815325144241315811856
 327041             110051042210119 99931008210451111311229813549142701452814454
 327042             141331385413613135971382514271150021484714313135331250211522
 328041             1064610132 9895 9802 981710013104501141812530133811380114004
 328042             139481376513522134171365314305155541582415340142581298311865
 329041             110991078710680107281112012258143021574416040161321615815964
 329042             157281556715326151671526815740170571730916688154811384012449
 330041             116101116611027110161131012507145841615616563166991671716606
 330042             163341612415798156131571716320174291755316784155781390112470
 331041             116001111110875108841119012247142951587716360165191668116657
 331042             166121658716484165431692017487179481772716951156791401512583
 4 1041             116161118110978109571122312381144451596316464167341680816828
 4 1042             167081672416643166861704617573180421786417091158351419712742
 4 2041             118411137111116110721137812519145081613216643168221690616879
 4 2042             167021658916380162971642616718172181688216283153841403812740
 4 3041             118001128510958108281092211286119621321014426152081543815439
 4 3042             151541480014501143831463815171158471570115151143481332412266
 4 4041             113231103810754104731038010513108401134012222131391375214139
 4 4042             143011422714072139951422214718151931584215759148371364812446
 4 5041             115221108210937109831131512470146781626016778170011717617142
 4 5042             169411675616378161581622816411166301750417740166911511913608
 4 6041             125651204511815117761204313187152011655416798167951679116629
 4 6042             163791621515854156071553315615157351661916866158841432612889
 4 7041             118571133911103110531131912434145791603416342163881639916257
 4 7042             159731581915537152401526815365154331621616515155461397812467
 4 8041             114931100710848108301115912401144441578515990159441587615782
 4 8042             155381545015181149971502715254154291606316023150831364112239
 4 9041             111831069510449104201064011495129301422214924152691529715218
 4 9042             149841480014549142931421014181141401461114949143331314011951
 410041             109491044710208101511021810597112211226313376140541422414063
 410042             137501341513097129301294713113133331398514461138711294111787
 411041             1081010214 9928 9815 985510096105151139912526133201363913670
 411042             134701291312355120231192212103126391376614311135741242611281
 412041             105151017510019100091033211514136321515615663157911587715838
 412042             155891543615346151151515815503158241646716402152811369712197
 413041             113111085610660106201088311980142031587716460166831689516927
 413042             167931672216714167571694517244173081740816925156571396512467
 414041             114621094310650105171071211753138011545916016162211623916423
 414042             162571620916056159621609316324163491656716370152711360012140
 415041             112031069910460104141068711785139451553116108163511646716379
 415042             161091591315564153091521115122150821569016227153911389712510
 416041             114831092410711107281102712128140431541315870159651597815823
 416042             155561538815060147611450814332142191470215265145571341612135
 417041             111801064210356102541034010720113291228113328138801401813857
 417042             135581324312962128401290913081132501383514054133781236211268
 418041             10387 9805 9493 9353 9342 9493 97511055811610123881278612910
 418042             128381264012403123381239812780130641367814076132271205210952
 419041             10132 9734 9538 9518 977110680121451362014513150411541415507
 419042             155011555415485153601528915176150441547415757147481322411768
 420041             108291028310019 98951007010886123651397714822152691550815580
 420042             154841547115320151251508414924147221503515459145161296911604
 421041             1059210089 9865 98161007210991125111412914923153201551415521
 421042             153851532115158149281483314705145811506115534146101315911717
 422041             1074310236 9976 99131014111070126491429615094155201582815930
 422042             159211603115970157811565615527152151546515818149401339611935
 423041             108811032210017 98631001110932124321409315176157331604816074
 423042             159401571915432151401500714889148381509515192144661318311956
 424041             109551036310068 9945 995510324108701189512939135751386713830
 424042             135691319812933127031265612738127751316713798133801234011371
 425041             10474 9968 9696 9595 9622 9827100781091911831125631291313004
 425042             129461274412561125821290413421139191450714777137501244211299
 426041             1048010078 9928 98951019111311134461525415970163101653216550
 426042             164161631316079159781619516378164041647216237150741339111948
 427041             110201054910253101681039411410133821499015519157141583615821
 427042             157181569015492153101522615202150991552115851148421321411748
 428041             107561032210134101161033511392133101488115360155351563015600
 428042             154621539315163149611490314811146601499115789149311338011947
 429041             110051051610295102441051011503133261478615283155011567915685
 429042             155951563515517153991531715122148781507915781149381331311819
 430041             1077110208 9970 98871006210956127421436815044155031585516045
 430042             160611612716000157461550515159146961462615289145861322911816
 5 1041             1085610203 9847 9689 9703 9933105071175812994137331407414170
 5 1042             140681388813694136221365213721136311386314494139241277511594
 5 2041             1063010058 9734 9532 9515 9611 99121084311928128991347313734
 5 2042             138511374513590135651377414117143371467114900138751258011351
 5 3041             1045710063 9870 98221010111135131371493515627159961626516345
 5 3042             162431611015945158811599516185161811628716160150271336511839
 5 4041             108291033010100100501026911229132891484215267154621561915581
 5 4042             155031541815235150761497114896147261490915680149001334411861
 5 5041             108781037910168101441043511358133341481215233154241559215688
 5 5042             155791555615416152781536715388153341551215798148261321011769
 5 6041             108251028910039 99991027711206131671471115187154921571515734
 5 6042             156871567815528154241533315158149271515015744148271337511804
 5 7041             1073310174 9915 98261004010958128131453815275157821624616418
 5 7042             165071664316554163731615115688151251488915410147541332811866
 5 8041             1072710047 9696 9537 9616 9836104691168512890134331359613555
 5 8042             132371300212813126931275312863130341340513806133491232511203
 5 9041             10286 9735 9421 9289 9294 9444 98071074311948127051318913361
 5 9042             132561305012725125331251612590126991314114093134721221810976
 510041             10074 9840 9505 9509 980110788127571435514941153111564615728
 510042             157291576415657155091559315683154571541515834148011329711686
 511041             1068810190 9953 98761010011035130741488015589161061663317017
 511042             171541740617381173881740717224168751672517295164881458112820
 512041             116461096710595104501058111392133121516915941165311710617461
 512042             176521799218196182811826417946175231742617893169451511913309
 513041             121281145811096109351102911818137021534416037165001693317146
 513042             171551723117140170431689816571160611594616309154011368512061
 514041             109771040410132100281024211125130431467115357156341585415988
 514042             160181617116190161711611915829154231528315762151841385412352
 515041             111791055710199100301005710249109811227113721147981552715946
 515042             161651628316369164621660916617163651619316397158131453213195
 516041             119571130910783105031038410338105801146212659136211412614345
 516042             143451413913942138481397814211142841442114938142071282311411
 517041             10426 9933 9732 9685 992810911129281468315419159121628516480
 517042             165121664816614165281647816264159141583216260153741362912044
 518041             109771045310208101361033811306133021509015818162261659216841
 518042             169061703316979169151697216925165281643916884160391427312701
 519041             115701098110675105541077211714137421550216084164331674416866
 519042             168171680616603164481628016065157501554316019153381364111991
 520041             109281031910072 99861021711011129821468515440159601639016554
 520042             165701666616584164391634216093156761550316025153101363412019
 521041             109321038510087100051021911035129761476615590160981663716913
 521042             170771717317130171461711316776162531592716297157411432112787
 522041             115861088710522102501022910433110521221713480143731479914858
 522042             146451437313952138721388713976139411391314153136311258811434
 523041             10446 9917 9580 9431 9412 9483 97651062211810127611332713684
 523042             138451384713845139361416914432145311462815002143041278811473
 524041             1049610028 9792 9731 997510925129191475915507159071626316396
 524042             163241634116258161311613816138160611602016075149701326611835
 525041             108021028610041 99791022911095131411487615542159101623316371
 525042             163611637916250161561617816136159301590916020151021343611855
 526041             108731029510045 99841023211186132091498515611159141610216181
 526042             161051609415922158281589715894157611579215965150821344411897
 527041             109141041610123100361026911150130961483315427157881604616158
 527042             161841636316338162471616615964156071541615962154811382912126
 528041             110621043810159100421021711124130461485415697161681646616581
 528042             164581636216114158781578415588153131498015116146691341611975
 529041             1083710226 9823 9633 9627 9686103001146312589132781354613484
 529042             133141305512812126781271812840128731287613327132801230811159
 530041             10239 9736 9418 9266 9271 9157 95681042611500123381272912847
 530042             127941257312377122911236412554125671256113033130021207210983
 531041             10097 9545 9267 9152 9194 9219 97341068511804127661324613437
 531042             134311322212992129081306213376135331379714245136741220310881
 6 1041             10060 9591 9404 9376 968010622126371442015186156001593815978
 6 1042             159181590515774157231589116008159221586215893149251327011713
 6 2041             107961028110014 99451018411076130901489615602160341639116616
 6 2042             166611679916698166081660116498161371591216154155291383612192
 6 3041             111451053510222101101031211111131101485015488158751631116474
 6 3042             165521663416556163601629916219158421562415857153401363112066
 6 4041             109751033310028 98751011210877128731462515392157741613116255
 6 4042             162411631816233161311600015582150501471015027148161353312063
 6 5041             1098110294 9955 9769 9765 9933106351181213063138731424714275
 6 5042             141291390313681135471353513541134501347813870136551261711470
 6 6041             10483 9897 9580 9404 9377 9394 97721064511777127551340913710
 6 6042             137501356813381133111348613727139011404214356136541239711135
 6 7041             10237 9835 9657 9626 989610819128021458215333157531619016445
 6 7042             165261666916709168201688516742163741612316550161461442712743
 6 8041             115201090910573104721064011449134891539816458172971817518846
 6 8042             192491969519896200712018719919194071895119054185851654114544
 6 9041             131841238911917116681181812552147171693518282194772052721356
 6 9042             218832239322671228602294022512218872131821262200451779315785
 610041             143541353913000127431279913545154301712417679179241803917969
 610042             177201763017426173181732317042165501633216524161831444312712
 611041             115441082710477103361048211114129621469715647161061648816615
 611042             165421660216508164001633515954154681503315090149211364812299
 612041             111381042710036 9861 9863 9946106621192913292141291452314598
 612042             144131413613940140071408914162140571388714085140571314211987
 613041             1083610166 9798 9621 9577 9495 99251079212072131061373314114
 613042             142311411313997139851413314231141711413714561144351313511799
 614041             107761029710068100241030711113131441504616063166291717517448
 614042             174731752417424174011747417426171411692317049165201486713151
 615041             120481146511174110461124912095142211628517537185281934919890
 615042             201812067020988212422138521150206522012120078196651766315560
 616041             141241323312661123641242113002150211706118265191091984920365
 616042             206352100021269214892155821218205441987519794193131732615321
 617041             138291298212546123031244013211150831706618307192972016520759
 617042             211142127121185211132089620375198411951019566188371692215028
 618041             137331293112498122591241713158146731697718102187741928119578
 618042             195501957219459192731905418564179511749117525170881568214087
 619041             128161203011612113631132911492120881332014768158911659016979
 619042             170161694916857167671672716592161901562915420152351408412587
 620041             114321071310235 9963 9884 9706101431104412249131901364613931
 620042             139341382213700137081386214033139951395514376144431317711858
 621041             108641034510102100331022510923127431463515848166671727017572
 621042             176301779517823178211780017574170641660316623163691470512999
 622041             118471122610896107601096711713134061533916476172271784118126
 622042             181521819218062179481793417874175581727917387170551552913816
 623041             126431195111544113461148712107137571572916928177851845618799
 623042             189301917619303193751940619136186151802817850175331581513879
 624041             125241171211265110431118511701134071535816706176441844419015
 624042             191721944319498194891941119044183471775117701173981574013966
 625041             127091197811566113971154712136137681561916879176171815018462
 625042             186171877618780186661844118071176151726517223167001535613783
 626041             125911193011458112511122811384119691322514704157281633516552
 626042             164411624716083160141600815933156051510215008148681376112443
 627041             113341061610262 9992 9913 9796102011116012389133871398014305
 627042             144151434814259142941449514682146591453014790148121359912209
 628041             112401064910376102991051811144128041466316009168871753317891
 628042             179941808017954176991755617351169301659516739163671472813143
 629041             120181134611023108961107411813133551514616325169791753117831
 629042             179171814618189181321813417908174591697717020166751501613360
 630041             121231146611112109371108611735133501528316644175001809018481
 630042             186351883918914189821890818687181251763217672173241568713853
 7 1041             125561182211403111581130211913135011545516936180731906319666
 7 1042             200312026120154200421990519546190401848918545182101654814788
 7 2041             134101258512131118681180612392137691566317305185911956820186
 7 2042             204582052520256199571964819313187171805117769173711588914181
 7 3041             127491188311301109391080710739113621261114169153321600716269
 7 3042             162751620916177162381637616423162021585915780156041456713284
 7 4041             120251129310751104541032010120104481150912882141131505515674
 7 4042             159081594415890158941595315944155101500314946147561410413138
 7 5041             121061135410972108001083711007115411242313624147851568716197
 7 5042             163111623816227162921658716901168871685416982165601509413563
 7 6041             124961184211474113181147212088136341564017098180241876919240
 7 6042             194251953219519194851940619145186561826718180177071588614084
 7 7041             127151195011510113101142511948135211547216852178591862619222
 7 7042             194221978620012201362015619885192091854218486180541627614457
 7 8041             131881238611975117971191212653141791598217199180281864419092
 7 8042             192581949019622197071983119700193771900218921182661644614597
 7 9041             132711242411962116931178812406137861564517021179281857018808
 7 9042             187641871118579183861826317887173371672016637164081512113534
 710041             123181148911004107221064810696113491263014081152701609016501
 710042             165911659216529165811674416827166421629016358162811511713754
 711041             125831179811266109391080110681109931198013281144061522715762
 711042             160561612716148162511642816551163271596516222160741468013148
 712041             120661142311099109681119011939134401535416630175101823518477
 712042             185891866118553183521818017903174911713117210166401501813387
 713041             122861163111281110931126212039134701523116314170161748717653
 713042             176481762017411172141717417104168571660516522158701438912907
 714041             118401122210923108101100911746132821507316118168751733217583
 714042             176351778617780176781765717510172491697917069164671489313314
 715041             121821152011190110481123912049135351537616522173241794718270
 715042             184311866018788188071876418560181251768017695172771571614005
 716041             126861193311483112931143912084135261543816899179051853718862
 716042             188991897318883187841869818429179681738617405171311582914250
 717041             129961226811715114111133211408120631349515178165151744717899
 717042             180591807718108181991835118373180251762217702173811618014676
 718041             134291250511945116221145211361116381270713945152641627516959
 718042             173791750217487174631751717547173591727117581170561569914175
 719041             130611245312094119311213812973145051642517619184301903419285
 719042             193331949119442194771961219595192021886518957184311666214894
 720041             135701285612427122231238313211147951679418164192352027221000
 720042             213702178421923220252214421979214082072820645199591795415895
 721041             143191345712869125711264413279147431670418258194802057421302
 721042             217512220222416225132254722279216342092020819201411812516115
 722041             145531364813104128261291713600150831711318733200402121822027
 722042             224552293823139231472306222632218492111020988203151838016353
 723041             149681413513658134371358714386158951779519281202462112821697
 723042             219812216022076218562144420744200831953119541189521748815878
 724041             146601380113291129921291213083135441450115682165681697717010
 724042             167781646616113158901576015704155431529315530152591417312958
 725041             118731118610793105491045010469106811146312590136311425914698
 725042             148961490014866148721501315102150311492015369151151388112571
 726041             115181092510640105501078911609130771490216203171131787318303
 726042             185211885418858187691872818435178931748917689169741523913591
 727041             123951172711368111931136812141136141540116528172971786018129
 727042             181651824218074178671777617617174001727217286164061482013334
 728041             122221159811253111461130312067135171519916266169331736717587
 728042             175951764717553174521743817395171441700317208165641503413544
 729041             124191177711429112971147912310138701574217070180431885519446
 729042             197922024020458205672070720598201271955319682190411718615351
 730041             139181294312403121091217512811142581627117913191962023620910
 730042             212602160621706217932171921376206552009820235196101814016383
 731041             150381409313465131471309613232137881522417053185111951620072
 731042             202972035620393204342048720397199891951619716193061802516531
 8 1041             153531456614029137201357313601138541475416011172821828018882
 8 1042             191111904918959189611922219481193301898219314188311726915577
 8 2041             143641358213191130431326214080156291767319301205862157022250
 8 2042             226032291523077230972308322792221172137121445205151836216343
 8 3041             148421400613532132761336914122155901758119152204572162022421
 8 3042             229212342523649236892369023311225662190321959210251889416802
 8 4041             153161444313912136671375514478159201784519229203182117621682
 8 4042             219462225622351223032221321714210742036120491195571765015677
 8 5041             142741333812763124721248913166150641599216918175411804818220
 8 5042             182711852718650186401862018292177581746417648168751524413657
 8 6041             124431170511279110731119511902131861481315917166301711317278
 8 6042             173301742917319171321699216649161541572616042154801414212701
 8 7041             115911090010492102811026410450108911202413377144961509115269
 8 7042             151291490114652144971449714549144211431914801143501324912060
 8 8041             111231047610114 9885 9869 9920101201101212246132821394714358
 8 8042             145471451114427144031458814779147241468315266147741352512250
 8 9041             113671081410527104181061011410127421461916011169991779518236
 8 9042             184591874918868189301903018935185361809218377175201570413957
 810041             127011201511619114251155912297136581553517086181721917219828
 810042             202032061020799208422082720494198061932019573186281680815042
 811041             137491301512631124691263313518150601694418222190971978520217
 811042             206032106121139209302056120082195531920819408185241677615031
 812041             137861308412691125191266913558151131698118397194352029020869
 812042             212202159921692216582152721086204592017220397194691771215966
 813041             146931397013464132171336014217157161750518875199242071121154
 813042             212132120721007206972045720091195551927019368185001700915432
 814041             141791335812794124461229712482129031421515824171041789118247
 814042             183611832518177180441794717758175371753317840172351600014596
 815041             134401269412209118221164411682118871249913561145771537215816
 815042             159511582315598154531546615708157291591716103153771412212836
 816041             118961133211060109821120912135136841539616602174281795918166
 816042             181311808417833176441760317572174521736717291162461464513121
 817041             120621141611061108961107511878132231498816118169251755617934
 817042             182011844618516184911843618188177181746117893169141524613603
 818041             124201167311259111011127912062134201518116476174321828718892
 818042             192341958519723197241963919301187271855418955179671625814646
 819041             135091272812335121831238613286148601676118178192422006520605
 819042             208652114021234211362100620770203392022120477194511765615883
 820041             144901359813065127981290713762151871705618609198562103921800
 820042             223472293223209229132268722060212122064620491192581769416089
 821041             147461393913457131441301413243138531490416275174681821318590
 821042             186401851518145176851733217061166891651516438156081429713010
 822041             119091114510660103861024410320104631131912547136091426314587
 822042             146981465014600146871491915109150011508115621148171345712175
 823041             112661071910451103471058511463127941453415956169811779718274
 823042             185211883519021191331921919067186191851718767176101578814115
 824041             129201221211781115461164412472137601535516472172611779918088
 824042             182261839918411183501831818032174811732017566164261469313049
 825041             119181127510908107601093511788131281481616099169561762018054
 825042             181851842118477184831841518093174961732117533164121465913005
 826041             118591120910839106821086111687130381472716009169311758517936
 826042             181081837218490184801841818142176331759017816167371503913473
 827041             123651172911376112531144012373138491560316985179721883219378
 827042             196862010720311203432027519937193551932119446184691697715320
 828041             140731324112709124551240212681132571455716363180151937120275
 828042             208092120321245213332141421282208342082820911199351840816755
 829041             153951445713866134571319713228133381424315807174571887019946
 829042             206262081820762207402072720724201272009420061188521706215427
 830041             143481380613459133351356914622163941828219835211052215022905
 830042             233842392024116241162393623383226832268622484213131887716855
 831041             155041473214231139681409615124169621863519744205722107921407
 831042             216042185321864218982182921330204962020020039185231631814522
 9 1041             132111242711977117511186112749144161600317131181131886019274
 9 1042             194231973019801198291977219450188851891818933175751560813808
 9 2041             125961186111469112791140812272139861554616590172971788018187
 9 2042             182861841618512184931842618122177281783417855166291483313234
 9 3041             120691141411086109611109911927135271518316381173331799118418
 9 3042             185761881518879188391875218354177841786417786167491527413763
 9 4041             125561189411408111641114411373117841288114462157541662317162
 9 4042             174611749217548175471744117177167971689116744157991451513129
 9 5041             120431138010940106571053610653108431150412600135001401414291
 9 5042             142691409813889137361377313851139121435414368136631266811597
 9 6041             1071310151 9835 9693 9713 9968102581102712335135671431514562
 9 6042             146071450014413144281467914952150051578615902147991321111845
 9 7041             109751048510267102221049111573137421541116383172261793618413
 9 7042             186871905819275194551962419539192151969519537182101625714519
 9 8041             133801267612322121641236913408156591735318217188231931919564
 9 8042             195971965519558195131944019401193571968519170178291603014451
 9 9041             131441243812031118851207713203155751725918121188461954219967
 9 9042             201892042720392204532058620516203722082920466192201736415607
 910041             143181343312872125291245113224150671650417334178861830218524
 910042             185351869218631185111821217654170741726516994158921449112990
 911041             118051114110717105041047910758113931244013791147181522315381
 911042             153461516314994148461477914770147911534415226143911329412122
 912041             110791048410132 9917 986210011102891100012304133511401714477
 912042             146931474014764149031519215432155031627316111149881349812237
 913041             112561081410590105481081211875139341549216497173341801218348
 913042             185041863918572185161845018179178121823517795163261438712710
 914041             116531101310731106061079811773137931520815888163901685017050
 914042             170801719217167171251707016876167051733916905155721375812238
 915041             112581071010434103671059011550136171507815726162161664216843
 915042             169381702116994169271692716882169981758117124158411416212714
 916041             116351107210800107261094411994141611570216504171071757717899
 916042             180371814318153181631819818028178741848817974167181492413292
 917041             122371167611362112501142112507146481621517146179141851018786
 917042             188921910619133190211889318671186131886718272171661571014186
 918041             129481218911785114651139211645122401313914410154091597916018
 918042             158441549915093147611472914815149591516014753139441285411650
 919041             1069710071 9763 9579 9553 9742100681084911970128861331013589
 919042             135511340713241132161343513802142111511414841137541233211115
 920041             10286 9878 9685 9674 998311066132181469915288156871604216180
 920042             161921624716177161211616416209163621707116431150921338411854
 921041             108601036610119100601034211372135441501715678160321638016601
 921042             166261670616692166281662516575167371739516787154471371212230
 922041             111771055910312102901055311596137041513315883165191706717399
 922042             175791789417992180151803317801176981832717751164411463713059
 923041             120101138011013108641106112096141431564716506171721760617814
 923042             179061816218210181181808317824176771823517547161851440112762
 924041             116301101010673105421074411734137701520215893163471679817074
 924042             171781739617380172691710816703165861699416348153141389512467
 925041             113751077210376101841020110543111401222313594145551503515229
 925042             152061515315078150741513915235155751609315642148201374012512
 926041             115771092810561103601029910461108311147612740137601432714700
 926042             148981487014808148471503515254156051632415735145301308211749
 927041             108681038910135100671033211365135071494115639162491683517121
 927042             172861745617452174241737317292175341799317273158651408112468
 928041             114901091010660105811084011842141961580116501169711730117404
 928042             173551734317252172461740317593179141785817028156731391512425
 929041             114441094710658105411073611733139751555115999163121652116556
 929042             163811628816100159621600216015164261702016361151591340511875
 930041             109481043010158100781031611379136231497215442157531602716138
 930042             161241620116176160961613016264168261718916493151971365912180
10 1041             111311056910306102011040611394135591488115477159051627716479
10 1042             164801652016422162191605215853160941639115748147591341412054
10 2041             109851040310098 9947 997910355111591210013372141871455414608
10 2042             144591423314021139331407614444151241527714802139981290011778
10 3041             1085110258 9906 9741 9701 9854102621091912059129321333913500
10 3042             135241338613400132381350313931147321535914796136841228811072
10 4041             10303 9914 9741 97381006611200135131490115410157751610616214
10 4042             162011626516166160991613816264169491742216607152871351211995
10 5041             109601041410170100841031011387136401499215402156131579715858
10 5042             157601575915635155551563715828165821707516457151451349712070
10 6041             110541060510389103501063011749141551549815861159561605016021
10 6042             158911589515753156531571515869166591709016402151911350812064
10 7041             111121060810295102211049011587138841523815636158611612716213
10 7042             162281634216289162031617116199169041725116556152881357812040
10 8041             110211050710260101541039311422135771498815528159601632516491
10 8042             165011666016488163131616515941165141653315932149011360812214
10 9041             111101049210125 99641001610362111361188613363142311461014560
10 9042             143711414713882137161378914159150851520414708139461301511864
1010041             1077410181 9857 9698 9677 9875103551106412142130421342713610
1010042             136381351513336132881348613952148541495114396133691209311185
1011041             10403 9976 9740 9667 986110615118531319714299151571546815505
1011042             153741528915123150221518715602165441670216011147591312411727
1012041             107861032010113100571032611426137291520215657159051609916130
1012042             160301597915805157141579116075169741717416387150931343312096
1013041             109901046810245101991049111581138521520415556157211593515985
1013042             159441598715905157971579615988169291704716314150201345612074
1014041             109521039610165100951034311469137501517615526157141590816021
1014042             159801606115979159071607716486172481715016448152611360412120
1015041             111411062010347102591050911526138121543215912161891643916470
1015042             163441630416130160371617516545169381658415879148531355112193
1016041             112261060310272101091011410413111931219813326140891442114397
1016042             141741391013677135391370414199151341504114510137421274411668
1017041             1076110098 9800 9641 9640 9862103721109212196130051336913551
1017042             135601340313260132351361714322155291559814981139221265711543
1018041             107341029410047100141032111479138281525815659158871604116003
1018042             158871581915620154901560316113172051708016323151101363812195
1019041             110941058910379103091058011552137301547816077163361650616502
1019042             164321639716235162231650517124177631750816738154911396912640
1020041             115861086610575104641071711843141601560615912160451607916034
1020042             158961582115629155521574016247173081725716526153451396212664
1021041             116191089510598105191076811808138871555815961161211625416229
1021042             160801602815860157861601016562174831730816628154311380812369
1022041             113191082510609105401074711821140811565916077162481636216324
1022042             161451609615862157251580016228168791654515929150301376112416
1023041             114371083410534104091049110858117821285814053147811507214983
1023042             147451443514186140651433714981158061552914971142091325212223
1024041             112901057910212100211005010243107871149912627136281415214385
1024042             144391430614193141861452615319161001598015355143131307611882
1025041             108831039510200101671044411640140011561615998162061635916355
1025042             162021609515919158741615016840177091738016627154181370212246
1026041             112411077010557105151079511982144151587416086161441620016267
1026042             159691588115698155581566216251174701734316618154141390812470
1027041             113951084010618105711082011975143701583616066161421621016146
1027042             159981595115756156811584016432174851728816531153721386712603
1028041             115301088010571105141078111920143111577816007161051612916035
1028042             158181572815527154021550216144173481727616692156001397212509
1029041             115331109510882108131102812138144631597616232163061635416248
1029042             159851579315534153551536015865166911632515731148591361612306
1030041             112901070010397102561029710664115361263313875148001520415279
1030042             151581492114158140541462915541158001533914806140251303511958
1031041             1097610177 9809 9724 979410147107121171312811135121374713841
1031042             137661361913498137241462615550150041460114134131191186010837
11 1041             10141 9805 9684 97141008211355135161494215384156191582415840
11 1042             157431568715523155461628317785176671710616233149251325211941
11 2041             110651064510455104511084012067141231536415791159991608316195
11 2042             159201606416099162271697418079178361725816436151521352612147
11 3041             112341072910473103861066511859140671529915600157841589815912
11 3042             157711568915537155331641017908178371732216535153191365812257
11 4041             114061101310860108741127012565147461593716182162511626016148
11 4042             159781596215905161981732618255180711757516751154551384312340
11 5041             113861087710658106031091712037141661545415822159971607115979
11 5042             157581570715537155141634517555172761666715988150371374912432
11 6041             115271098410702105881069211171119111296114062145481464114478
11 6042             141831383113521135751457015883156651512214564138241274511654
11 7041             108311030810068 9951 999810287107551156812543131931344013548
11 7042             135061334213203133841450216051159221545514745135821228711111
11 8041             1036810014 9876 99131028511561137981521215644158581601616001
11 8042             158571580015674158061693918431183281781817025157621409312647
11 9041             118131139611269112861167112947152131644016612166511671016614
11 9042             164181635316238164211757819044189471848317751165181485413399
1110041             125071212611989120101239413706159151707817227171271708616975
1110042             167181664416514166221765118927186881820617399162381465513227
1111041             122671176511514114271166212586139781518116037163451639416343
1111042             161131593015688156591677318095178821739216617154211390012476
1112041             115661110310927109221127212464145571606116605168501697517096
1112042             171101713017036172031811918775183891769616933159111457913315
1113041             123881189511618115091162212089128951397415188158551607515919
1113042             155261512014837148861604417378171691664116100153561432013286
1114041             123871190011673115921168512009125031322914157147421489114900
1114042             147371446814233144061576417250171741677316151150341369912490
1115041             116641130211190112181160612859150281631916512165421657416451
1115042             162551612115910159751714818502183591785017083158161415112650
1116041             117901132911181112391164812897150881634716590166691666316517
1116042             162151626316014160191743018587183341786917148159421429812803
1117041             118891147211318113271171512931152431642816603165591651016396
1117042             161641606515952161021733318425182061770416948156921398912527
1118041             115901112810916108971124612453147801608816391163881645216333
1118042             161231604815948160491720518134178681741016590153421372612265
1119041             113001080010546104911077411962141481549215829159471603915995
1119042             157871569515487154291650717444170841645015821149561372412462
1120041             115151099310768106741081011319122071322314314148481496614829
1120042             146931450014377145861579316556162321565015093143471332012210
1121041             112571067710397102511028910565111411196913148140021449614800
1121042             148501474414668148771597516854166971622115497144431311711852
1122041             109871058110414104191077812029143321566916083162201629716234
1122042             160581599415890160171731618391182361775517029157891424412743
1123041             117651126711065110701145812682149611617516380163551629716158
1123042             159501586215712158471717218222180341757916906157751416412635
1124041             116531109410822107621106112172141691557816246165151666216666
1124042             165811662916616167831767018023176591703916259151391374212203
1125041             110791038410012 9798 982410187108771182113180143241498015188
1125042             146791373412883125811313113446134421346913358130081223611407
1126041             107321040210274102951061311366123511316614082146541485814874
1126042             147041449514344144911585016995167351628815719149611390012772
1127041             118721136311092109921110211530122701310814096146801480114635
1127042             143321400613814140271543016428162161542514880143391337312267
1128041             113021072410411102621027710529110341163012573138121445314914
1128042             151671513615134152561629616926167171621015501143031289211729
1129041             108851050210352104261081012070144611580516176162891636716303
1129042             161171601815795159831743818827187831835917614163581458912978
1130041             120081145911255112331154412770151401647116757167871666016541
1130042             162431611515978161931768918840187041825117458162131444712815
12 1041             117431118110938108551114512339147581635216782170171725917295
12 1042             171701699116682166231774618806186101814017399161951450712842
12 2041             118391136611165111311144612687150551629516537165591655716485
12 2042             163311630116174163511772918969188821848217820166641496413308
12 3041             122721175311540115451187513067154391682917160171701703516810
12 3042             161651644916387165901781118667183861788117286163981507513596
12 4041             125011193911642115681169112189131391417715197156461567215462
12 4042             150871477114569147951645017644174071687016320155621440613119
12 5041             120541137411001108641087811175117401238113391140521429714362
12 5042             143511419614068143791618317685177631746116894158631431712960
12 6041             121261175111664117221217513456159151740217752179491803018004
12 6042             179061794017938183021979620719205512005019149177891589514100
12 7041             130361249912253121931249813681159271747917867180671816818170
12 7042             180631802018005183511969320281200091935718426170051515313430
12 8041             123081173711487114161170412869152211656816727166781658116481
12 8042             163271622616118162831776519099189901852617819166451490113156
12 9041             120631156511356113521171612972154211677917026170141691116789
12 9042             166211657716520168811845319337191971874118004168461505713364
1210041             122241165511395113211161812746150671669217156173611744317409
1210042             172901724217188173891851019103186911800117273163071490613344
1211041             121141140711032108531090511331122441339414660154821581815876
1211042             156901542515273154801673217512172181662516053153281424212881
1212041             117121101610664105331057910833115651242513586144261479414964
1212042             150981507315033152971694518130181491786617258161151454812932
1213041             119131143311206111531148112723151171670816987171301720717095
1213042             169261681916686170061857319874198121937718672174241554313658
1214041             125701202511830118271214113397158141728217549176061758817498
1214042             173641736617383175551929520818208482041519810185871670914902
1215041             137731321913024130491341114691171721848918593185201844118239
1215042             179801783117720179761967521111210332060519956187901692415177
1216041             140091346213239132291355814787172201839218612183861815617874
1216042             175261727617093172521893320276204181983219206179861618114385
1217041             131421250712235121741245813611159551740317528174601741917285
1217042             169881687216794170461857519806196081905518507176821634314737
1218041             135871294712671126271279113305142921536516427169171687016598
1218042             161841584015633158511740018591183501787217398166861557514233
1219041             130641237112030118701189612164127811355214619152811552815558
1219042             155021519515329156441730818418184751822617706166821517413696
1220041             126611227012154122901273814016163151796118794192891963619699
1220042             195071938519283194852097222563226312225921576203321852916725
1221041             155111489614642146031493416090183001961819858197521950719204
1221042             188251867218586188362022221387212192080320165189931714415289
1222041             141141352313280132691359414717169981830718471183051804417668
1222042             172691708316960170541844619751196611923718651175221583214098
1223041             128311216011818116991193112907148181621716748169371700916906
1223042             166021640516274164801779118545182601767916947159151451813037
1224041             117961114110841107841100011645126571376915112159021619516172
1224042             159751583215849161601743018090173391663316253158771524014233
1225041             131711243312030118891194412270129071374314594150601521015197
1225042             149501448414102141341523816117161891620016127157541485113746
1226041             128281229112067119871206712368129641368214692156831627216601
1226042             167121666816630169231827619161190311865817952169181557814312
1227041             133231283212636126371290513784151121612317064177591809518120
1227042             179611779117627177101914120791207902029319565185141696215513
1228041             145361403213834138471413815001165431768118372187151876618616
1228042             182961808917958180531941120533203451977818995178781627014727
1229041             136761305812787126891288113698151661639317139176321779517686
1229042             174001716917010170601826919437192001862617978169141536313838
1230041             127501219911938118711211712978144881576216562170161710016930
1230042             165931630416061160671738918882187851834317745168201543113981
1231041             128411223511913117831187712399133341415315112158841627916274
1231042             160451578115509155261675517884174121650415649149031396413129
