 1 1051             122311148010941106651059910795112071154012248130491364914002
 1 1052             140031380013611137321500916473164521610815656149801401412949
 1 2051             119981147111215111511124611548121821280413725145151494815161
 1 2052             152581520715207155541701618119178641740016637154561405612687
 1 3051             117441126311027109501120912279144151576716098162841644716437
 1 3052             163121622416113163561765218696184471787417054157871413712695
 1 4051             117021121911019109961132012448147221630216564167101678616680
 1 4052             165531651716422165671775518938187901829617516162911463613101
 1 5051             120861161111419114101171212935152821683717151173791766017742
 1 5052             177041773117616176991885619966197901925218429171701556714056
 1 6051             130861263112506125091286113952157901700617655181901850218769
 1 6052             188071874218570185671951620314199881928218317169361524013798
 1 7051             128131230612067120261231213468156821699517122171571717217097
 1 7052             169071679716591166121764718801186181810517487165941534214064
 1 8051             130221243312102119671202412400131601414615301162401681817107
 1 8052             171061694616742167771761418438181721752916872159941488213766
 1 9051             128321225311961118321188012182127731340314373151371542015600
 1 9052             156081545815348155451679518128180711761616912157531440313156
 110051             122991188411716117081205413278156401715017506176981782917768
 110052             175751737716669170491798719448194091890918094168491517613661
 111051             126931222812033120271237313594159711731717489174721742717377
 111052             173491733417258174801862419797197121920518431171151541413958
 112051             129561246712294123001259813703158451738017800180151818518246
 112052             181111802517850179021884719781195381895318049167471505513589
 113051             126221213011931118811216213328156121708017306174491747717392
 113052             172131713416996170761798318979188211829717508162491455412988
 114051             119171137011108109891122412318145111600616392167051697217101
 114052             171071714317056170931786018619183721779317184163121509913805
 115051             128481234812100120501217912591134991449515483161301643916407
 115052             161601585215649157561659817931179301745817039162981527714185
 116051             132521270412449123601239212648132261391714947158081626616491
 116052             165141638516294165631756418395182781770017268163771522414156
 117051             133071290612744127461304013932153751659017492181371852218619
 117052             184551828718109181641907520767208032034319587183701679815438
 118051             145991422514124141951456215836182641961219819198971993219813
 118052             196311949819282193602029022006221412172720931197251804516608
 119051             155961523315063150691535716455187742006420266202802020220003
 119052             197731970719421193822020721412213642084519880185651675415254
 120051             142661379313566135441388615078173381853018664185911859318442
 120052             182091812317948180131888420540207202036219703185361692315489
 121051             146171426614138142181461915823182321961219873199411991019728
 121052             194611925219037190351977821204212732081020227194611820616943
 122051             159731549815243151341525215702165971755918695193051940619198
 122052             189451883618740188931970620837206951994019018179571673615584
 123051             146601415013891138141388714158146651530816299172621790018225
 123052             182911811517904179191870120433205631981919170182121716015891
 124051             151111476914671147151504616054179081909519534196651967819522
 124052             192171901218754187511952821095211772063019847186031695015489
 125051             146081416313933139301426615418175781869218909189091901618712
 125052             184161823217999179791871520424205872020319427182411655215069
 126051             141601366813473134621379914933169481817918713191561943019572
 126052             194951939919179191331978021120211772063619729184741683815517
 127051             146671427514135141751455215787180311923119493195291949519338
 127052             190691891118700187421944721123215202121020580194851787516475
 128051             155841519315064150891540916560188332007420238201742001219699
 128052             192621893018543183961891120312205552008319518186701739216136
 129051             152281477614531144761457815014158761678517780181921810217685
 129052             171191656616232161931682218412185351804617460166841559514495
 130051             136101305812797126851270312937135081416415121157281590915908
 130052             157041538715158152471609517979184041808517462164171506113894
 131051             131401284112751128361324214487169201822318400183731831318137
 131052             177891758817328173121803519784202241985419143178961629214932
 2 1051             140611369313587136671405015311177171896818994187321847718130
 2 1052             177011740217106170851771519430198871956318888177461609514696
 2 2051             138861353313423134761386815116175001874618758185181829017943
 2 2052             175891731417054170101759319294197711943018764176081595814462
 2 3051             136311322613079131261349314698169911823018328182191810317872
 2 3052             175691741217264173401804019388195381899218142169571537313996
 2 4051             130491258712371123241262813731157941703117517176031770817718
 2 4052             174991726116925167481702818118183341785917330164861515413910
 2 5051             129731242712153120601217112630134871429615196157241577315493
 2 5052             151051465414280141811461116166166821636315849151671421313217
 2 6051             123271180511577114681153211838123861298613916145491484514923
 2 6052             148091454314317143301496916573167201600715659149611419413231
 2 7051             122321178311647116961207813284156261693117195171461706816836
 2 7052             165491633616097160651657818232187021828517527163181471513326
 2 8051             124231200711830118451215313374156831690617137172071724017103
 2 8052             168651671216466164811701218402187201824617440162741461013186
 2 9051             122661182011628116161194213117154601667616843167831675116657
 2 9052             163881622216047160331648717937183691792217172159811440213071
 210051             121391166311468114221173312847150481658817105174471774517839
 210052             177211760117506176091817619290194681889418077168101515613795
 211051             129501252312368123771272013838159141716717561176931770417615
 211052             173211711616858167111700218270187451822217548166911541814177
 212051             132021268812398122831234312774135561445015622162691636616115
 212052             157291535215123150971546116756172811682416305155511449813511
 213051             126161208611832117251175912055125551323914224148851514615173
 213052             149891471314446144431506016789176751746016897159531461013471
 214051             126951233312234123031273114050164271763217817178511780417683
 214052             174931741517335173701790319157193631884418003167341504313623
 215051             126491214411878117831202113095152361638916614165581657316423
 215052             161901602516080157731611917514183151794917191160501445313025
 216051             120971169411538115311189613091153201651316671166921668516559
 216052             163951634316285164671724118421185911814617429162571467413272
 217051             123891198511829118531222813454157521699017275172231718617085
 217052             168461670716505164421686118178189601862417986168771526513837
 218051             129831254912394124211275313914161061736817690176711769817544
 218052             173511718916974169361735018505191611877618233173571609514856
 219051             139581349113281132351336213830146081551716528170741716716913
 219052             165271601915593154551580417079179411761417113163651531914338
 220051             134521296312713126111267612959134161408314914154641566815688
 220052             155111516114837147661527716648175381728616747158421472413725
 221051             129201254212404124391271913489146551568816748176331815918362
 221052             182371801017730176061801819102193101869317821166001513213898
 222051             130211258212419124301276013808156141684917482177391777317696
 222052             174831725317010168591723518360190391856717818166771516813849
 223051             128961241912204121671248813544152731645616934171381727317230
 223052             170281689216671165151687618039190471873818149171041567714393
 224051             134891306612940129931337714520162401746817927180811802817843
 224052             176011740317246172301770318911196271924218483174191593814618
 225051             136751323013049130301334514337158861707017678178961793517808
 225052             174931729117063169271715917981187591831717727168531563314447
 226051             135701315812977129361307213571143221523116090165311655516295
 226052             158701547915255151881550716525173851706016544158771485913868
 227051             130231257912378123311243212774132151392314729153411551715612
 227052             154401512314862147991526916682179291775917125160591480813733
 228051             129491262312540125901298114243163891767718000179931793217755
 228052             176221750117370173791784119032197451924418391171271552214118
 3 1051             131961273712580125801288413865153271652417343177481801918097
 3 1052             179491783617591174511771018671194931900518131168821523913840
 3 2051             129281252712408124341278513996160021718417445175771761617539
 3 2052             173971726217066170481742318455194411909218402172481562814218
 3 3051             133341297112858128961326814519165771779218041180441799717831
 3 3052             175821740017177171061745718409196721943918838177011606114647
 3 4051             137201337613257133291364314841168621802318156180761797517744
 3 4052             173821719816951168351700817709186511825217639167701552814346
 3 5051             134411299612793127431290513372139921491315776162021622115967
 3 5052             155491510614722145521477615693168981667016220155251449513469
 3 6051             126361215011875118081188712213125961330714125146671489715050
 3 6052             150171491014839149291530516333174131715516415152721386312736
 3 7051             119691161111462114821185413092151671641616667167811686016866
 3 7052             166321642916149160531647317563184471806917217160001433112909
 3 8051             119941154711362113341164912826149381635616835170571729917462
 3 8052             175291761917654177171817419240199861965318820175351596214658
 3 9051             139331367813608137051412815311169451822018675187621879618730
 3 9052             184511823617972177891802818877201781998319327181301645015013
 310051             141931380213675136881405815236171731830318337182461815417941
 310052             176291745817188170821739518130194551934218762176781610814687
 311051             138201342113228132321355914718166361783618047180261802817928
 311052             177301767617503174941776118355188841841817671166391526913958
 312051             129841246112155120241209912503131591421115462163201677316839
 312052             166181625715909157191590116651175821720216574157261462513531
 313051             126451217711942118601190412192124941329814194148311499915016
 313052             149021462014404143641475915612170911709116513155681421013100
 314051             123981209911993120861250313766157281694217194171991721017080
 314052             168371667316438163161658317353187011859717939167001501513590
 315051             127531236612213122601258613805157601697417182171491709116935
 315052             166401645616195160661627517015183321822317555164031477313384
 316051             125401215812041120571238513579155221674516953169681696916841
 316052             165611640116187161051631716913181741815117501164751493813491
 317051             126341223612079121101247613700156261686217021170221695716793
 317052             165061637816146160221620916738179791793817330161651467013383
 318051             125031210911959119741225113373152281647416705167281668116497
 318052             162401606615764155241561516034171691704516513156931452413331
 319051             124111194211718116521174612181128221385614826153051531315085
 319052             146551422813881137381389414486157801577615371147111374512773
 320051             119941156611355113061136711591120001279913686142781450714608
 320052             145621437314169141851455915375165521646815855147511340812300
 321051             115461118611065110911143712643147361623516703168351691916869
 321052             166851660016332161561640017072182271811417465162301455513150
 322051             122841188011730117311212513268152211633316533164871645116300
 322052             160441590515667154781558316121173961749916900157671414712761
 323051             118881149011306112951167312825147971616816558166931676316698
 323052             165761656116444165001696417814186011833717623163921479813377
 324051             124651204611870118781218413300150931657217168173041735717283
 324052             170801694516697164521648416791178961788617306162621478213348
 325051             124101194511724116871193612773140981525315840161431623516130
 325052             158201557415371151661534315851167151663216140152521406812903
 326051             120581162311393113451148211827124591349914582151101515014985
 326052             145961420813825137031392714606159221604515652149721391012772
 327051             118361134411084109901106911267117141257513388138861398213955
 327052             137281317912642124281255813099146701526815030141381292011898
 328051             111701085210743107751113812363145281624117012173921768417748
 328052             176501758417390173911770618225187401840517515161511440912855
 329051             119341149811262112321151512644147161622416608167291684216727
 329052             166081652416275162111632516739177131772216992157591407912624
 330051             117151129911135111091149512571145311575416051161051613616044
 330052             158371575515524153611545515811170931729316631154531383112415
 331051             115141115011002110081138012431144541573415989160551609515970
 331052             157511564315381152431534015924171271727716658154641384612265
 4 1051             114981104910833107781107712155141441566916096162261626716128
 4 1052             158641569815356151211508315290162531629915743148311354912264
 4 2051             113551082410613105031060011003118261312914528155631604616162
 4 2052             159941567115374151681528115637161051583415166143061315111962
 4 3051             110891082710564102811023510325106591118312082130531371714148
 4 3052             143781425014098140271424414615150361583615813148701352512238
 4 4051             112651079410584106201093812006141661573816226163881653816424
 4 4052             163061615915899157751582616037162521692517024159431436712791
 4 5051             117481121710969109391124212370144491578916038160891608715991
 4 5052             157691576715465152181508815123152441616516426153751368412129
 4 6051             111591067710451104081069811809139001539515695161451622916164
 4 6052             156681558115434152711523515177151281602716316152291355711971
 4 7051             109501045310240101671044311510136221509015515157061584715851
 4 7052             157731572915538153721540315466156661638516340152831364712085
 4 8051             111311060310312102191044111472135801512415664158561594615876
 4 8052             156851557815310150321485614658145591507615419146451342212060
 4 9051             110101048410209101331020810601112121225913342140291424914125
 4 9052             138211345113128129311291213057131861387514383137991275511653
 410051             107951033310073 99741001810270105631134412296130211332113422
 410052             133461309412831127251284913163134741432015018139651253511222
 411051             10383 9969 9792 98031015411329134611502015487156881585115801
 411052             156421556215353151941522915315154771615916465153501368612177
 412051             112861084910674106821100412177142721572416027161001614116073
 412052             158691576615553153811551715792159811655316609155281384712342
 413051             114191098910758107401104612232143121571815983160631610916026
 413052             158021564715397151731512315163152201594516369154091379212248
 414051             112891082110609105781088112065140591546715728158191586015811
 414052             156261555215322151641511015030150521572916222152971374612213
 415051             112421080310632105991092012090140701550915839159461594615840
 415052             156171549115203148421465214468143721493515503147511357212243
 416051             112851077810558104871057811023115941264113617141461419414009
 416052             137101332112991127731272612882130411367314232136671261411527
 417051             107081025910033 99371000810298106171137412277129651318613270
 417052             132151296412785127221269912917130631371814343134791225711128
 418051             10266 9883 9727 97101004510932122421383114777152941555915649
 418052             155751553815345151641513815041148541529215768147391317011702
 419051             107921031910141101031036811267128281442915150155661578615904
 419052             158401588215775156261554615430151901551915955149551340111867
 420051             108691034810095 99881017911053125611417215121157071618016448
 420052             165601664016568163851628116069159101624916406152901363012093
 421051             111021054210237101771036511226127171419414990153471560915645
 421052             156111545515270151021498114839146951504715581147221328211797
 422051             109301044710210101701045211357128241434315072154241557715552
 422052             154281533415095147501460414473145221495015117143251306111803
 423051             108471031510014 9896 995910291108771195313299142851474214870
 423052             148021459514357142291434614514144891463114550138421273811620
 424051             1074810193 9830 9679 9648 9842101311094612096131021369513967
 424052             139181362713317131391319813418135621402714733139461257711315
 425051             1046710089 9927 99001022511326133531495015500157911602416054
 425052             159261581015586154501553215619155341587916381153611369412077
 426051             111771072510507104671074711788137021513515508156761581715818
 426052             157201566515480153411527815143149771530915980150791343911783
 427051             107661030910101100431028711307133691510715761160931635816444
 427052             163531634716215161561632716469164071646616394153281364112012
 428051             110721055710288102261051511591135541515115663158781602416031
 428052             159491587215683155521545315382152851563316181152851373212148
 429051             111951074910520104801075811751135851508215551157321582615772
 429052             156051555615336150651491314719144651459715281146001336511919
 430051             109171033110018 9846 991710228108461201413312141341450314615
 430052             146011447014309142461440014653146931471414652139561283011655
 5 1051             1068410102 9814 9632 9613 9787100951098412132131981378314039
 5 1052             140581375113467132591329013467136191403814812140231264011347
 5 2051             1045910075 9910 99271029111399133621485515319155611568815767
 5 2052             156831564315422153261544815612156111593216200151191341511841
 5 3051             109351048110269102581055411526135241504915470156391575515768
 5 3052             156161557515384152321518515198151471541616049151631351311875
 5 4051             109291047510274102341053111608135501506015417155521555215644
 5 4052             155581555915362152351527815329152781548216060151411349011908
 5 5051             109531054810363103571067211683136581521115573156791577015784
 5 5052             156691564215434152451511114991148701512715876151021351611924
 5 6051             109961050810257102351055911540134201504415502156541573615639
 5 6052             155281547115217150181490514874149161508015329146241335011912
 5 7051             109501042110130100301006010419110961235113662145361493514983
 5 7052             147791448114173140251406214182142771452414755141711310411943
 5 8051             110181044810137 9961 996710105104311136312485132951370613779
 5 8052             136291334113105130171314613337135671402814682139341256911333
 5 9051             1046210047 9878 98981024011270132421499715608158611609216127
 5 9052             159801591615673155061546215417152961545016121151691343611782
 510051             108141031010076100211029111239132481487715374156151585015952
 510052             159401599615924157861569415486152251531516025152291350211835
 511051             108021025810015 99611020911127130471471615295156821595116143
 511052             162261636016271162241619715993156251568316344154671366411977
 512051             109401039410140100461027611164132101488215450157031590015946
 512052             157811577015568154161532915192149361499715763151121345011740
 513051             108151034110129101431040011210133071487715336155391565915605
 513052             154241536015210150261489114626143531433515021145901325911815
 514051             1075310170 9862 9710 977010056106981185413104138171408914063
 514052             138561362713339132091323313327133061338814054136451255611386
 515051             10429 9857 9535 9396 9416 9462 98121068811789127761333113653
 515052             137151357113400133641358013857139991428914663138491249911212
 516051             10320 9875 9684 9655 996311012130221479315460158921613816132
 516052             160151597715796156491559115529153141538715924150811344711817
 517051             107931029810061 99851022611198131321475215304155741583815915
 517052             158891588115691155451549515370152021527315827150621336411700
 518051             107421028310050 99841024311156131621480515394155941581015806
 518052             157691574915596154421545315378151941527315759150001332511756
 519051             107121025210024 99631024311096130971475515290155841579515854
 519052             157471576915610154741540115240149951497615595149421340411770
 520051             107511024310001 99531020711043129691465315205154761572015789
 520052             156731561815433152141506814797144991440614883145211325711830
 521051             1080910242 9914 9783 983910047107151191213104138061401713985
 521052             137801356213396133341341613602136401376314094136341258811484
 522051             1058310059 9728 9594 9591 9661 99931090512062129811347913718
 522052             136931348013248131731333813657137901398214418138051249511201
 523051             10358 9918 9731 97251005011064131341492915568159431618616205
 523052             160931605715855157571587716052160371610716208151681346611921
 524051             109331045110215101481037211417133971521715868161681641516479
 524052             164731644916298162361634916534164501644416370153931376312303
 525051             112271075710522104501069511709137901552716124164141662016695
 525052             166061656716395163351651216710166511660116522154601392012284
 526051             113031073010494104031062611615136131533915993162541640916446
 526052             163021623516070159941607216187160901602816216154221379312121
 527051             111401060710307102361045111308131951492315547158581604016030
 527052             159341587615683154811534515193149831502415275147571340511942
 528051             1089610288 9961 9787 9817 9874105061162112872137121402914076
 528052             139331367913502134081343213485134881356614043137281263211476
 529051             10483 9938 9611 9412 9392 9403 97181059911735126501312513337
 529052             133441313412974129091302013196132651324413610132881229411230
 530051             10297 9746 9455 9310 9330 9373 99081096312221131691361813820
 530052             138331361413422134101360913858138771402314542140601252211174
 531051             10259 9804 9594 9561 982810725127951469815517160031631316487
 531052             164651644016349161871616216053158071575316078153861360311909
 6 1051             109341038310132100431026211145131881495415624159551620816277
 6 1052             162731639516318162441618515944155971550616014155841379512144
 6 2051             110161045710151100681028611142132161507115695160331634816530
 6 2052             166191676816688166541659016345160151578216243158521412112218
 6 3051             111551057210250101271030611125130901490715766162591665516916
 6 3052             169641712617014168391657716148157211553615891154971414212534
 6 4051             113841075410408102271019010289110321237113790147701526915548
 6 4052             156171553615512155841574215819156881551215840157151446913063
 6 5051             119081117110722104511033210183106501183613323146001557516247
 6 5052             166661677616831169391718417367173811733317723172851538913567
 6 6051             123871176311360111291128812037139351580116703172311781018009
 6 6052             182281843518535186131859718324180031770517744169151502613326
 6 7051             122641167311362112261144712299143661643317521184291925519874
 6 7052             201942057320776209892108820913203641986919857192321700214862
 6 8051             134201257012062118371191112611146861681918031189001965520220
 6 8052             206522118521626220212220221972213502081920771198821767615491
 6 9051             140921323712736125361266513371155321770518833197902065121171
 6 9052             213822170821925221422220221888212532056720511198411772315465
 610051             140751331212857126881289613714157751782418895196722029120721
 610052             210132137821597217992179721232204841983619752192601760015675
 611051             141891340412878125521246812578133861492016710182681948820277
 611052             207892101421059209452081620649201911969019741194391797516168
 612051             148381386413269129101270712531130161418415864174881886019788
 612052             203742060320713208402086620752205292040720663200261818916189
 613051             149831429613899137321391514765169971927320692217542275423594
 613052             241282459024905251432523124817243842383023731228742042718029
 614051             165171565915142148401487015578177111985721097219512258922910
 614052             228372277722313218812157221041203711974819539186791663314593
 615051             132611249812040118141191312571143211594116589169591719517220
 615052             170491699716801166691671016666164491635216435157331406812499
 616051             113941087410593105051073611592134811525815977163711664716750
 616052             166541668916590164801646316415162761630316370156501402612449
 617051             114461088710607104981068111403132761504615970165421692117100
 617052             170861719917078168901674616423159031563415803154211413412572
 618051             114291083910434102791024810433110741231013683145971500215082
 618052             149551477514563144641443614470143711429114541143991339012169
 619051             111221051010140 9957 9900 9801102451119212400132901378714008
 619052             140011384913663135941368613821138341391114451144251312611746
 620051             107681030110038 99651027110996129641488516034167531733917674
 620052             176671792117982180311804017848174151695116878165301468712920
 621051             117171109810749106041076211468134001542616657174621820818672
 621052             189681931519525196921984019660191471859718583181631623414230
 622051             128321207211658114711159712275141391623017373179351829418437
 622052             184941861918417183291841418152176321723217225168341510013227
 623051             119721122910783106481076811443132131506716200169101739717676
 623052             176251863418110180951800417853173451689416962166951500713274
 624051             120721134310979108461101811690133821540316859178691866319200
 624052             195261995720234203222034920090195781890418743184571691314975
 625051             135811273512213119301182011886127461438016283180051928620216
 625052             208262126221597218112194521851213712070120411200901849116678
 626051             152011417513542131091289212701132221462316466183451994021191
 626052             219752228722393223632238522231216582111921059206391878316797
 627051             153461448513992136861379214492163371847820084213862263123453
 627052             238992428224352242872409423641229832230322067214381932217154
 628051             158801493514461142161434015067167711874519933208582155321830
 628052             219932211222081219032184921679212532098420854202471842816456
 629051             151161429913891136521379614570164681856320269215532245222963
 629052             233842355823085223092170321265207252029520254196751789615981
 630051             147041392013474133171346914222159041784219068199282059521001
 630052             212552161521742217152158521168205082001219859191971737215358
 7 1051             139811316212699124641259913242147401650217689185481918819599
 7 1052             197631997220037200181993719765193551884418638181311675915059
 7 2051             138861308012466121821206212063126461399315465165131712117353
 7 2052             173621732017259172601734517371171001658216335161201488413515
 7 3051             122321140710907106031043410252106781171113034141171488615305
 7 3052             154941551515503155751567715694153931488014823147181385512754
 7 4051             116291093110543103051029710286106991161512898141221497815511
 7 4052             157741583215894160321626516428161431569215608153921441613146
 7 5051             119431128510946107631090111462129991503616488177581874619652
 7 5052             202662090121218214382156821387208692030020285196221773415743
 7 6051             143461358813153129731313313843153121709518304191261979820106
 7 6052             201082018319972195961939619223188361836218207173931568713855
 7 7051             126421195211507113201150812212135421518916234169231734317521
 7 7052             175001752517440173141720617039167841652316561161751473313085
 7 8051             119531133310975108421101411663131571485016019167481719817411
 7 8052             172951716016893166131650816417162021587115747151561387212447
 7 9051             113891076910416102221026410439109631206013380144841519515539
 7 9052             155761554015492155331570015828156971539615485152761417312887
 710051             118531114210733104831041910367108041184613148143371532916145
 710052             167541716817488179101844118827187571844518537184371691115165
 711051             139091312612675124711260513316149911722218943203382155922504
 711052             230862367323990241292425524092235442281722482217161938916944
 712051             152471427113679133261331313739152271724518561193702014620712
 712052             209262140621742216792145721152203821944519264185821674514718
 713051             135111276012355121351226312909144101625817516183611907719403
 713052             195691978319831197941982619644191611874718847184211676914990
 714051             137171300412607124851266713478150471736118464194342013520978
 714052             215152198522370225472257522439220192147921412208771897916872
 715051             153991449613964136741379014463160811810719683209232193022642
 715052             230692346523578235652340522881219702115020870203321860116608
 716051             151661429613688133411322813323139311519916793182121924520004
 716052             203302052220611206642069220560200711949119500191771778116201
 717051             149401409813583132431308413086133791425615545167591779518520
 717052             190261924619359194891967819863197911962719902196631810816484
 718051             153081464814265141441439015261169431901520469214182221022834
 718052             233362393124249241882412123821233772305122998220592001217964
 719051             165531571315179149251506815836175461962921244226372402125168
 719052             259172654326736266482629325573244582384223752230542093418743
 720051             171571617215460150081494515501170141917320842222102337124113
 720052             244162474524870249672498324725240702321822837221341998117606
 721051             159611495414340139041390114464159501801219582208082188222664
 721052             231282358823849240832412623780230762235022130214771947917345
 722051             156801467014031136691367414264158101802919837213052261323514
 722052             240842459724888249122482124431236502280522432213031927717266
 723051             156351466213974134991330113280138481518716751179901865918929
 723052             189291887718841188721888418817183711775217623172581589214347
 724051             131261230911722113771123011141114231247313881150461586816491
 724052             168371706717254175401792818219181171769617959177421624514718
 725051             136901295512625125401280613634152661727618849198702061920979
 725052             211222151321863222252268922968227572218722234215671942617236
 726051             156571471114125137791380314364159471816019935214662281223813
 726052             243882495525302254802555525361247522405224004231792107718994
 727051             174511654115989156321572816429179932032322099235442478525745
 727052             263912674326885268762664525817245312340722963218091961117394
 728051             157721479314163137651372614281155481707618058186981919319498
 728052             196381982719852198681984719580189861837118427178791617114335
 729051             130961237711963117521186012480138821585817309184351928119822
 729052             200282028020371204012038020129195901905719148186341713215499
 730051             141761340012848125161235412512129321406715340164011708917548
 730052             177841793418011181191824118241179421750317665172791596814538
 731051             133061252612025116951161911643118471275513992150141576716260
 731052             165281659416551165261665316815166831652516969165191514113744
 8 1051             127201215011888118251203812948143891625817492183991911919669
 8 1052             200702066920971212802140621370208792038820496195631767915736
 8 2051             143541353213023128351300413748152911743919203207842208022698
 8 2052             231302360023884241272426824018233302268222639215891946617266
 8 3051             158091486114195138341385014534160131814419914213432245523237
 8 3052             238172444224695247162467124336235562279822788216871956817359
 8 4051             158521491314345139611398114642161471813719731209662211023030
 8 4052             235732408724422244972446824096232982247222484216201954217583
 8 5051             161481529914782145441467715457169551893720685222852374124727
 8 5052             252542580225983257002465823607224552177421587205691871316791
 8 6051             153061434313628131751298713069134521471716175172771806318546
 8 6052             187561883218904190251916119129186731811518272177361629414754
 8 7051             135751270612195118651175811778119921294014324156331674117638
 8 7052             182731859318815189681929519531193061891419313187751715315522
 8 8051             143401365613271130761323114016154091750619199206652198223115
 8 8052             237852434824452243402414623799232452289423045219161979617762
 8 9051             162711543314973146531467315496169581876420005210022187422480
 8 9052             228762324023352233332329422979223502182121993209781897116971
 810051             155071459314011137221383514623160751804419733210782230623220
 810052             238122438124624247382472124454237742305623115220311990517741
 811051             162471529314731144131453115221166841870320310216422287923900
 811052             245182510725276252822520124737239382325823249220261987217744
 812051             161841522314542141981428715140164851807619459208332204622955
 812052             234892402624205240802379723178225242216622186210771948117683
 813051             163881550914989146771457814850153621688618822207752220423154
 813052             236762392724016240252406523842233102287122946219772038418690
 814051             172941633415644151501492014849149021588117412189932043921544
 814052             223252268822233212652072620585203502016920179191201751815914
 815051             147701405713641134571360614493159051745618468191131963719784
 815052             196311954019297190431892418769184461822118490174941574314032
 816051             128521219911833116681186712678140161579717033178591860919091
 816052             193181952219428192321924119079185861826918651177391605414374
 817051             132741257212210120281215912998143381625417693187551964820210
 817052             205212090921063210622103920674200191944719661185581667714738
 818051             134121254512080118181185812560138631554216781176721831418671
 818052             188081903919114190831899818707181401794618277173631569913960
 819051             127701202611611114581167412440136631543416846177771851618899
 819052             189901909818858184661813317705172251710817363166131535713870
 820051             128521219311800116051156711911125381361114962161271696617400
 820052             175491754417562176321777817833176611766617952173411616314751
 821051             136871296412561123221229012462128001371615075164401767318675
 821052             195142003420513207752094820971206182040920622194681761615824
 822051             145071366413160128991298913768150291685718386196682065421309
 822052             215682189021990220032192621482207172013920160187811669114718
 823051             134121258812102118821198112728140621587217201181621884619331
 823052             195301979919747195521931318924184661831718539174511569713975
 824051             128081215311785116701181012653139811560116896178631843818768
 824052             187661874418594183791826018049175401742317622166181505613395
 825051             122341157711212110681128212140134651516616432173021795218368
 825052             185341877918885189471889118650181801803918235171871550913769
 826051             125151181011428112761141312200134521522616598176241839418935
 826052             191861950219659196821963619276185831827418381174051585614270
 827051             130571222711717113671132611573120581328414934162491707417517
 827052             176671772317732177691778117681172551710817386166361544014105
 828051             130031232211878116391159111772119801293614494157851669917408
 828052             177471780617741176931785218055181111851118757179081655215104
 829051             140511346013124130021325114301160021784619251204852152022276
 829052             227052295922983228332263522172217582191321759203991845916607
 830051             152801449914114139231408115060169041853020057201362093321190
 830052             211702119921175210392097620896207872111221024198021793716137
 831051             149501431713929137811403115098172151889620138211202207322452
 831052             224682268922647226152269722664224512269922621212931916117132
 9 1051             156281453213844134851353114382159801751118786198052061821101
 9 1052             213452161621749217572165321239205012037220300188351683914915
 9 2051             135791272512250119821208812946144701613217435185341945020072
 9 2052             204582082021046210992103120607198321961119495183041658914879
 9 3051             135831271212125117031158811752120631317114627157491642116784
 9 3052             168961689116858168671690916897165711664316676158351458813221
 9 4051             121781144311030108051071010770109341178013066142151495115484
 9 4052             157161572215681156331574015723155021572215842149791386812600
 9 5051             116261096810604104111038710627108671167412941141831496615349
 9 5052             155061548215478155681583216054159671645716530153631362812128
 9 6051             112321072310474103751060711709135401510016088169351761118049
 9 6052             182691856018644186461859518400179441821018046166651474012983
 9 7051             119511131011011108611106012113139451544716321170971781318349
 9 7052             186511903619250193791942819170186381892918688172071530113547
 9 8051             123541168111309111531134812391143141584916758176681844519006
 9 8052             193541979919990200992006919659191871958419313179761609914366
 9 9051             131081236311991117601192913004148361628417053176191812218243
 9 9052             182051826518185181171803717641170781729917090159831455213041
 910051             119171121910853106261056710873113581246213832146951517815320
 910052             152591513215043150261508015084149401539615209143551313311933
 911051             109771038110067 9903 984610020102471099312188131421374314117
 911052             143271435914383144471474815057151491592515892147531324912051
 912051             111951078110576105461084911955139781558516558174291825918932
 912052             194262010320614210312133721269208752134820889192961715215240
 913051             138921312212613123811248613502154991695617959189201983420552
 913052             211482165922010221682214921742211702160421022193521721015228
 914051             139301323912815125911274413847159671749818225190752000520742
 914052             213452190522195223992242522072216212211721756203121824316340
 915051             150521434313897136211380014876170491862919439200892057520678
 915052             207072083320751206362067120495203662078820295190271708815256
 916051             140111337612991127981297314022162551773518461189291927419325
 916052             192041916318987187831864418439182741845317926168761546014026
 917051             128891221311801115721152411845125701356714977159831663216885
 917052             169671694416904169651698616919169151724516836159371473913424
 918051             123191164411203109471084210959112941202313294144531514415640
 918052             158441590415863158221598116234164661717716727154811393212502
 919051             115901103010739106321085611985140321544116332171401793518392
 919052             186641903319191192611925219008187851931818640171211522613458
 920051             123671174211412112961158312712150401656017408180331852118770
 920052             188701898818893188681898418994190191961419005175431565913853
 921051             125821188911509113041144112416144541580316617172071768918036
 921052             182221856618712188191891118666183651897118398169091503713332
 922051             121281145511119109681115712197142831561016470173451812618695
 922052             189481924119347193391927818873185941912618424170151522313621
 923051             125711201111757116571193813002151121662217501181201857318835
 923052             189891921119162190691887418314179201814317388161221459212942
 924051             117941110010676104421041210718113181223113528143561471414764
 924052             146601442814246141871428114408145661512614696138911275711533
 925051             1063310100 9805 9623 9604 9793101541090612096130191358713887
 925052             140331396213874139141417514604152251574915353142691288911642
 926051             108641044410311103181070111878142581579316514170401751017723
 926052             177311776717679176091775218044184651859217794165041479213322
 927051             123121173511425113021153812654146651594216493169131723817324
 927052             172881739117308171591702716882169461759016839154961373512165
 928051             111051056910275101791041011519136191494615495159111635116580
 928052             166221672416657165531651416429167081735516680153921367012087
 929051             111841067210428103551063111798139961539816085166851718117457
 929052             174191734417114168371673016733168091714216434151521347811953
 930051             109501044410186100921032111396135561489315356156521588615942
 930052             158251580715629154601537815303157221615015550146121334111966
10 1051             109401035710020 9906 995010347111191213013322140811436914376
10 1052             142411406913852137831386414107146331511714595138131262311446
10 2051             1057810039 9736 9571 9564 9772101951090212114130271357113924
10 2052             141121412514109141391442614730154341609015458142271273111492
10 3051             1061610139 9941 99001016111299135121494315529160561653916839
10 3052             169551710717101170541707817051174921782417022156801390312334
10 4051             112941080510556104051069311842139581541416053165771697417182
10 4052             173321758517611175971756917429177531816117317158761410812536
10 5051             115281093310645105701078811857141101549616012165511682517208
10 5052             174811776517792178171780317748181951854917796162901462912982
10 6051             118681129011013109271118512322147091624116769171971766517939
10 6052             180571820518203181831813017997184431877318032167831504713392
10 7051             123401174811448113751164312809151031664917446181231866418943
10 7052             189631897018687183831826518287186881853717938168971547913976
10 8051             128191219111776116091162312032129041401315432166201734117543
10 8052             173861712516797165711664916978173901702316219152921399612648
10 9051             115701085710429102071012610262106261130112363132951383014181
10 9052             142481411113949139001414214637153371536014765138411272311597
1010051             1072410224 9980 98891008810828121211333414438153841594916133
1010052             160781587815694156561593616440170941703516273150851349612085
1011051             110951053010228100621037311595138421535515894162061650316563
1011052             165311652616352162541646716953175931747316721154521374712245
1012051             111991067310392103221057711627138851550516001162601650216554
1012052             164971643616302162881655017020176611748216766154551383212262
1013051             112541054710446103821063011885138711540615987164011668916773
1013052             166501658816388163641654316870175891747316742155311388012290
1014051             112431074310495104081061811659138781557816159165121677416834
1014052             167121664116451163701650516810171991685516151152161397612632
1015051             115931095310698105121048910848116141269213897148911542415572
1015052             154941525715016149011498415236158231570315176143391327712090
1016051             11146105021019210009 995910199107021133012426133251382114093
1016052             141811404613922139091422414857159601596515388142691291811678
1017051             107941032910109100881037211522138841527615476154541576815954
1017052             161981616416035158951598716318173931743016678154381378112221
1018051             111891066610433103571062211742140461572116023162661686316878
1018052             168671541315980160861617216523174981746716654154431370312085
1019051             110961058810351102771049111638139161533015647159141611916175
1019052             161351616116016158781600016424174171735816675154311376912183
1020051             111441057510308102391050411611139141529515679158601602016019
1020052             158801587715685155351562916007171801725016581153791375412288
1021051             112891076010522104401070311782141251555315858160211611416089
1021052             159211580515529152901525715536165541640015817149521371912303
1022051             113471078210483103551044610883118011284814056148931521015250
1022052             150941489814703147091498915633160951576615208143511323812154
1023051             112001054610246100681007410292108091163012735137001424914584
1023052             146371447714312143171464915405162751609415503143561300811765
1024051             109201048810355103381064811828142711579516164163711655516550
1024052             164741645916348163851670317527182001787517056157431410112532
1025051             115601104510814107391099812086144111618616652169291712517150
1025052             170781708816900169271730118083185081808817245159901437912832
1026051             117721126211008109541121012345146811622016538165951664316607
1026052             164011632616161160591623216846180131784917208159861429012806
1027051             118351131411070110451132812486148991631116485165261655916465
1027052             163211626416172161741647017187180001780417057158941429212793
1028051             117671125411000109521121912448148161636816680167781682916677
1028052             164211632516050159131607116641173601695116332154781419512846
1029051             118771132011047109261099411426123001337214547153361558015541
1029052             153011503614815147701512815877164681608715483146961369312608
1030051             117241097310635106051073911132117361266913593139681406114012
1030052             138491363213475135891449016145161401566814971137561250311472
1031051             107241036210256103041068712023142421544915814159351604416072
1031052             159791597215828158281646817427168521629515795147091309411815
11 1051             109601059810410104211074412027140851537215705158991612216199
11 1052             161041601015883158121662018022179201732916439151031345612004
11 2051             110821060910370103141062711849140221533315651158591608316110
11 2052             159621591315743157341649717912178961740616578152911362412209
11 3051             113561090410720107621125612494146531593516116161171623916261
11 3052             159691604815772157091646317849177721725416438151471348211999
11 4051             110691061410383103091063011865139551520415627158301596015940
11 4052             158221578215594154711614317194168981625515515145491319811882
11 5051             109081036410065 99621005710497113051241713520141561434814273
11 5052             140321378513573135791444615788154811494214326135471251611407
11 6051             1056510035 9735 9658 9669 9913104171131412491133541384014154
11 6052             142171410813986141341513616410162361570114931137931243711283
11 7051             1047410064 9902 98911020811535137841522815480157041590315938
11 7052             157851580315712158081666118148179821737716541153251361612121
11 8051             111981065110424103991073411933140361523915542157521594015961
11 8052             158261578415593155781649817881177681725716441151941350212091
11 9051             111751073310558105731097912310145101574116007161161621116264
11 9052             161661620716274166611777518559182791769616834155871388712376
1110051             113571087210595105271078511929141261550615995161641629216233
1110052             160851601615770158831688918067179221741916656156391416212778
1111051             118271137211153111421142512380138961508015820162181627716202
1111052             159391578315572155821651917769175141697716303154661426413081
1112051             121641168311447113881149911972127531369914629150881512514795
1112052             143731401413785138471494116337161601561415086143901335712261
1113051             114021092610689105641062410910113531206512977135371373413809
1113052             137201357213418135601487816383162101573215013138931256711417
1114051             106611022010051100601042711648137861511015580158251604316050
1114052             158901583215583155611660818003177831723116397152001352612178
1115051             112381079610582105671090912185144721591916324165471664116805
1115052             167261667516558167751775718562182661764416791155411390812316
1116051             113381086210627105681084412051142951565616060162691644916510
1116052             164171646616320164171741518368180481747316609152911364612150
1117051             112211070010483104351075911964142691556915895160651618016120
1117052             159271587915804159491706718459184271795817318161991460613114
1118051             121931173411507115011183813071152961658416842168421688316761
1118052             164591635516144162191738718517182541767817011160851486013511
1119051             125611207311849117621189912437132731428415299157121571015464
1119052             150651470614461145711594717139168591635015817150921398012864
1120051             120191146211188110941113611459119751269813627141431428114245
1120052             141331394213771139571535616808167101629515646145371320912031
1121051             112461085710721107651113612477147671604216329163791636016283
1121052             161091603115926160901746218506182671774216878156601394912347
1122051             113921092310652106241098412211145311615916704170211730617359
1122052             172981731617192174481832218934188081829717567164831492013340
1123051             123931187011596115861193013152153051672417293175451772217718
1123052             174941739317205172001826619330191111859217937169021552113933
1124051             126941207311750116201172412182129441395015305163011668616595
1124052             159651485313940135851419314733147041469214585141891347412593
1125051             119401163811563116571197812697137711458615452159851615816111
1125052             158811559215417155751690318045178041731616746159871492513702
1126051             128211233212113120531216312570132921415215250159351609716072
1126052             158741569215605158061687817664173731687416300155181439413246
1127051             122841170911370112271126011563120821273913735144751479514897
1127052             150161494414890150701658217722175701711916345151131367212379
1128051             115261111410949109331128912579148751636916803169731709617099
1128052             169321691816761168741809819145189761834617447161141432712730
1129051             116461111910849107821111412294145881598916314164611655816579
1129052             164281635216207163591762618614184111788417063156941402212450
1130051             113791081710528104681070411901142151587516299164891674416815
1130052             167441673916655167741771818607184301787017108158621421712586
12 1051             115081106110838108381116112417148221619716419164991648116428
12 1052             162721626616229165751801419007188461830417563164131472913056
12 2051             120231144411209111481150212736150511649216777168701675016893
12 2052             167961673616695168891817719027187511815517592167361539013968
12 3051             129081235012065119851210212610135551458015622162121636416250
12 3052             159431566415489156801716318342181601766517092163361523813956
12 4051             129651231611991118561185012131127351365514955158321622816502
12 4052             166381654316478168171816019051188941844917791165771508013674
12 5051             127591233412190122511265213993163971770317999180771797917830
12 5052             175921751517451178141941420567205491996119151177751585314156
12 6051             131101253912327123071267013903162401764117853179181789917743
12 6052             175271745517349176331918820511203781988419214179361603414407
12 7051             133911287712721127521316214434167081793618170181101807017997
12 7052             178601792917742181311966821100210802075120144188871713915212
12 8051             141751366713479134581378714976174271866718660185131836518079
12 8052             177901759017406175971905920438204292016319499183501663315054
12 9051             137881318812950128851318914336162511771418335189221927819427
12 9052             193011901318677183271915220322200041929018521174041603714410
1210051             133541280212483123891251313084139651491615899163361629016001
1210052             156071535815316157131728718364180851761217081163591524213987
1211051             129461228011986118831193812261128731367514663152271538815382
1211052             152791504014945153931729418620186561837217815166251506713632
1212051             126831219312027120231240413667160581739917563175121755717510
1212052             173191724717174175081907520463205182011119439182471642714668
1213051             137701316713031131031349814806172031869818860188381872418564
1213052             181771812618044183142002921545215632117120575194431762615992
1214051             148201426514085141211451115699181851952319539195551930819064
1214052             188131863818453186952022521726217332135920818197521791216079
1215051             148891442714281143431467115922183571965919736195361919318840
1215052             184611824618105183701993721117210102052919881187481693415130
1216051             139461336913063130041329914313161521777718552188781905318983
1216052             186711837618020179991920920076197561912218420174451605314471
1217051             133361270212353122461235412848137751478715900163961640116201
1217052             157981551415346155631718018528183961791317474167991575214560
1218051             134291274112431122881234512635132171399115103158311607816118
1218052             159251563015418156231733718868189881881818324172731570514223
1219051             131791268312484125071290714173165391801918373183461828318141
1219052             179641787817744179471958221157211592081120133189191708115222
1220051             140181349813266132751365014891172821859318752186201844518204
1220052             179181778817657178991950620955209662058719985188201706115219
1221051             140381348813278133091364314995173671873818923187491857618382
1221052             180281785617734180121952120977209392060919962188991712615328
1222051             140971351913255132391355914781170501846618684186281859018311
1222052             178751769617506176331915720460204011996119298182561655414802
1223051             135441286812520123951261413488152991660117051171641707016804
1223052             163031601515830159491751818810186201809117483166301532913758
1224051             124931174811353111771122111612124151336214504151641536815279
1224052             150221473814552146381587516795162501562315263149261429113285
1225051             122621151511113109431095011227118441270113589141141425914287
1225052             141471376313472135801454415091150961499214783142511329012160
1226051             112671068410398102931043210857115841236513438145301530115680
1226052             156911548615366156441690117748176361726716725158381456713303
1227051             122971178811606116131194512911144421571516564170861729517267
1227052             170101678916539165741794419397193171882318127170511552814005
1228051             129421239812178122011247113425149511616516897172291734717235
1228052             169781679916625167381802919215189671836717675165031495513437
1229051             122681162511310111821138512200137111509115984166681706917246
1229052             171451705216909170281796618687183501772816969158861440112890
1230051             118161120710932108621110211952134041472115681163161659316557
1230052             163271608615883159191716118474183061781617260164561531113948
1231051             129011232112062119401199712389130961385614950159601647316536
1231052             163821612316075164671776518569181891739716666158901513314269
