 1 1061             133021253812070117761171411870122581269613452142711491515277
 1 1062             154741535415183153011652317661175111706116514156081446913257
 1 2061             122751176011505114491164612136130061376414616154401596716100
 1 2062             159671572715596159081738418699185401807117320161401459113224
 1 3061             123071190011713117121206013204151491650217074175711801618242
 1 3062             182691819618006180591910420258200171943718572172231550214017
 1 4061             131131262812419124141278714032163281762017790178061780117730
 1 4062             174901738617310175631877419914197651923718486172591551013965
 1 5061             129771241312175121411246213589158301737317643178181801218016
 1 5062             177921753917243172651822719529194181892218147168861521213687
 1 6061             126771213311898118701216113310155351692717176173701749117490
 1 6062             173041723117137172421820519117188421824317552166621542714128
 1 7061             131491258812342122561238712872137151463115626162901654416437
 1 7062             161061576315491155611671318205181111766517048162791520714109
 1 8061             131411253812226121001211012327128531354914471153141573615951
 1 8062             158971560515273153081660518135181421774717089159111454313289
 1 9061             124491202311863118851223613445157721727417459174891751817412
 1 9062             171751703416799167621772919152189951845717616163571468813207
 110061             122951182511639116561200913248155891701516983169261688916774
 110062             165791641116212162881738618977189611852717844166651502713525
 111061             126011210211867118361214413258155581697317060171051722517253
 111062             171041705016910170991798819006187561819417359160481440412849
 112061             118741127611081110931140112537148761623016324163671641316320
 112062             160981597115795157961666418201182511783917076159661434812867
 113061             119751151011330113721172412946152771667116826167771675816670
 113062             164301631716166162041702317908176201697916263153411405412677
 114061             117211113010789106201066311043118491282914086151751569715835
 114062             156811538115014150381582016764165101596315296145721372512776
 115061             119231140511181111461126311608122251304614200152561606916629
 115062             168761693216854169781787719296193131883918149172561623215102
 116061             143121393513807138341413715009164591763318482189961924119167
 116062             188591857518254181961901020559204911999119180179271634314875
 117061             139691359213421134431381915000173051847618475182981812917858
 117062             175871738917227172881827719717196201909518241169741526413771
 118061             128121228912020119751221113335155221694817145171521715417179
 118062             170311693916789168581744118616186201816717455162961478313341
 119061             124631200811856118581219113447158311710317212172171723917111
 119062             168571674816538164121706118625188511843617751165661496213520
 120061             125871206811825117921205313163154271666216750167441668616524
 120062             162371608315834157231627017527173731680116146152321402612742
 121061             118311125510967108521092611385122821314814218148991517015149
 121062             148681456114271142531507916403164101597715521148471394212903
 122061             120911157111376113281140911723123271297613995147831513515240
 122062             151181485114650148311584817546177601740016796156681428513028
 123061             121961177511638116691205113323155541701817583179861832918383
 123062             181791803317772175851817419548195191886917995166361493313482
 124061             125911218612013120221240413644160071724917262171701710416912
 124062             166601651516323163491706618776189481853117752165551492813411
 125061             125151202911821117881208713317156991700617124170741705416970
 125062             167651671216615166761737918848189471849817738165271496513483
 126061             126181217912003120301239613609159681733417528175111749017378
 126062             171321703716868168981761819322195921925618585174471579914384
 127061             135281306812920129481330014486168221805218151180741793017625
 127062             172631704016719165791704018432185281800517356164511509313772
 128061             128101229312018118711196612368131751408515145158171599515758
 128062             152161469814336142311474516310165541612615589148591388712812
 129061             119031140011176110831115011414119801260613660143971475814951
 129062             149491486814886151631606217257172391676916030148021339812192
 130061             114471102510899109201133312616149741646916859170131718317207
 130062             170901703016930171061790119039189661846917629163251467813229
 131061             123721186711676116671198313135154411700217328175241773317806
 131062             177601772117595177151835219472194481894118071168041518113717
 2 1061             127701234612092120551233913493158201704017177170981703816900
 2 1062             167071663716488166131735118773188651841417650165031489113231
 2 2061             125011205111820118221219013406157831706017176170971702316763
 2 2062             164341628716053159621652718119184331801917257161201445812993
 2 3061             120631161511377113211161412759150361659917005172081735617318
 2 3062             171221694216586163311642917312173821680616100152551402012750
 2 4061             118321124310983108661095911396122931318814319150081522115106
 2 4062             148441463014486145991535216474164941600815412146651360912472
 2 5061             115441095610645104691044410663111821187612998139551451014791
 2 5062             147801453114321143421501416492165661595915466146741371712316
 2 6061             116381121711119111911161812879152581654416803170111723117201
 2 6062             170231692516698167051727518889193061881718034167941509313446
 2 7061             127641233112168121841254613692160201717317276173001733317270
 2 7062             170861692216699166641721718793193421895718197170681545213778
 2 8061             131301271212519125981297814260165911770517804177061763417489
 2 8062             172331711616957170241758119057194791910718315171921554114110
 2 9061             132541283912668127231308714271166001791417993178751779917598
 2 9062             172461704516786167941727418757193401907018423173541574014354
 210061             134801307812925129331329014505168431802218173182161824218104
 210062             177551751117206170721740518624189881850817882170281578714498
 211061             135531295612676125691270413187140911506016101166411668116445
 211062             161111570015400154811606817465178751746216905161511507114013
 212061             131381259212363122771234812653131731379914941160411684817373
 212062             175641741517192171521757618934193931881017899167121529814133
 213061             133471300212845129131334714562165621773318115181671815017987
 213062             176551741417244172251804518966195781919018492172801563014212
 214061             132071273612562125501291814122163621735317401173181724717061
 214062             167301655816334162651664418005186981829317582164831491113519
 215061             126271216612019120171237113589157731682716915168031672316541
 215062             162671611815898157911616117490181751783117117159821439512937
 216061             120041155011396114131179613035153481650316620165161647716311
 216062             160501590715679155831588917110178061744616767156871411412703
 217061             117651130911049110041127312384145441574016189164431664016616
 217062             163351608115679154731574716887175771724416707159511480913609
 218061             127121223212000119121201912454132671423115447162651655716544
 218062             163701607815802157341617117524183961809317665169931600414977
 219061             141591365513423133371337513641140971472815582162211645416495
 219062             162961591315564154731589217179180231779017210163341523614186
 220061             134291305212924129421320414009152571622816973174121754917431
 220062             170501668116351162401666917969187691837317698166531526814035
 221061             131991277612635126811303814152158971711717643177601772017568
 221062             173091711716825166781704718153188961849417763167121529813993
 222061             130451251512286123421273913838155851669817100171451711016974
 222062             166971644516155160221635017527182591788517177161641475513379
 223061             125511220012008119761228213352150841634816964171811730117243
 223062             170861697016848168101712817996184421804317296162831491213626
 224061             127101218711917118841218813244149401619516851171351729117336
 224062             171351701416779165831684217790185681818917602167611556814347
 225061             134441293012701126611279613255139661486315900165641693817009
 225062             168481656616266161481633917280178781743916811160451495813989
 226061             132261279912598125881268713032134571413614998156211599416156
 226062             161151590515760158501640817757189381873118166170941575914601
 227061             138491355513475135611397515286173811862718964190611893518745
 227062             185141841018115180111828019485204692023819411181491654015160
 228061             142831390413756137901413815296173001837818486184601843018301
 228062             179931781617558174981778618943199971969018951177891611514710
 3 1061             137661329613135131671357614808168161793518067180451801617860
 3 1062             175431731417030168771716318162192311897518320171961561414209
 3 2061             133341290312719127631307914396163931755017898180341813718103
 3 2062             179571789017790178621826719043195981916418261170421545414107
 3 3061             132851283712720128211319414406162881747617836179131793317795
 3 3062             175151735717153170311732018188192041885018271174071611214861
 3 4061             138881337113101129951307313515140971504815968164491651816332
 3 4062             159171552415206150781530216238173251701016487157851468013617
 3 5061             127781230512085119691204512358127441337814256148021503315109
 3 5062             149111461614339142681464015743172231706316390153801408813026
 3 6061             122891193911869119561238613650157001688817125171261714116987
 3 6062             167421653416247161111640717470186941844317687164311488813586
 3 7061             127361232412195122191259513879159201705617154170881702916812
 3 7062             165331636016144160621630817192184431827917571164221483113500
 3 8061             126801204011910122001259913884159041696817072169971691116729
 3 8062             164111625315987158551608417012182211801717279161091446513065
 3 9061             121801172811540115291183513069151021642116770168971708417049
 3 9062             169191685416632166981703617839184311803017188159991436112919
 310061             120301150211313112571152112630146321597516366165781666016484
 310062             161781601115770155751562916050167841637615677147701349512227
 311061             112831075710481103941049510970115921273813836144141459714434
 311062             140471367313364132501341014161153541514014627139121291811948
 312061             111391069710476103941045810720110231184112909136331407114359
 312062             144451435914349144371487815527162651598215305141431287211738
 313061             109921057010384103891077812026140181540715926162171640816410
 313062             162941624416042159861622916948177101732116423150741351912099
 314061             112561075510519105151084912017140101553015985161261628716260
 314062             160151587815565154161558916272174161732516608155121402612663
 315061             118171139211223112271158812821147151600016378165421667616658
 315062             165101644216298162631664017465185301832217620163821475813326
 316061             124431203311843118261215913316152201640416685167361675016635
 316062             163611621716014159301618716790179761790617318162531468713319
 317061             124561202611841118681224913368152301642816810169161692916722
 317062             163981621915914156981578016230173591726316737159831486813661
 318061             127631223812046119751207512534131431416215126157041583915666
 318062             152871486814537144601466115336164921643315956152251420213166
 319061             123641186711659115821165111894122431305613992146391493915059
 319062             150311487614708147091502715818170921706516496153321406212913
 320061             122021187111794118361231013541155141681717254173541745917361
 320062             171511693116613164941672917458188241879318058168431516813770
 321061             129611254112373124101277714000158921702717212171441712616921
 321062             165101628115999159081614816865180201792117212160131441012987
 322061             121241178311658116691204213201151521648416766167411671016640
 322062             164961639116275162301653417203181431802817323160771442012988
 323061             121661179411630116061201313134150981629216490164761643116276
 323062             159851582915588154141554016073171991718216560153741380312366
 324061             115411112910941109041121112267142441572116159162651626316175
 324062             159701581215594155071561315981167891661316028151161388512618
 325061             117951131411044109491106611436121121330614488151721536515203
 325062             149381462114340142671452415053159451581715273144711344312308
 326061             114871099510727106001065910862112381211813007136381393214102
 326062             142071410813967140391439215120161421616015529143601311011959
 327061             112161085710762108251125912444143731564115942160231605616028
 327062             158671566915406152191530115748170171714916434151901361712286
 328061             114031105210922109561132312427144651567915927159081585115763
 328062             155821544615231150891517115610168851712116414152151361612259
 329061             114461109510960110301140812514144591562715822158651586215784
 329062             155831545715275151001510315406165571677616152149511331612008
 330061             111211075610595105771097612068140171528115571156781579215712
 330062             155321547115282151041509415307163871666515969148311315011855
 331061             109951056110409103961074211791136531496415349155511566315629
 331062             154811542615264149621482614849157321579515133142081296711680
 4 1061             1072210204 9919 9809 987910134107721207113311139991423014190
 4 1062             139981377813705137731409214380148981486014278134681241011308
 4 2061             105081026210017 9746 9691 9872100771067211623125281307613338
 4 2062             133291312012865127091279413086134441459514924139841270711464
 4 3061             106261022710053100691042111542135961507915454155741570615725
 4 3062             156831565715466154581572716135164541688816502153041376712249
 4 4061             112361075410520104471071911837139481557516073163341654916530
 4 4062             163891631016128160491612716287163581696516880157851420412739
 4 5061             118261133011119110691136912505146311604816439165971668816720
 4 5062             165771648216203160551610816354165071707117146160491448412946
 4 6061             120061146611245112331153712686146931598116220162441622516110
 4 6062             159381580715554153951538415478155531635016534155401396412480
 4 7061             116111111910915109081121712368142841563015928160031597415872
 4 7062             156861568915626155541571415869157241586215698148341355112213
 4 8061             112391066910379102391027110645113611247113755146911512915240
 4 8062             150681479514538144041440914480146651510215252145821352312447
 4 9061             115711105410765106301065710936113351214213084137701397413972
 4 9062             138051350513161129591305913380136841468815283143041300711733
 410061             109331059410468105001089112178142091559215839158811593015849
 410062             156681559315374151211506215075150881584916196151081343011973
 411061             110621061710438104571079211987139861532815514155491565215628
 411062             154931541715246150851497314955149361564815976149271329711834
 412061             109261045210270102421055011712137401506915383155281565215672
 412062             155561554115382151931510515121151821587915985148581325711738
 413061             108301030710062100161027411379133881485615390156241581715836
 413062             156991565715552153471527315159149731539515657147341319511700
 414061             1069410150 9888 9768 995510807121121342414257147411499515028
 414062             149241479314622143701431614381143621473614720139241267211402
 415061             10446 9888 9601 9472 9507 9801104231149912764136471401014011
 415062             138431362013385132481323813309133091379114280136411252611333
 416061             10284 9663 9362 9179 9171 9370 96831061311702124551273812844
 416062             126991229511830115951150711614118621275813467128041176810714
 417061              9939 9556 9408 9402 969610639120821353714436150071532815380
 417062             151981507614863146251459014689148741536415418143781290811590
 418061             1068310182 9960 99081016511151127231416814864152241547715505
 418062             154271540315206149821491814898148771530615424144621298711559
 419061             1064310139 9957 98691009911044126021407814852152361545715559
 419062             154871546415356151711505814939147321506515604146551315811685
 420061             1071110205 9952 98701010210996124161392914788152561550515608
 420062             155451557615443152421508114896146491496215402145261300911586
 421061             1055810058 9836 97871001510863122881380314608150611524915233
 421062             150991500814791145081433514140139811434014779140571288711674
 422061             1072410198 9944 9832 990910267108351191513011137351403514090
 422062             139451377213531134491359913935141371445414472137381265111548
 423061             1068110155 9895 9782 9786 9985103081109812268132901390414258
 423062             143341419714027139761419214533146971503914999139321261911366
 424061             1056710153 9952 99361026611386134121502215643159401614716175
 424062             160541597315757156211566315774158101618916162150121336811842
 425061             109001044810221101721046411496133591476015195153891554815590
 425062             155041551515391152321523315338155751595315792147081309711619
 426061             107231030610078100801037811480134091480815225153571545915419
 426062             153051524315065148821482414739146521504115769148891327511754
 427061             108231037510161101301043311488133261473715160153321547615518
 427062             154191538315203149911490014745146241495315611147581314111675
 428061             106991022910001 99521022011266130871457215068152421537215333
 428062             151871510714900146521448414253140591426314929143291310511796
 429061             108551035110128100311011710457110401212213144137001384213753
 429062             135051318712933127601276912893129451323113916134701243211366
 430061             1049210009 9768 9653 9717 9867101931101111983126821299213119
 430062             130721287812684125781269212930130971358714479135931223010989
 5 1061             10191 9814 9653 9661 998611090130311459115169154451556715613
 5 1062             155371550315319151751514915237152911549715908148791323411737
 5 2061             107941032810078100481034511426134251504215615158891610316093
 5 2062             159921591115742156131585716057160591623016164151151348111958
 5 3061             110331054810285102051047911553135301514915664159081608916112
 5 3062             160101595615785156991586816073161501622516215151391355311934
 5 4061             109101043110151100961034511352132591474815257155991583716011
 5 4062             160111605115994158311571515515152431532716045152851355711931
 5 5061             108721035310060 99331016611066129431463915340157861614216287
 5 5062             162061617716053160301583315447149681487015460148571347811998
 5 6061             1087810275 9895 9725 9748 9963105041175113015138201416814207
 5 6062             140921379513549134411349013516134491356514097136021248711271
 5 7061             10349 9810 9495 9363 9358 9409 97521068311765124841287513051
 5 7062             130461285612680126261276813014131951357014419136111223911001
 5 8061             10117 9717 9558 9537 982910825127711440514989153221561715729
 5 8062             157041570415542153481523915240150871531115760147821310611582
 5 9061             1063610116 9935 98871012111109130201462615199154511569915786
 5 9062             157491575615626156161577616021160291614916068149751334211781
 510061             108711040510163101251036511417133571497215533157631596315980
 510062             158911585415721156151570215799157591588816070150181339411852
 511061             108951039310122100381026211268132661483915393156631588415900
 511062             157801574015576154741551115566155621572415902150181342811947
 512061             109031039010127100251027311264131851492215612159091619016256
 512062             161381604715844156741565115602154391534315329145691335812032
 513061             109951034910008 9857 989310208108221198513241142021469114770
 513062             146601439414122140561414614279142601425714435138911284311721
 514061             1076910175 9843 9686 9681 9832102051110112322133121381014000
 514062             139671376413606135401363313843140471437714727139521271911517
 515061             106581024110048100131027011323132371490915598159151624516361
 515062             163011626916104160331614216305162661625816269151091349012026
 516061             109871047810243101551041111436133381499515615160001629616377
 516062             163291624816056159431603116046157771570615981151581353311999
 517061             109641044810210101431040311311132141472115276155771582415920
 517062             158861587215753155941557415472152881532415914151241352611930
 518061             108731034410093 99931025011148130591469515348157651614216312
 518062             162891636216263161211599115707154251543915997152681362512061
 519061             109461038310086 99931021511151130801481215554159491625516308
 519062             161811608415790155411539615155148431481815114145041326511956
 520061             109151032210017 9843 988610052107361199213158138841420314185
 520062             140171380413564134381348113575135091356314019137011264811497
 521061             10558 9984 9665 9509 9489 9480 98751080911898126971313713366
 521062             134431338313357134751372713897139911401314427138291257511353
 522061             10405 9982 9800 97901013611071131231471515296155901583315899
 522062             158561578315627154581541315347152211525315757150111334211883
 523061             108771038610151101171039911355133701491715397156381581115917
 523062             158611580915667155201550615419152721527015730151261347711955
 524061             108851040410153100711036911292132211480315337155851587916024
 524062             160201602915862157561569815562153041525815705151051358311972
 525061             108311027810036 99541024911092130211467715344157261608316247
 525062             162821640516423163031619415984156001543115998154971387612209
 526061             111221054210224101241033511190130431487315665162121665916878
 526062             169091696316848166471653316389160061575715850152511389612553
 527061             114271072010357101691016810301109141214913490144641505415314
 527062             153621521315033149981510315190150971494315301150791391312573
 528061             115021078710289 9996 9907 9774102161129212559135581417014551
 528062             147321472414685147391487014931146711444214892146901359112312
 529061             112411055310208100061001410068106321173013033141451486415420
 529062             157361587415907160911631016517164891656317131166651488813131
 530061             120291142911083109111113111913139541592517052179201852818920
 530062             191271936019411193731930418904181771770317903169761500813160
 531061             119901131410969108241101911831137301546916222166901724917707
 531062             180131845018657188761897718761182471790118247175391562413700
 6 1061             124201175611366112041139412265143101617917213181311905119679
 6 1062             201182058020756208182071420242196441920319080180951619214413
 6 2061             131801247812088118781205913014149381670517508179211823518322
 6 2062             182081817717957176851751817165167231643016416157051429112776
 6 3061             116381096610581103791038310595111901232713619146101516515306
 6 3062             151471487714612144451446214575145391445514474139351282811696
 6 4061             1073610121 9797 9616 9576 9641 99541081211985129381356313871
 6 4062             139541383513656135651371713966140241409414467139661272311413
 6 5061             10478 9992 9773 97451002410916128971459815394158781629916503
 6 5062             165091656416457163501629516194159361589816161155501385512190
 6 6061             111411049510213101021035911155131241485615670161491661616840
 6 6062             169061702716993169411693516702162501601616376159371417312535
 6 7061             114471079910485103641059711494134301509815811162211655716733
 6 7062             167021664616492164101647116480163131606516043152531357812097
 6 8061             110581052010247101301036011245131761488115649160181634316450
 6 8062             164101640416301162011622216183159321586316040154261382712271
 6 9061             112321063810325102331045611305132641501515770162371658016703
 6 9062             165871658316436162631620416013156881545515548150571383712473
 610061             113311067210327100991012710340109501215913479144281496615104
 610062             149521465114367141321407414068139221388714167139601295011803
 611061             1080510185 9832 9670 9647 9565 99591094412222131351367013954
 611062             140101389913747137091390014120141671422914679145261314911744
 612061             1075610204 9984 99451021711024130841491315861164711698817275
 612062             174511761217601176331769717553172031693817206167601495713205
 613061             119741129710956108221098611762137731556916577173321793218349
 613062             185741890219022190601912118919184771809718196177661589713963
 614061             125861182711429112401136912072141701615717181179271854318897
 614062             190541917819039188231858718188177801752017568168721506813341
 615061             121721148711124109851117412090139951574816558170861737417786
 615062             179491805817982179871804817847173361694417139168021511113326
 616061             120141128010873107141089411580135801553316689175051813618561
 616062             188401914019275192591916118787182041763117587172721578514084
 617061             127311186611343110451100010996117601325514695158321655916869
 617062             169141687016828167921684616760164391611916185160821498413530
 618061             123911170211263110151091410824112951240414092155921684717919
 618062             186711915619447197211997220127199471969419928197701791715924
 619061             146071375613247129861312213966158231800119725211112240623240
 619062             236792407024069239632376023140223862160421333203811819216023
 620061             146301376913292130201313313832156521767518966201412114921805
 620062             221002227022248219922189721483207982027520029191221703114973
 621061             135931276112252119561200712612144511636817519183201892819369
 621062             195741992520102202302027319969193571877118633182081636414439
 622061             132261235611861116891184112500142851629517657187591960420142
 622062             204272074120901209782120721057205732008020117197341783615872
 623061             144861362613162129031299113628153811733218735198132077921473
 623062             218432221922140217552119020509197431919219087185341705815321
 624061             140831324812700123861231312516131121423415568167371741417633
 624062             175081722516876166841659616562164141623916386161831505513841
 625061             127521202711552113041122411231115511249813712148741562716100
 625062             162681617816021159311600516226162361623416453160651480813426
 626061             124451191611580114971183712729144521643117729187421959120077
 626062             202742050820545204692041320174197271926319198187331705715237
 627061             140711334012899127441293513738155121750218913200572097321501
 627062             217452205722161221412202121537208012011219990196071777515844
 628061             144601369713232130041312813857156061751418746194061995220071
 628062             199782006520104201372029620199198141949419496190241734615514
 629061             141571343912999127651294213724153221719918435192702006720541
 629062             207692101721081210132082220497199691955819533189391724015361
 630061             140181315712566122871236413075145701628417572185771933019719
 630062             198071994919937198251969219360186541790617631173311594914296
 7 1061             129301204511457111331099910953115571283914386156331645316908
 7 1062             171741728017418175361758817554172271679316880167441560714327
 7 2061             131811237011864115601141711284116331275314168154701643217177
 7 2062             177931810318369184911875619018188231856718788185861734215787
 7 3061             145531373313186128801285013084140541561517119184401945920061
 7 3062             205332081920990210482105020807200831923918900183411697215471
 7 4061             141281331012686123211223112239126941380215426170431830819208
 7 4062             194861942919055188231880318735184181810818150177671669315316
 7 5061             141461337912934126971286213491150801704018380192791989820096
 7 5062             200582006220124201492018719953193521887418801183451666014829
 7 6061             136191286312351120851214112824141781579116794174951808418512
 7 6062             187791901919080190301896518641182081769217648173321576213965
 7 7061             126301185811341110881118811697131721509916495174501819718639
 7 7062             189181922019401194341944819242186591808518021176931626114668
 7 8061             132951243411890115331141311456120141324714778161071705417628
 7 8062             178751795517965180491815818120177101720817148168631564714176
 7 9061             130931223611715114151135411249115741266714115155281675017703
 7 9062             183251866218777189131905919226189221843118431181391657714816
 710061             136151284112382121371234213061146801666618023191062012020859
 710062             213422179722048221302216021966213572063320496198831799015981
 711061             145671375713216129481306913757154791744818770199122084521525
 711062             220372243422085216052148721433210542053620472198751804216129
 712061             147141389313362131111320213943156871752118845198542068121266
 712062             214172142021249209862075920611202571993219892191021743915782
 713061             145421385813412132261338514240159231775918939196922029620554
 713062             205512056920424201612000019808193821891518875185321690315034
 714061             136731288712442121831231812957146101672918515199952130922181
 714062             227682336523701238552393923649229172203821670211021931717304
 715061             156601465613917134581323513187138931540917136186631983120584
 715062             209032094520689204452019019890195241907519021188101749915940
 716061             146851392313354129731283212706130761439916230180121942720407
 716062             210622141921689219282222722373220892151721524211401931917363
 717061             159201513414511141821424614868165521895020916225672410025090
 717062             256752629126543266522672126544260312532125075242432187819461
 718061             178351678516085156871565516273179172020422108237472516626127
 718062             266862717227329272312708326704260182515324543233162062118241
 719061             165901568015135147731478115366168101858319850207332149222044
 719062             223472275222880229132286922454216322083420590199971798115947
 720061             145001366613152128871296113673150891685618109189251957320089
 720062             203772084721065211052102320702202281986620027194891785016100
 721061             147731399813585133531346614226157441765519086201272117422000
 721062             225872310723369233782327422752217022100520753200391843216686
 722061             154001458014038136881357613724142751544616827179691874419079
 722062             191441899618702185001845718483183831832118440180011689115625
 723061             145711385513349130531288112781129181367914777158621672417211
 723062             173751729717134170541715217302171651688017110168891549213934
 724061             127561207311670114871166912346138151582217311184101929919857
 724062             202282066920890210112112720987204001978519794192021728115355
 725061             139661314212666124771263513300148691695418532198282097721725
 725062             221712270722934230342294122471216742096020913202201819216236
 726061             147981399513545132791336314065155571761719255205792182322771
 726062             234062397424178242792432224043232432239022239214201926417181
 727061             157511492314290139341400614811164351848220143215812293023859
 727062             244562497425231253182527724890240922334023293224932041418379
 728061             170841617915532151951527016065175061940220954221082333124185
 728062             246672514225349253022482823648223202140221130203811867416896
 729061             154341442413789133481319013286139121545417313190022026321133
 729062             216382196922229224312250722260216512110021133205331899917364
 730061             159421503214392139591375313655139011504216563180161915719933
 730062             203502054420632207072086520837203671972819810192581747115702
 731061             144171356013043127971287713540150301698218550197072083021646
 731062             222402281523202235132374823681232502259922633217771969717676
 8 1061             163261552614978146771479215544173001947121071224062372524730
 8 1062             255672643526955273192746727144264882587325955250332279320576
 8 2061             191551812917433169861692217658192312138123346249942642127436
 8 2062             279612812228130281012795127432262112519425160242212218120206
 8 3061             186051781617127168441693117615190632125623121245892569926519
 8 3062             268142711827048266112613825350241592304722707216561962917700
 8 4061             162521528114714144431447615220165991820819400203062105021385
 8 4062             214272164721674217152168621539209412022920162195161790816231
 8 5061             148451397613319129401281812959134381484816566179121875019353
 8 5062             196491968419696197421965519563190441836118409178231639514875
 8 6061             136721276812213118501160111463115941255913935151221597216646
 8 6062             170921732817526177011803018220178961743117825172751588114479
 8 7061             135231297812693126591295213902155181741318750196032053921299
 8 7062             217672226522666229262309022993225012208422369214381957917641
 8 8061             162381533214711142971433014955161821797219333202912104421464
 8 8062             216362182121840217142155321096202411939719423185061653514763
 8 9061             135211269412176118901195412605138671571317007179511869619177
 8 9062             194701988120096202482034120127194731883818969180981634214573
 810061             133011255912131119571209612919142191603717289182541915319873
 810062             203022079820975209972088320488198881950419633186671681414960
 811061             136571280212263119541196612635138191549316735175161804518248
 811062             182541841718367181641800917711170531648016739159241458813125
 812061             119561133010836106031058610777112081239113710146761516215278
 812062             152011505014932149241501915083148331463415073145701346812274
 813061             113041063910249100681000910085102341114012345133241393114316
 813062             145101453914570146731488415046149971496815543149011365012346
 814061             114441088510567104771072411495127831451815868169531779218308
 814062             186511913219394195241959419424190141887419238183301664615005
 815061             139381327412913127611295513892154571711318268189211932619504
 815062             196331984519910198491986919771193361886519120181491632614598
 816061             133541258712107118811198312733140421581517185182211912319656
 816062             200092036120482205012052320275197011916619391182941653214741
 817061             135181272412267120251213112913141941589717316183581928519803
 817062             200732038220522205322049320201195721910619300183131656414874
 818061             136561285312381121561227513058143531600617263182281892519466
 818062             197782018720363203332023619830191181858118784178451637414813
 819061             134881264512121117841165911870123241355514985162221704417575
 819062             178621794117970179831790717657174671762217740170141579214569
 820061             135001280212369121011203012151124841317914398155901665917593
 820062             181731845318546186131886518944186491850918649175641602414478
 821061             134021269312236120501222313086144431608017298181881885119051
 821062             190881919819188191171908418897184871823618470173681561013906
 822061             126661202811606113941153112396136871531716642176191850019040
 822062             194171985120061201392016819919193851900519246180991628414620
 823061             133441269812202119691210013022142931592917278182271904319554
 823062             197841999620000199071974719326186741835518511173931569614043
 824061             128391217411734115771175112574139201546516614174211802718376
 824062             185321879718792186221845618140176271755317806167861520113678
 825061             125371185211493113531151012337137651534416431172231771017845
 825062             177171762817379170411686516610163851639416336154401421712869
 826061             117961115810804105791058610928113881243213789147881527615425
 826062             153341508114885147421472814715146241489915121145291343312282
 827061             113311070110322101041006510228104781120112355133151395014334
 827062             144681438914255142231444314803149581522515032141781305711924
 828061             111101068310458104221071911689133381488715983167271732717681
 828062             177481785817870177461769317659175981777317604164021477913231
 829061             120751150311149110331119112213138741537216332169621738917579
 829062             175261747517312171271714017183170851724116969158191421012746
 830061             116491111510798107301092111907136771521116130167461727817662
 830062             178671818218235181811811017890174901771417857166321475813050
 831061             118541116010768105721071211686133101469115510161581667016880
 831062             169711716517208171271701416791165151690117008159061426312689
 9 1061             115631093010610104471065111587131471461915586162861674316983
 9 1062             169271690816713164051614115879156651602115923150161375412439
 9 2061             113791074710403102271022310516111161200913187141451463314733
 9 2062             145981437014119139211392414102141941456614539138461284811767
 9 3061             108911033410016 9885 985910048103681109612218132611396614402
 9 3062             145631446514308142871438414570146721502014982141681314312054
 9 4061             111301050010105 9950 992010192105521129512573137741447814802
 9 4062             148001460414443144181461114862150151567815729146871313711807
 9 5061             108541036610105100741031611395132941482115752164111694217225
 9 5062             172501729017147170081699817036170931752517115158591406912578
 9 6061             116541104910757107231096511971140231542416111166221706417305
 9 6062             174041756817522174501743617327170811763117521162151441312853
 9 7061             118021114510860107521089311962138881525516084167681733217671
 9 7062             177891798318174182651804717819174611794217790164751465413102
 9 8061             120071134510977108301101912050138941527416124168411748517871
 9 8062             180161816118159180511787917504170641741917180161191465513204
 9 9061             120671139511018107981075911083117321274314152152741602316448
 9 9062             166831671716699167011666516622164801672316404155431426412961
 910061             118731119110769105171035710458106951144012585135081406414336
 910062             144151433914184140801428114493146731544615310141311275711506
 911061             106811020210010 99341022911337132551462515284157801622316382
 911062             163361634316189160491602916023159501655016187149171320411745
 912061             107961031610088100201027611349133051461315181155981592716087
 912062             161861623216123160241602316012159481661816212149891331511819
 913061             108181039010150101131037311462134471479815354157401608116169
 913062             161851626916142160331608016108162821689316461152571358112071
 914061             111151057810388103261060711690137981524115863162931666316858
 914062             168771681116809167671689216983170251733416765155511391212442
 915061             114651094510650105831081911848139871546916203167151709617233
 915062             171721713416942165851648016462163571665916197152061383012483
 916061             114721086210484103061032510685113011237613772147811533915560
 916062             155731545415339153301538115371153841605215779149591374012497
 917061             114441074210369101391005910231105331132312494135551425814734
 917062             150691521815317154751565815879160411689116544153051374712406
 918061             114281088510607105321082011943139981544116298170121770418223
 918062             185301883718963190111895718731185131914018456169531503013383
 919061             122371159511271111541140012535146451605516762172991791218380
 919062             186951895218912188191876418716188661916818442170651517813531
 920061             124261176111274110611119112176141971541115984164801690017096
 920062             171281723717126170291696116774166361728516730154381368912175
 921061             112571065510340102281046111521134871476315328156721595316049
 921062             160551611516035159161590015844159741671516195148951323711827
 922061             108751037810112100341033011357133241468815278156281597516067
 922062             160191606015952157851565215447155981610415623147001334312063
 923061             110591055510264101021016210484112601233113763147821531115456
 923062             153511514114887147641478814908152601572015285144831342012233
 924061             113431075610411102501027310489109201171113009141211491515430
 924062             156571563615544154941558015720160521665116066148311339212053
 925061             110471052010263101661043211493135671497415663160851649016613
 925062             165231652016362162551623316244165111711616425150811335111832
 926061             108591035410087100151028711420135011475315337157341607816249
 926062             162581631116231161591615116116163251692316220149101320811758
 927061             108211030210050 99821027811353135031480515281156531596116227
 927062             162681631116190161571611816087164131703516387150871341011967
 928061             109421043510178101031036811450135791490415494159701639416543
 928062             165281655916426162541617816164165721718816596153711379512287
 929061             112701075110509104281069311766139121540216094165331684016854
 929062             166101647116155158291561415388155981595915393144021314811867
 930061             1085010284 9952 9799 987210263110481200413194138731410114071
 930062             138741360013357132711338113737144451485714373136061253511418
10 1061             1063510079 9776 9623 9616 9815103391106412278132911395414360
10 1062             145851453414397143721458014894154151560814995138641251211319
10 2061             10464 9995 9824 98151009911188132431460515272157291610716263
10 2062             161991614316006158611590916042165721703216264149621323411796
10 3061             107961028410025 99681024211345135951485515301156751601916231
10 3062             163151651316531164791650316613172851760516838155481377812317
10 4061             112651069010370102591050511599138321515915789162851680817048
10 4062             171311723317198171961714517092177491803617356160121427312752
10 5061             117401114910754104841060311601137521498115419157611598916083
10 5062             160461604315888157361568615683164201689616237150331343411984
10 6061             109421042210158100691031811390135351486015372156511582215790
10 6062             156321554215315150961500515111157941605115480145771329412030
10 7061             110541045610141 99981006410437112271220013348140481422714152
10 7062             139151362213374132771338313688144681485814412136881261511514
10 8061             1064810117 9799 9680 9692 9927104491116312255129741326613364
10 8062             133411318813067130501327213644145471494614399134511227911227
10 9061             10387 9950 9744 9658 988810642119471311814192150501555215767
10 9062             157851580515768156791584016080168201708916283149651328311813
1010061             108451029210042 99931022911309135171479215326157121607916251
1010062             162681630716171160161596616132169741712716376150541338011941
1011061             109721047410198100861032611442136491497115369156811590715976
1011062             159341594715831158191604316540172441710316381151261349012122
1012061             112021068010432103701059011660139111536815866161531647716650
1012062             167121670716537163591634516434171931731016586152841365912158
1013061             110991054510212100971034411393136581496015314155601567415639
1013062             154711539415210149841490115046159631604315501146781343312160
1014061             112031065610384102811031210749116311260313713143141443614286
1014062             139921365013388132541340513925149571496514552138631278811760
1015061             108431029610076 9924 996510236107821151612579133151359313698
1015062             136701349413347133541364914336155241571815136140851268311481
1016061             106531027510144101601055411825142581564215957160991618616160
1016062             160011589115701155511564216082172641728516545152991365912252
1017061             112651079310560105291081611994143671575216078162291635316371
1017062             163591631316261162711654917234179211762316773155151379312362
1018061             113941089510640105761086311989143261585216197164591670816670
1018062             166151655016396162561626116534174481738616587152741360112104
1019061             110901053710248101511040411539138621527415642159211614216182
1019062             160871605815907157651581416154172041715216466152231364512203
1020061             111871066810382102501048511588138201547016092165071677616818
1020062             166951666716445164131646916564166911614015478146191341312152
1021061             111461054810268101421024810673115611254313703143651460314470
1021062             141831387313607134471359914136152631522214768140631308612003
1022061             111211053910260101441017110429110171170012753134661380713903
1022062             138541373013571136001399714863159731582715168140031265211423
1023061             106021020110015 99861034211474138391545515865160771627616307
1023062             162041615015920157721598916602176391745916659153721377412279
1024061             112431076710541104801077711964143561591416149162771638916273
1024062             160851600015858157821603816715177351750516763155641386312419
1025061             114291076010648106141093012165145831592116082161721628316213
1025062             159911593215703156021580616455175651740416762155301388712418
1026061             114251091110682106561099012267146931603416155162001625416130
1026062             159731596015809157001592916570176501752416868157321408712590
1027061             116361115010901108771116512394148171625916424164061634616159
1027062             158331564915334151431522015800167891645715860151981381712425
1028061             114031082910520103611040010783116171275913998151361582416040
1028062             159121559015294151251514515570159111543914780139811308611969
1029061             110561033610077100531017610595112131219913279138261401614019
1029062             139031373513732139361492216380163321591015185140061285511660
1030061             108911055310403104361081412136141681546215777159311600716010
1030062             158161574315577155071621417745177141722016402153141364312188
1031061             112631082110623106471097512264142671540315741158561595615961
1031062             158671583415703156881635617345167221615415624148271305611746
11 1061             109101038010242101921049211695137811504915426156811589815962
11 1062             158811586015627156571629017713176311706716249151021322111785
11 2061             108601043310218102061050411705139821549015981162131641816339
11 2062             160931589015570156711640217924179261748216727157021404912563
11 3061             116841119910985110051138412618146531582916099161811621116083
11 3062             158941580215623155631633217657175151691616255153461410012883
11 4061             119611143511219110951123511765125511356614502149131497414810
11 4062             145501431514101141591511716483163431584815307145801359012554
11 5061             117511122911010109081098411334118091258413508140781427314202
11 5062             140741387513707138671509916778167191630815667146321338912282
11 6061             113851098710805108101119712462146721597616273163561624716086
11 6062             160041585715634156021656518117179871740316597154071376612382
11 7061             114531104610836108411120512451145091574116039161071616316128
11 7062             160271593315794159011695918028178291726316478151401358012113
11 8061             111271060610391103351062711748139761538515879161281631816399
11 8062             163621638516319165301748518192178961731516475151471356312080
11 9061             110951060610345102601054211649138171511915584157961602616062
11 9062             159621594115821157341644117635174291686216093148921333311937
1110061             109381043810194101121040311284128091409014931153471554115533
1110062             154111534115107149621570916924166301596715235143481310811913
1111061             109641049110178100851019910636113571232213374139791412314040
1111062             138021349713287133481447215768155071494214292135231250911456
1112061             1064310078 9770 9618 9626 9882103511120912366133611398114394
1112062             146611467714613147661574816452162161571214937137341246911313
1113061             1046710044 9896 98711020111404136941523315772161181639916483
1113062             164271636516296165201757518296179641742716512152531352512021
1114061             111401063710447103761066011761139911535115802159591612616159
1114062             160821608215956161031710917924176581714116301150691351611935
1115061             109721049010242102131050811581138261519815682158781596616031
1115062             157961579815814159281705417927176801715216386152071344511990
1116061             110241054210292102141052011620138541526915764160871638316463
1116062             164221643716384164401754018335179891750316722155191387112350
1117061             113821079510526104671072011797139361533915819161311634716319
1117062             161241597915764155961637117297168471617915491145481327311950
1118061             109671039310105100271014110633114161241913513141211435214301
1118062             140801386413694138541506016236159321549014931141621307411972
1119061             110651054010242101221016310410109411176112822136561403214282
1119062             143481428114235145151582416816166691626215549144601309911888
1120061             110291059810426104611083412116144081583416291164591657316490
1120062             163111623316037161621743218712185991814917371161731448712966
1121061             120061156811404114251178813028153031652316771167821677816617
1121062             163491620715994160651732618602185371815617515164091482013312
1122061             122561178711555115191184512979149951641417024172681726217122
1122062             168591674516576165341759818395180891750316794157531425912770
1123061             116601103310697105441062411001117531271014061151821588016161
1123062             158191491414034136861408214306142321417314007135121270811653
1124061             108841043510235102071044211123120611283013635141161434714364
1124062             141841398813798138741510316301160731562415072143381328312169
1125061             112831076610528104741060011059117931262313657143051448214356
1125062             140711371413490136571503016242160581566015173145011343912296
1126061             114351086410593104901054210834113391194312908136321390113980
1126062             139231376013646139431552016740166631622615567143541292711667
1127061             107951042310292103441072311975142921559515950160441609416099
1127062             159291584415743158561729118453182671771916877155451374212224
1128061             112441074810545105061081612013143511580016155163631657916620
1128062             166051665216616169221523718945187381809817214159301419012584
1129061             115621103710788107471108112283145881603816357164421649016470
1129062             163481630716216163931773818584184131789617077157991399912279
1130061             112551073210471103981066011881141381549915889161171632116302
1130062             161671615116006160101729918380181901769316929157061392612254
12 1061             112271066310388103131057111665139711548816020163091656316661
12 1062             165321647016503167431769918153176461694216143151771378412319
12 2061             112001054310235101251023610706115871254113635143371459314579
12 2062             144341417914046142541578017063169821648816000153021424112978
12 3061             119651134411049109421100811333118941256613532142441447614475
12 3062             143851419514097143841624617700177091741616831155771389612468
12 4061             115871111210922109191132212625150591672317063172161725117197
12 4062             170371694416806170131865220078200161957918832174981561913877
12 5061             128881240912231122091254913830161781751917669176621753317521
12 5062             173211717817067172691894420271202111980019104178321594314273
12 6061             132641280912635126501300114265165961778217815177701769417558
12 6062             173751729717178173821886319903197291924418411170601507313361
12 7061             123081171411416113561163412825150671642216515164161638016250
12 7062             160361594615875161781778318999189291853217896168011510113512
12 8061             126621227212102121481264813935163751784218278184831855218508
12 8062             183491821918006180991958820702204251982319088180651659314926
12 9061             138361311812795124791275513164140591503816097166801674516530
12 9062             161081573615466156461724218521182931781117255164871523313846
1210061             127551211611798116251163611899124831318114138147411489914886
1210062             148041457714383146121646717968180111768817085159581433712822
1211061             118711143611279112891166212951153641678517081171891718617069
1211062             169051681516601167111827819728196611920818432171161528213474
1212061             123431183111620116241200613245156451693417082170191703216715
1212062             164751656516509166861839719628196421919318430171261525113436
1213061             122601167911436113741168312855151561663316834169401699017002
1213062             169211692116876171421837319294191041853617800165541481412951
1214061             118271124810952109331129212532148671622216398164311634716253
1214062             160441597915835159801756118845187551838517708166321483512929
1215061             118261127910989109491125412386146231614216499166381674516656
1215062             164091626216146163421767318540182581768417016161811479713189
1216061             119591132910965108601097011463123961336614424150341523315140
1216062             148721458514361145201615317415172671681216359156951458913245
1217061             121261148611145109841105211335119711277013740145051481214866
1217062             148411467814466146161639517603175671725616729155301399012355
1218061             113041082710591105751092212144145341599816283164821669316679
1218062             166081660616497166301812319376192861887618192169391516013364
1219061             121751162011409114031178013029154281681416985169291684716695
1219062             165301647616498166801843419873198811947518873176531584914059
1220061             129151238112180121911258013847162571763417736175851739017074
1220062             167621661116482166641836719846197951942018793176561578313983
1221061             127501209911803117351204513226155171705217328172821714416867
1221062             165371634516151162461785119301193081894818358172861561813791
1222061             125981201711785117821211713248154261681217156171841706616794
1222062             164241622616111163971802118933185821797817369164111496813391
1223061             121471143011035108561087911211120041302014274152991575815772
1223062             155561521814939149051610117252171321676116307155841438413009
1224061             117571094310576103861038010662113131212313280141151463214916
1224062             149431466514362143041553816583160981550415195148021413313093
1225061             120041128310838106711075311131118421262213474140651430414527
1225062             144101402513725137471479215434154301529215095145311343312183
1226061             112521070310483104161062711427126381393014886157131622816443
1226062             164011625316048160731725418319180861755616837157531425512762
1227061             117041118610889108541113412073136071493115817163251663116720
1227062             166521654616442165411784519151190021850317804167351515613625
1228061             125311201511749116791194012880143591556716239166501677516724
1228062             164711626216098161161754718867187821825517573165011496513459
1229061             124511186411611115381179212642141101538416209166581680916693
1229062             164201620215988160031745918804186101815317584167601549514066
1230061             129601234812019118791190812240129311374914860158321642016603
1230062             165161623815979160601707017950177821731616824160731486413674
1231061             126481202411709115661161511863124041293213836145491491715045
1231062             149441475114513146731622617752175131673316036152681447113618
