 1 1071             127791198411453111701115211344117281216512848138591483315465
 1 1072             156371553615369155191662717430171611662515895147641330012011
 1 2071             111911072610496105421089512055143501568816029162691647916493
 1 2072             164021631216179162631751719105190431858617793165741487113329
 1 3071             124061196011806118121219013373156051687217005169651695216786
 1 3072             164961634316130162101747618916188461833917527162671454213003
 1 4071             119651147011228112401158412763150421633316470165291656616457
 1 4072             162691609915867158471703918529184891800617202159731429712744
 1 5071             117141123210945108681115912208143201580716118163241643616412
 1 5072             163371624716078161601712917839174811680716086151181372612425
 1 6071             113301069310410102511027010610114511240613485145241501115091
 1 6072             149021457814239141071500416271160741551014945141021305911970
 1 7071             109981035610051 9941 998010259108701151012523133621382914060
 1 7072             141321393913743138621523016823167751631515651144961323711934
 1 8071             111691074210572105831095212158144071611516551167531692617092
 1 8072             170521699316804167401749118596184531796517232160751441812940
 1 9071             120261156311388113851175112985153611673216819168111683616790
 1 9072             166301653416418164991758119039189631846217725164911481413447
 110071             125361213911929119221230913475158631722317288172871738917372
 110072             172611717417091172261835119844197851935718641174701575114280
 111071             133271288812686127081306714256166991799017998179971802017868
 111072             175531736217148171881823919634196101911118405171151538113829
 112071             128731234712084120181228713384155391688516978171191722017112
 112072             168561660816186160351683617987177611720616530155731426312980
 113071             120831137611060109101096311356121581313514317152111559315684
 113072             155211522615070151921606416926167301620515644148661380412757
 114071             118281122510954108291086711133116661250013577146031531715735
 114072             158911582715714158551673517378171331646215780150231387912716
 115071             119141141011210111861151512371137911518716233171041774918009
 115072             179701779917594175701840519203188751819817273159851442013083
 116071             121421164111389113241166812838151211657716907171861745017578
 116072             175561756317446175521846619892199401951718807176351615814777
 117071             139081353713451135191391115094175081880618909189261895118785
 117072             185581844218186181831908120677207502036419615183791677415298
 118071             144111398413800138131415415298176231887218916188291871818485
 118072             181981797717788178571882119917197941925118451171741551113994
 119071             130401256412303122421251013555157061710417357174981759317392
 119072             171451704016836167981748018747185841801117354164821524613947
 120071             129791244512204121211224812685135591448515573164351681816843
 120072             166511639016205162941716318760187901839617873171401606114904
 121071             140811357313349132541333113622141981483715766164491677116860
 121072             167691657416521167671763619158191111840917803167751551314219
 122071             133051290012704127091309214300166931815618437185911872918660
 122072             184961843318301184161928820430203091980418986176321591314465
 123071             135721312112905128961324414497168251804418141180721804317926
 123072             176881758617376174211821219744198041935118567173541569414214
 124071             133461291312758127941318414396167251795117986177801762417435
 124072             172121713716973170081781119401194901907318347171821559614116
 125071             131701277712624127021309414289166441793418096180311797917890
 125072             177561765517539176551845920077203792010719534184231689415578
 126071             148261452814427145391488116025182501949619710197821987119799
 126072             195161932119054190301963421027210342048919896189641770216354
 127071             153841486814582144591450814809155451642217563183371863818529
 127072             181681774117367171981769918857187441813817508166561556214436
 128071             134991297112696125131250012774133251397114892155111579015871
 128072             157411542915172152271611617931182021779917160160521472213557
 129071             128231252612459125341295014186166361799918189182411828918237
 129072             180441786917659177321851120252205302007119333180411637615000
 130071             141521378713632136691396915184175201865418683185851847418265
 130072             179761779417613176211833519872201081967218849176001599414583
 131071             136931327813140131831353414770170891830518361182101817818016
 131072             178121763017418174391810019720199811957118883176641604014595
 2 1071             138041332113207132041349514616169411817118294183061828318065
 2 1072             177581751317293172511789219370195791914318430172271567914211
 2 2071             133251286512653126191294314047162651755417831179221793917827
 2 2072             176381753117329173011787118769186301810317430164751518113796
 2 3071             128701232612093120181218212675135241443915466161401637716328
 2 3072             160551573015468154681604917683180711767317155164281538114315
 2 4071             134651296412765126761278113067136151429715297160491636516502
 2 4072             164351627116087161681692618684188531822117705168871580414592
 2 5071             138791363313586136911410415309176511895319237193651941619435
 2 5072             191931905218871189651963521235216402118720423190041728715810
 2 6071             149661451914348143491468015865180811915019221191291905818893
 2 6072             186151840818171181411872220253207722037319590184881680315364
 2 7071             145781421414124141641449415657179241913619269191191900918814
 2 7072             185601845318261182581883420426208292042019743184621685215405
 2 8071             146141419514056141051441815595178251896019048189681889118754
 2 8072             185681847018295183291881320200206642023419503183211666815302
 2 9071             143821399213838138481416315305175051862218763187281875718596
 2 9072             182821810117797177041813219403197551923718637177921645815156
 210071             143201388313645135871368214081148341573416863175551759817271
 210072             168101639816091161031660317948183891795417416166981570614622
 211071             138401336113156130991318613486140821473515572161221632116302
 211072             161551589915625156511633117995186401833917677165311517614023
 212071             132181289812797128521324414480167061785117980179271794117806
 212072             175671733217096170621758919126197561939118655174561590814490
 213071             137371343413354134681388015153174921876618993190351899618783
 213072             184541827118019180471862219963204132004519328181781657215174
 214071             143371395313807138441410215039166241784318682193461979520039
 214072             199591976019361190681934420449205921987218938176331621514955
 215071             142481393113884139811428615306172101829918684187791881718761
 215072             185391834818094181041860720070209502068820005187571717815750
 216071             149461454914382143761463315675176991876919001189861888918709
 216072             183801813417880177261798819069196131915718546176041628015111
 217071             141851373613504133821347813902146301542216298168381693516719
 217072             162671576715415153001568516994177361734416801160701499013895
 218071             130821254312280121481224212567130441368814613152521552315643
 218072             155751531315140151181561717056178681763317161164241530314363
 219071             137281342413388135111388214776160191709817979185411877718717
 219072             184011809217767176271800719392201601974018934178031624714949
 220071             140401361513436133661358114536162281739417864179991788917684
 220072             173771714516875167311701618211187731830717504163951495913568
 221071             126191211411947119091223413333151101627816716168281688816765
 221072             165331637016113159591626217452183611802417396163741500213688
 222071             128231239512239122951264213750154751673317265174001746517335
 222072             170731698716888169031734918380187861836317561164241506713680
 223071             127691227012067120771239013445150801637417125173781746417414
 223072             171701701216789166941702318064188741855218060171951601914853
 224071             139911358313390133351345413873145801547116449170491716316950
 224072             165161600215565153751559216706176291726716739160601496513944
 225071             131391267412433123591240612727131491376014579151251533615341
 225072             151681485714581145561512716607174681714516531154391415012655
 226071             124101199211851118951225613437153781661517204174901768417663
 226072             174801735017163171221760018720192961880617949167151509513709
 227071             128161239012187121751252513710157261691317170171551711216998
 227072             168071673916550165551703018186189061852617747165491499013558
 228071             126211220112005120031234313529156761680316982169401684816674
 228072             164081623616045159221619917295184731823917604165491503313651
 3 1071             128441237612296123521270213915159471708917220171331704816842
 3 1072             165201636516165161611661917752185471824717520164091486613397
 3 2071             125651217711990120251233813401153731682917606179941824918315
 3 2072             181391782217416170971712017609181861763016934160241478313512
 3 3071             125481207311842117391185512319130061382914765152331530615115
 3 3072             147231434714150141571461515542163501601515507148511382912798
 3 4071             120361152511284112041131811619120031272513623143351470214875
 3 4072             148831476114631146401507416208174111722116633155951431413105
 3 5071             124061205111950119901232013596156441694717299174531751617376
 3 5072             171271701216855169601739318443195981940318700175531600214713
 3 6071             139011358813576137251416715490176161882919171192691941019374
 3 6072             192561907218846188141919920194214392118020454192391763116254
 3 7071             153521491214747147511506516236182281935219652195031937419174
 3 7072             187971851718202180771835619190203472009819489183991678915406
 3 8071             146351424614082141051447415636175611866318758187671880318717
 3 8072             185071839818248182131851619430206972054919914188331723815877
 3 9071             151651480914637146631507216187180121912419194190361885718521
 3 9072             180761772217288170091712817733187481849717936170191578414581
 310071             136071311412880128001291813335139021480115713162391634716155
 310072             157821536015059149201514115899166981629515664148301370612630
 311071             117801153211284112281094411069115031200512810135881410214425
 311072             144901431114064139511402214444151681639716195153441398812761
 312071             119121152311365114101167512800150791649416702166801664016487
 312072             162801609715817156201566915928164831742217026158871428312853
 313071             119051144911240112031150212638148691619016429164521646916332
 313072             161371597815725155101550815746161411711716713156501413312659
 314071             117391120610966109111119212299145101579115993160011613116089
 314072             159411586015701155391553715736162291691916457153211371612237
 315071             113281081710558105151080211867141151560916061162991645216474
 315072             163751633916265162051636116721171271749817003159711449213080
 316071             121191162011421114651175512912150341655317275176351788218009
 316072             179881794917721175131757617933182821861017940169211561114310
 317071             133691280312494123611236912677133391408415193161221659716700
 317072             165301621115821155511550815860160781677316373157101465513622
 318071             128831236012077120001200412247128041335014269149841541115615
 318072             155431530415070149021501115370159811713916971160591466713479
 319071             126781230112208122621257613790160571729417433173781735417148
 319072             168701668616484164731674017211177561847117909167221509113612
 320071             127001217411905118451209313176153691648816554165931664016533
 320072             163711627416059159011597416206165911777417639165611509913724
 321071             129431255512399124711280714014162621744917577174631733217111
 321072             167801658416289160691609716309166561776717644166021498913567
 322071             126131210711871118171207413098153311661616887169551689316730
 322072             164191622715950157371570915938163001707116738156091406912660
 323071             117171114010878107901105012107141871539915759159001597915993
 323072             158461580015587154021531515247152361597415854151061388912649
 324071             117801129110987109021101111447122191316414181147691493014733
 324072             143771397613624134901368714197148231543515215145981352212457
 325071             116531114610868107551076811000114871215313251140831443914599
 325072             145351424513926137881391114235146301572815686147661338612208
 326071             114631107410982110451144012649148791625016586167391689616807
 326072             166791657316391163481665417066172521763617109159221424912682
 327071             118701134111038109781127912384145931595116202161911622316178
 327072             160871601415736155101562815872159621669616491153491368412139
 328071             111651067310443104011068411813139991530715653157901594815962
 328072             158391575815545153701536415502156831662916633156301404312493
 329071             116371121311089111121140612624149631631616596166221661916520
 329072             162601609615818155891555415580158021681516858158681417812678
 330071             117571137811271112401158912691148521615616404163211630616162
 330072             159081574515434151531501414870148611554715590148281349812222
 331071             114181089610657106111075911174119101296014079146641478814596
 331072             142481386813455132501325913465136831461714751141761322212172
 4 1071             113651084410648105831065110945114351216513097137071400014040
 4 1072             139401371813495134551375814394150341572315441144481305911832
 4 2071             110801069010550105171087312086144521602416505167391686116859
 4 2072             167951661316413163181657616900169851732616968156741406112548
 4 3071             115521104410861108311114912313145081602116475166101665416549
 4 3072             163201621416012158951600616276165061714316983158031431112669
 4 4071             117821143811224111731150212625149091636216767169831709317133
 4 4072             170401703616948170271729117589177681807117598164111476713242
 4 5071             122251179411569113931167612700146341594416429165781659716549
 4 5072             163251623616062159221598116151164001706117086161781474213342
 4 6071             123301188211675116891198612894143801551416162165011656516442
 4 6072             161931596515702154971558815805159741637316356155241433013031
 4 7071             122021164311401113111139411767124611348514613152111536715151
 4 7072             147941439114160141221422914512148071551315693151261388513028
 4 8071             121351152811295112211119711438118651276013802144781475614839
 4 8072             145861399413375130531302413234136791499615530147601359912448
 4 9071             116891130511284113331167412910149521625416579166941671116620
 4 9072             163741616815815155231548415627158911680716929158221417812692
 410071             118681146611296113371169512906149721618716410164261650616483
 410072             163231619715951157741583216000161901691116994159571437512853
 411071             119721161311435114821187413090150761628416429163641630916181
 411072             159481575815484152461519015296154611633016587155691402112530
 412071             115991114010933109051121912355145371608916566168181709017245
 412072             172211720017116171211728917510174911766317307161851455613129
 413071             121991172211454113981169712775146741603216447165421657616509
 413072             162941618215956156741550415492155531601016087152211404312726
 414071             118301125710981108971096511399120311311114072146701483514674
 414072             143841400713693135381353913720139511457214800141351313512077
 415071             112711074110513103661039610641110611192113142141981494315449
 415072             156511558615448154441570816001161251621415806147231357712479
 416071             116111111410834107731099311844133071449715266158751632916477
 416072             163561621916065158421600716266163161654016358153421391112609
 417071             114691118310968109581127612287139531546316208165621682316870
 417072             167451666316488163291643516640167421705816853158161444513112
 418071             121151154311349112871153912531142001559416355166721684716847
 418072             166821656816287161181618716341163751673016727156921424712862
 419071             118451126711031109691123612333139411540016018162181630616223
 419072             159921585815607153201522615256153141585916136152401382612428
 420071             114541095510726107281106612112136031489715464157411582715777
 420072             155911547315221149091470214526144081476915284145711337512108
 421071             112431078010505104031050910919114351243613388140061423914209
 421072             139871370113440133081336713447134791389614392137351268211601
 422071             1072710132 9868 9718 9704 9879101951099512103128861330713467
 422072             135081334413154131051322513498136561421814878139441269611438
 423071             1049610043 9847 98191013111160130221456215278157121608716280
 423072             163741647816423162831617815999157671607716510153691366612125
 424071             111581063210339102781052511591133171494915520158311611116228
 424072             161511617116041158851573115587153011554716060150521342811897
 425071             108591035810107100421030011306130641455515141154171562715685
 425072             156231559515431153551552215740158541608215980149111333911882
 426071             109951052710305102701058011635134941493415306154741562615624
 426072             154921547615330151321504214932148681534015882149071335711834
 427071             109411042010143100901037611400133951507315747160861634816398
 427072             162591607515824157021579315804156621561215557147401345712088
 428071             111551053810236100991012210499110201217113329140071426014228
 428072             140041371313494133761349813721138161413314361136941262411503
 429071             1060810019 9727 9553 9541 9739100211085912048128791339113619
 429072             136551350713349133091359013997142401442914670137451241211212
 430071             1041210007 9834 98441015311250132641497715613158951615616148
 430072             159941597615803156351555015506153281549716053150251335711872
 5 1071             109651047110214101821048011479132901478115223153871559315634
 5 1072             155731563115491153531531715268152501567115991149291329411813
 5 2071             108621036010104100441030111280133041487715444156621573615789
 5 2072             156571562915495153381528815216150251521615932150241341411859
 5 3071             108781039610188101701047011395133741482715294154931573415798
 5 3072             157101571715589154151533115161149581513015855150121338811944
 5 4071             108771038710148100991037311318131821470315205154601564115653
 5 4072             155341548415304150991495414710144161441115097144711318411795
 5 5071             1075210211 9950 9826 986110166108321201913106137771395613902
 5 5072             136871345213231130501311213212132521350614048135281253511389
 5 6071             10517 9994 9739 9592 9614 9749 99941090712005127941319813378
 5 6072             133381313112952128111296413213133901381314675139341260011298
 5 7071             1053110178 9995100271036911373133191479315245155351578615867
 5 7072             157621573615600154441539615313151061529615925149261329711758
 5 8071             108231030010106100571037111310132061467615233156061591516056
 5 8072             160391623416191160281588615680154161545016057151911347911937
 5 9071             108841036810108100431028711166130651471215428159741644716791
 5 9072             167951706617168171001708216803164201645317048161761443412735
 510071             116921108710762106441089211846137371549916328169491751617962
 510072             182051841718489184181829918033174841735017816168961497613224
 511071             121521152811185110591124812058139131557416353169311727917279
 511072             171471716117103169771690016655162031594516447158091436812892
 512071             117381109810646104201036210484110771221213397141001435314409
 512072             142911405413825136821365613686135921364114226138191271611514
 513071             1058910009 9715 9527 9521 9516 98331074911894126971304813134
 513072             130281286912624125971269212843130341337714237136201234511104
 514071             10225 9821 9639 9669 998210926128781444315113155371590616076
 514072             160471608715984158301581615693154301539315964150771338811809
 515071             108121031010038 99601021011153131561471315346157051600416149
 515072             161861637216490165701664716701165191643216800159321423812640
 516071             115491094710626104811070211549134541514415967165711704917323
 516072             174161749517315170751690216861167111654216391152091349612062
 517071             110781051610227101681043911376132051479115438157401594015991
 517072             159681595915741155851558115445153711547315912150261353711964
 518071             110201049310275102121048211416133221496915708160541629016304
 518072             162251613815929157761581415805156521551915635149331371512418
 519071             113661079510477103241036710634112111230013531143381471814729
 519072             145431421713946137831380913930139521404814355138891287411715
 520071             1078910201 9915 9761 9751 9831101631098812133130731358613867
 520072             138961376613589134701363013983141951434514712139591270211407
 521071             1048210007 9837 98241014711007129181452015152155561588015943
 521072             159241588515725156201562815522153341530615835151131344511893
 522071             108501038110157101191040311265131431460115257156631597316084
 522072             160881619916130160211599015843154721539315934152771358511986
 523071             109221041010162101161037711186131271472215390158521623616456
 523072             164791657216444163341625616048156601555116077153971369512023
 524071             109941047310215101111036111174130971480515617161801676417213
 524072             174881786418024181501825518144176551744317925173611542613602
 525071             122751160811224110261118911942138611582017027179551881319473
 525072             198772021020375204632036020050194301885318911181481648114687
 526071             133081255111960116191154211556122131358915052161801679217166
 526072             172541725017121170021707717054167021626016331158631445013013
 527071             118121115810712104901039210256105841149012658135911413614446
 527072             146331458514459144251447314546143851420514553142561323612080
 528071             111281051310231100781014110257107581184113128142651490215406
 528072             157581586315869159351616116290160621587116180156621399012264
 529071             113041068410397103101050111241132271507216011166601713617425
 529072             175451776817881179101791917718173551690817152164591450912775
 530071             116631103710686105841082111502134651526116122168031737617751
 530072             178891821518365185401865818522181121778917995173311553313612
 531071             124701173511347111751138112133140521567616481170471756817906
 531072             180201814718091179111777517432169561678616911160771437412739
 6 1071             117941117810839107611098411829136621541816358171461796718641
 6 1072             191871973819967201142004319438186141800417937174371588814152
 6 2071             129101209511658113621127311318120661352415030162281717217686
 6 2072             180531823118492186071859118349178671739717505170041563114139
 6 3071             128781203111534112181104910926112781216513382142981495515386
 6 3072             154551534015132150001507815267152941530715383145591321911898
 6 4071             109911044310187101571046611429133431514615901164211682217056
 6 4072             170031700816897167771690416992167761646416390155131390912434
 6 5071             114431091710662106411092711824138201561216474172151793818421
 6 5072             186441873718689186391870418528180471760017717171831533113397
 6 6071             121381138210989107701091811588134841502415640160281627416411
 6 6072             164371656116550165441651016240157611547715745153711371712078
 6 7071             110761056510295101841044511195130901470015412158341618216383
 6 7072             164881665516626166071661316457161641602616368158231425412639
 6 8071             115341090110624104911069911442133761531016322170161766418188
 6 8072             185131883618956189771881518339175491697717063166811524413673
 6 9071             124961182011362110991107911245119141302014348152741578715975
 6 9072             158771554715249150281503215035149151475614891145031344612272
 610071             1130810675103401014010036 9983103741138112543135481413814480
 610072             145771451614458145271473614979150061495515366150321374612362
 611071             114041083110631105651083511734137111550116523173321799818497
 611072             187841908819280193551937319045184631807118171174271551813746
 612071             125421188111471113151150612288143721621617231179491853118786
 612072             189111896218900188121876918439178971748817625171141531613439
 613071             122431156811183110231116411995138031545516161165361681416922
 613072             167831672916552163561625816127158411571315916153291374212154
 614071             111601063710369102821052711338131401481515621160771639316482
 614072             164181645716274160931602115839155461541815753153511382612210
 615071             111891061810337102361048011167129151458615529160521651116787
 615072             168321695516984168901679216463159341552015598153971413212536
 616071             114511080910414102001025710373110421227013636147191538615729
 616072             157851577715750157401578515723154461515115312152101408612804
 617071             117591100810702104431033210248106891183013219144331538116073
 617072             165721680416898168231691617053170571702017478173791582814139
 618071             129331222111779115091164112289142391612917329181641883419136
 618072             193501954919666197291977619548190601850218305177961589213956
 619071             126641196711573114161164112359141791603517220181191894519508
 619072             199222033120583206332053820170193551872318688180321611814354
 620071             130771238312049119311214412942147701657217686183051874318945
 620072             188911892418841188941889318656181171750317430169571528313459
 621071             121781149011092109331110011718134421529516539173151792118282
 621072             185651887019027189911885918525179181744017430168621520213477
 622071             122571151711078109381108711677132481506816251169731738517595
 622072             174611747017265170171674416312158511545215471151611387112438
 623071             113551071710358101551013410200109171211413409142951469414777
 623072             146381441514280141891425114303141821400114178141671316311956
 624071             1093510289 9959 9780 9740 9603100741108912260132581388314279
 624072             144341443714466146251498415297152691509715473155011418612748
 625071             116871113110816107341101211752135021548416915181591919219930
 625072             203972082820962210212113820988204901994319789192831728215269
 626071             139401305112533123111246013117149551713518781201652149922416
 626072             230872372124149243702449324358238122310622852223242025417978
 627071             163211537914700143421440014940166821907020793223042372724845
 627072             254322585426055259472563425082242952352823317223372019618036
 628071             165621555414944146271467315259169401886020151211192184222535
 628072             232432390624314244022421823683228052197621578208591889616739
 629071             151221411213488130531305413594147791621117072175311784718087
 629072             181571832918292181751804417685170911654216375162201487213351
 630071             121371142510989107701072210635110741268514085150821574815996
 630072             160071595215873158421587815824155881521615280152011408312874
 7 1071             117941111010686104301033410199105431143012570135031409814419
 7 1072             144801438014225142031432714481144181421814441143511312511857
 7 2071             108851039110142100621026810829122611396415131158691638616610
 7 2072             166421672916693166051656016464161601577515805154611393812382
 7 3071             112891069910378102211047610999123911410215277161011671917045
 7 3072             171521720817206170711700516852163581573915642152651403512726
 7 4071             116021096610588103851035610331108441176013027141031479215117
 7 4072             151401490014579142831418814263141951420614412140351315512052
 7 5071             112341073510550105261074811505129601467116008170811787018406
 7 5072             187371906619263193431935819160186861822518208176621602014350
 7 6071             131091239811991117781197212587139811578217383186161954320050
 7 6072             202712040720422200561924018554177931704016914165901521113635
 7 7071             123831161811200109601087410871114941265714003151271595616516
 7 7072             168101690916906169621717417225169071648016525162791516513943
 7 8071             128081204611578112861117811079114931261714105154911669117576
 7 8072             181971856018841189301901618954185891822818193176941613114572
 7 9071             133451270212316121481232613056145751637717660185021953519941
 7 9072             204592106521563218882198321736210832047420229193711740415451
 710071             141251334612858126161276313494150661704018483197642095921876
 710072             225172317823524235782345022990220792153221307206041864316629
 711071             152751443714049138481397814717164061819519342202272100121813
 711072             222462271422830228322269722321216732115321085203611847516605
 712071             151591422113647132901331013799151861683817972187671942319806
 712072             200412041720667207772081020508199391922318976184911672714695
 713071             133221250212009117561191012395138961584017288183751922119751
 713072             199912014120186200321980319224185001786317792174421600914437
 714071             132041239311893115721146411542121831342114905161391693917371
 714072             175121750717572175951765317628172551680916797166821555414266
 715071             131911241812008117461161911526119011300914519160751740318388
 715072             190081936919527195461945619162187351833318463179581650214932
 716071             138531311712741125301257613236147291656117820187731942719966
 716072             202852068220936209922099020829201931955919431188161694115009
 717071             136481281512354121331226112896144211631317507184311928619967
 717072             205552106721297214802160821376208352013219979194271752215566
 718071             142151341712940127681296113791153131705818123188271927719432
 718072             193551932019092188691886018873186611846718514178561626414681
 719071             134921282812506123001244513197147711667017954188981969520264
 719072             205772078720636202081987819700193341908119121185371691015201
 720071             139911325712907127511295113762153741726518633196612031820737
 720072             208722099620905207322050019961190541817917899172461579514099
 721071             128741206611590113421130611380119291306414490154811611916388
 721072             163921636516359163981657416637164201607516227160431481213557
 722071             124231166311208109121080810674109411194013167142911517115806
 722072             162381639916482165991685717060167851638316623163651494013420
 723071             123631169211337112011145312295137551553516628173241783718134
 723072             181181814117994177941781517856176901745817461166261499213452
 724071             124061174711506113691157612363138941570516801176541835618919
 724072             192431962819890200142014820042195661893118931183441649714709
 725071             133921261412163119671210112801143641636117797189641999020739
 725072             212922181922130223512247222259215802079320697199281787515900
 726071             144711353513000126991277313426149921699918546199112112522013
 726072             226342322323597238112394823703230152226522195214181941817348
 727071             158511497214411141571425314924164861842020022213382257823385
 727072             239002425624332242292412923667227832187921632209371922817403
 728071             159521504514403140221392414097146671592917333186841959320163
 728072             203712018120015199291980419592192821882918932185661725915776
 729071             146151375613219128681271212736130101399215481169871827619272
 729072             198802005519928197841976119648193801911719304186961718415574
 730071             144211374513339131831339914252157831742218747199172101621850
 730072             223522281022972229482282722498218742116321170203641841016328
 731071             149491407513568133071340714137155751743218747198462091521722
 731072             222782274122966230502316723017223812164721551206461871116643
 8 1071             152261426813729134111348614194156411762519241204852151222316
 8 1072             228992340223634238122385223531227912204121920209881895416703
 8 2071             152651435413770134711354314185156721774819544210782254123718
 8 2072             245452525225664258822591425685249612421224112231402088718696
 8 3071             170861606815366149671495215522168841906320874224832386924887
 8 3072             254802596026145261022592725366243752354423262220922004218084
 8 4071             165801562314981145801435914427148801624418045196342085921752
 8 4072             222162228122283222642232322050214112045920206194541776516022
 8 5071             146051369112978124681218811985121221311214373154011616316626
 8 5072             169441709617243174581774818008177611725817490169081544313987
 8 6071             129921239212071119351218613067145841646217783188111958020007
 8 6072             201712039020411203702037820428201651997220258194501772315939
 8 7071             146881393213529133681347614306158181766819129203832149222309
 8 7072             228482338223612233922309422617219362157321675205621865816746
 8 8071             153921462114202140121420515171166891839919586205702156422222
 8 8072             228312366724226246732491024809241092314322959217821968517438
 8 9071             158821474213961134751338113981150761678718006188161940319879
 8 9072             200272029520357203222017419735189341840518579177091612214396
 810071             132321259512137119961215012963142871579316764173051763717580
 810072             173371716216855165381632316116157621554915861151511386612509
 811071             114721089310496103341035610554109901215713436145161516815589
 811072             157001579215971161831648116611164511630016711162501510913774
 812071             126671192911506112341114011123112681224513686150701616017049
 812072             176071792918188185221892019060188161856118961182221662515110
 813071             139171323812820126591285913795151741684718000189131982320503
 813072             209252142921697217792154421087204251987419942187481669414633
 814071             132421240811880116271173212430137311544316645175391830018721
 814072             188761912319216192051921518988184201788718140171241531913740
 815071             125891184411488113301152212379136761539316712177281861219192
 815072             193241966519855198171987920030196401937819707188311702015288
 816071             139181322212718124651259713417147521638617624187051969720351
 816072             208112135821799220622217822018215702134121509204601863116703
 817071             153441450213943137091381214590158851744018456191741967619935
 817072             199531997119875197281945318963182971799417974170451564514005
 818071             127721186211360110771102911198115711261413803146771513115143
 818072             149931480414652145991467614742145701452714942143031324812104
 819071             111881062310276100771004310132103101107512219131601381614255
 819072             144041436114292142671437314610146241478415259145251323711995
 820071             111881067610451104151067211481127341432615546163851697817324
 820072             173911731217121168121665516588164171656416589155031386412476
 821071             115601100710689105821080211649129461452715612163511680317029
 821072             170231697816813165911647016363161031608116363153731383812320
 822071             113781086810643105731082011640129571444215526162241669316958
 822072             169901706516949167271662616464162681650116639156601409212672
 823071             117061120710902108121104711973134311503816080167831732417633
 823072             177181788417899178111781617739175661766617919170001540213905
 824071             128441226011927118471208113036138991616617543187021962920358
 824072             209472156622033223152239522040213232100921029199251830116480
 825071             151401426013719133831332513633142211542117047185101976820656
 825072             213762188222287225082252322246216482129521227202311874517178
 826071             159201509114483140661383713893140311499416629180181898619388
 826072             195911945619260192231928219268189301896319135180911641714778
 827071             136341294912516123041247713375147651646717872189371974520351
 827072             206382095421044210572103820746200871975619877184221637814575
 828071             132901252412113118941206312982143661605517360184691933320010
 828072             203662071620844208792085820562199131968519667182941634614436
 829071             132381253712072118981208312985144851606817257184061939120161
 829072             207252134421735219342197621656208682058020522191551708515131
 830071             138911312012606124161257213532150051660817863190372010520969
 830072             215952224822638228152278922327215422131321044196001759715751
 831071             144251358813042127331284113666151291662617927189271980620397
 831072             206332088120911205572020919580188691872518576174931593914361
 9 1071             131211231311759113441122011382117001266314040151031573115953
 9 1072             159431581915743157011572315687153921542215527147191352812335
 9 2071             11318107001028610060 999510132102911104512236131981383814188
 9 2072             143631435414366144101460914712145471474314875141691310912033
 9 3071             111391061310287101401017510459107541163812995142231513215721
 9 3072             160861631816542168011716517381172821777718093169601520813688
 9 4071             126501201511670114861171712733144661600916984177071827618627
 9 4072             187721904818978188651875418433179221812717925164841460212906
 9 5071             118931123810884107391095111906136241501415830164871704917316
 9 5072             174891773917846178651786317671172491758317421161201430112688
 9 6071             116361108210775106791088411971138641522715992165761706517299
 9 6072             175681791218101181291811217916175671802717968167731503413484
 9 7071             124321186711553114491169012798147571633517429184661943120288
 9 7072             209772179022301225702254522081212722119120840195771777515939
 9 8071             146761383913307129621289013228138321498716636181421941120445
 9 8072             211472158321843218672167021124204612052820088189781751716033
 9 9071             147271385613348129901284512847131091376914887158811660517075
 9 9072             173141731517244171391729317341172371756817157159351443113127
 910071             122261165611418113621165112725148471635516916173811781518023
 910072             180341813318108180671814718202182131850118020166451487113333
 911071             123071172811396113271157112650147651617416808172621761617780
 911072             178061771117634177581775917721176531789517452162851464013161
 912071             121061146411095109131109012114139751535215990164341677216873
 912072             169291713617112171021710716992167361723716952156881398312467
 913071             114361086010565104581067111655134001472215522161381655516762
 913072             168641702417003169221687516754165201705416787155131376512277
 914071             112991077910495104091065811640134851480215634162351671916985
 914072             171011709117093167491650216217161031658516252153801407512716
 915071             117371114610841106631069411049117741274714056149791543315425
 915072             151191477514432142551427114311142881484214615137681268711552
 916071             1066910085 9806 9662 9665 9884101831090512027128751332713554
 916072             136301354613423134011361113950142881516114843137371244611270
 917071             10411 9946 9748 97541008211167131501451515118155491593816084
 917072             161171597716043159211591615949159841666816177148611312811707
 918071             107911035410086100581034611398134141475515234155961594116128
 918072             162491621416160161071612416074161061679216340150311324111759
 919071             108671037010146101051038911475134331475415297156171599616206
 919072             162961646616439164101646216414163811702916554152481351712051
 920071             111321061710360102981051911561136091495715602161711671617055
 920072             173171764317766177711776917610174231799217446161551438212804
 921071             117041121710758108231096111962137481525715988165041739017647
 921072             177221804118159181301798317549172071758417004159071442812953
 922071             118701123610889107181076311113117691273614048150221560015916
 922072             160311591815844157661577515882161481670316352155651441613225
 923071             122511158911176108301066210715109391157212804137671433114698
 923072             149151498715030150661526715459156491632715798145571311211798
 924071             109661049510255101711046111506135081488415622163021687817217
 924072             174461770217821178351788917755176881821017467160321426212640
 925071             116541105610737106221086411941138801519415975166811737317884
 925072             183461881519068192581929419084189591957018904174831566814013
 926071             129081226611904117391201613146152861667917597185211946520298
 926072             209702163422018221892213121754215472186120979193121723115382
 927071             140871336912935127471290213981159901727218029188231958120095
 927072             204242073020846207332061920248203392070019991185821675714983
 928071             137781307312659124641264213684157661702617736182621864418773
 928072             187751880818638183341801117460172091736516653155631411612737
 929071             115991096010643104441047010767114371232813598144041477014866
 929072             147811466014548144401450114577148281525314747138911277311686
 930071             1075210156 9849 9677 9685 9870102801091212018128711338513657
 930072             137801373813635136481385114231148791551014953137701241211209
10 1071             1044710039 9837 98221017611257133511461315205157161612316301
10 1072             162971632116191160371599116041166131705716275149321330111846
10 2071             108321028810057100171029211340134691473215200156181589316142
10 2072             163151648516457163931639716410169641742916717153391368212177
10 3071             112111071110469104061073511817140721548016040164481680517006
10 3072             170611722417246173111734717296177861814317464161471445812944
10 4071             119761143811137110891137912503147681622116897174541806118520
10 4072             188031908919306192971918018880190001930218495170121518813454
10 5071             123371170611345111861138012388144301575516471170741765018202
10 5072             186561913519323193211913718696186981877218032168881546213952
10 6071             128101203511569112961127211601122851315114424154491617516590
10 6072             168371700617098170041699116865171801724816663158101454313333
10 7071             123691172411361111271102111186116351223713296140811454014724
10 7072             147381461414489144111442914647152251555714957140031286211704
10 8071             108641036910134100831036111127124951380114952158471642116771
10 8072             168551691516931168281698417324179741805417250159561429012862
10 9071             118241122110960108611105412073141341536215823160761630316352
10 9072             162891627216131159671595216177170021704116305150351338111915
1010071             109651053210293102061046511549136921523315704159751626216356
1010072             163201632416172160891625716563171681713516392151481346311978
1011071             111001059510321102741052611624138031531115767160551630616417
1011072             163251632516205161721636316800172981712716434151601356512147
1012071             112041069410425103131054711529136631511515645160221627016250
1012072             161641608115835155591545415514160451602115364144361319711876
1013071             109501035710080 99351000510381111571210413255139461415714107
1013072             138961361413430133231344713827147521490614459137071271611684
1014071             1088710264 9897 9724 9721 9952104481104912140129561338213604
1014072             136441350813382134161372014215152801537314920138021243911286
1015071             1045310069 9910 99131025611428137381513315564157991597616042
1015072             159581590515715155651564016102171291711016313150421340111920
1016071             109911052810304102811057411690139421519215529156891585015911
1016072             158831591615809157161578416021170171704716308150801342611977
1017071             110191054510346103041059611703139801530315627157931595516006
1017072             159701603915971159091598316257172301724516460152701360312116
1018071             111811069610460103611058011701139271535215750160431634816467
1018072             165301663316591164401636316722176341752016822155741402312607
1019071             116371098610704106191087412008142261586216403168411720817349
1019072             172851727417100170071707917367177531739316710157101440313062
1020071             121021136710899105081048710800115691251313646145311493015063
1020072             149001462514383142301426814577154311527514712139411292111893
1021071             1091310265 9941 9742 9713 9919103831096212033129151347913687
1021072             140161394613827137971402414538157321579515071139401276911691
1022071             1084810249 9934 98731017411236134581477415371158221629516599
1022072             167841692916912168111671216822177371759516759155231372712263
1023071             113331084610580105191080811962142321570516156165371691917127
1023072             171441722817169170211708517423182421801117228159811430212791
1024071             117141116510887107321092011922141451564615933161781637116367
1024072             162371621016034159011598216517172611704616287150221351612121
1025071             110741058210247101641035711396136351506315508157081589215849
1025072             156831564715597154761547715826168371676216157149871357712233
1026071             111801061410325102701054011597137731507115434155951582915794
1026072             156611565715420151841525915794164031599915434148261338612223
1027071             111581055410293101441017210528112711224213450145661511115318
1027072             152241509714913147791498415456159481561514975143571308512017
1028071             1115510410 9988 9766 9748 9940104271097011914127341331913541
1028072             135641344213279133041367614462156961573915163142991295711894
1029071             111381055110342103591070411763140731576115969160661617716116
1029072             159801587115643154811564316445177101751116802156321400612488
1030071             116141112410890108281106112116144701589615990159411598915978
1030072             158301578015605154651556016160172481703716383152301358712260
1031071             112601076710532104741077811866141451555115800158721597215968
1031072             158401576415598154641554615942165251609915663147601321512094
11 1071             110551063110379102981056511591137121519415580157981605216112
11 1072             160481600515841157171597416720173201699316277150161343112197
11 2071             111421065710465104501073611866142091564515860159271597115829
11 2072             156351551415274150711520615875167701639015733148301362312335
11 3071             114001085610607104811053410896117441281213938148231527815466
11 3072             154481525915063149821522315860161691568415036142751320612167
11 4071             112841056110293102551038010750113201234413265137041380213785
11 4072             136511350613444137621491516180159851547614862136361232311321
11 5071             107041043810354104291087112244143821558015835159031594415848
11 5072             157421565715507154931639917841177171717616306149321336712001
11 6071             111361073810540105391085512031141991558816088163741662016655
11 6072             165551648116268162141686018053179391741416635153661379712142
11 7071             116091120911042110561143112725148351595116096161521618616089
11 7072             159531591815793159101689918271181461766416928157491414812861
11 8071             120111164311498114961180913102152851637416554165661660416492
11 8072             163261624116098161961718618522184531802317282161011450313108
11 9071             121701177611572115641183613022151331633416649167141666616550
11 9072             163161623816104161261702617974176781706716376154081417112737
1110071             119621142411174110931119611653124291344414529151301530515189
1110072             148701455714357144741547716759165811613215629148311382212828
1111071             120491157411331112591134011636121131285913814143851456214567
1111072             144081418214044142431543616861167771636615718147881367512651
1112071             119211154311413114361181112752142631554116399167651692516884
1112072             166301647716345164681756518616183271776116822154721388712496
1113071             115771110610918108751117112296144841580616161162681628816160
1113072             159781590015737157381668118011178461732916562153861385112473
1114071             116481120911043110701143912655148081593016113160961614216081
1114072             159051583315734158911704618063178111724916449151961363112157
1115071             113091077310526104581073011839140081526315731160201632616398
1115072             163221641916362165381741718066177951725216525153301377612422
1116071             114951104610877108341116712305144601583216229163431648316474
1116072             162711617316031160561703218021178011726716641157051450013248
1117071             123191183311565114751158212059128691382314787152941536315245
1117072             149871476914648148021597117000167961629415745150391401512958
1118071             120931155211318112481130311615120981278413703142821451414611
1118072             145551441714351146181603217413173231695116346152941396312750
1119071             119601154911408114451181513044152781657816915170381706516949
1119072             167381665016564167151789419003188711840717609163121467413198
1120071             123541190111715117191209313416155341678617165174111756917602
1120072             175531744217293174561832018940186821820817430162301463813136
1121071             121721167311422113871170512751147031612016751170821722517237
1121072             170801697416843168411769218253178911732616620155301405512549
1122071             114481080010453103181038510756114301231213588146161517815303
1122072             148031394313227128761336913698136531359613431129241220211337
1123071             107051038610305103781069011380123951324414188148201509315153
1123072             150461485814763149701630017450172081680016233154721442513299
1124071             124801205211818117461188712335130901392114936156151580515687
1124072             154571504314866150751639817465172961683116289155071444513254
1125071             123671185211590114691158111901123681301913937145531481214816
1125072             147261451014342145671609517458174301703616314152211393812704
1126071             117551123911059110681140812537147841619016672169041703617078
1126072             170011693716727169701819618892186471810417242159671385012404
1127071             115521112810859107911101712102143141547315824159871606816121
1127072             159901588715786159391724818494184341797717304161051451612973
1128071             119551153811359113891178412975152831648916689167761670616637
1128072             164321640516299164281782819141190481860117875166061494413344
1129071             123361185911612115731188313054153021662116857169591705117007
1129072             169321683016633166431777018925187821828617606164241477513264
1130071             122951185111643116411200713223155041675517054170341694616771
1130072             164871632416164163001764718754185581806717404164781514713720
12 1071             126501207711819117501192812481134141438115684160771639116288
12 1072             161071594015857161381765818874186211819617662169201578414650
12 2071             137071313212855127301278613065136171436515484162601662816813
12 2072             168731681316878172601873919513193591885718058167391518113806
12 3071             129321242812241121891248713563153881674917415177441792317963
12 3072             179321789117727178011907020144199841948218646173331566714180
12 4071             131681270212567125851296914236164961766517945181041817518069
12 4072             179271788217724179061940720574204982002719233179541610414569
12 5071             135691308912912129191330014534168441796918037179601788217756
12 5072             176291763817640179781939820382202431977619077178591607614570
12 6071             136231314813002130541353914871172221831918395183961827118154
12 6072             179681782517643178101921820459203902003919497183181656014962
12 7071             139731350713358133751374115004171431824818559184851839818230
12 7072             181571812618041183061953419967196051921118517173751600314337
12 8071             132801280712421123251239712878137731476715806162631625516068
12 8072             157181538415135154181703518300179151744616946162231511413899
12 9071             129061234412054119361194311658128651363514768156081607616100
12 9072             161221611516086164941803718865186971827017378165251434812353
1210071             125251212311967120131245113739159181747317925181281817718199
1210072             179551769417595178891931120344202081974118993177381587014192
1211071             131261263712497125421293214201165921782017782177381761217423
1211072             174131738217338176871910120041198801943618763175141559313853
1212071             128481224211873118041213413256154771684517093170841707917000
1212072             167791671216684169541836719501195961918718802177991594914154
1213071             131541276712470125331277913981164311765517961180421826218393
1213072             184961859718569189282030821109207752016919333179751638014657
1214071             135931317012888129181331814382162961748417891179051777917642
1214072             173291717516953170491846419421191751861118098172431593614468
1215071             132791262712399123341257513145142871528916374169211700616875
1215072             166241623416142164681807319024188251836117923172871638915104
1216071             139371325213032128971295813096138071458515734168121757718033
1216072             182851816717806179031904119865197581914618252170131537313877
1217071             127301248512495126331317314452165781787818420185161854118416
1217072             182621805017927181211972821164211362073220029188551706915162
1218071             141721366813499135301390715185173821866618792185851847918219
1218072             176671750717454178971936420600206432039719838187771690215057
1219071             138861346913284133011366114954171891855418672185991843018147
1219072             178841779617739180221942720428203681998919392181871643614610
1220071             134741292312688126861306214103162881773017994180511814818119
1220072             179161782117739179471937720480203982000719349182281650314770
1221071             136431303212790127331306114212164381787618231183371828918098
1221072             177991759617462176021897919964197801926418638177761641814880
1222071             136401299912647125081254812964137541477615908165471673016607
1222072             163411604215912160691745918466182621779517304166991518113996
1223071             128301212111695115351159011872125201336514442152011552115685
1223072             156211543415309156121703617847176221725116635155941418212707
1224071             115261075210537104801075311609127861391814940155251568215437
1224072             154801520215115152471647917343165521575415327149241421813224
1225071             121531148811120109801100411434121171284813737142551444914494
1225072             143261382013401134571442115309153331533115188146911370212605
1226071             118571137711261113271165212696142561552416470168231708217038
1226072             166911664616562167331808918962187241838917662165551496513511
1227071             124161181111580115501180312753142871559916436169991738117431
1227072             176851774217508174671856819252191311852317675165091476913434
1228071             123801183611543115091183512752142261544516219165671667116507
1228072             160651588215692158761717518197179581737916832160171436513371
1229071             123671179111452112951134711722124041330914342153051571615808
1229072             155071515514836148511602517254172751691516325155951459013486
1230071             123681167011394111541115511599122121282513730144121478014991
1230072             149621485314763150671641317523174591703816502156841450413281
1231071             124281185311501115101197512583137011457815400160831647416615
1231072             164261618115969159511717518491179841699016017151421419213400
