 1 1081             129301231111805116291167411972124331274413370142461504215672
 1 1082             160641605315960160471703318190179641745016708155801418612960
 1 2081             122261178911626116741204513246154011673317167174631767017728
 1 2082             176361751717423176601906120580206902028619714186361696015549
 1 3081             146391422214104141231449615681179201922919384195031957119473
 1 3082             192941912518906190542022421707217822134120630194141772316265
 1 4081             153621485514641145621484115930180631927619395193681931319056
 1 4082             186501834218069180241895620081198821920218513175481616014831
 1 5081             138451322112941128131289813304141091488315852164711658916477
 1 5082             161791588215670157911693418083179201725616683158881481413682
 1 6081             126441198211646114961150411729122921289913824147461524015448
 1 6082             154541518414976150491625817714176601716216400152591392512690
 1 7081             119021143311256112651167412890151751642716628167241681516780
 1 7082             166251647816233162041718518602185041800217193159571434012868
 1 8081             119401147011208111741148512615148831610816195161781624916170
 1 8082             160331593715783157861684218162180401750316736155201389212482
 1 9081             116011111710866108081108512191144621580816009162681653016605
 1 9082             164491624415991159201676218213181031760416873157221408812653
 110081             118131132911155111871153912675150631635316468164651647316413
 110082             162721617416001160891721818562185131800017324161581450213080
 111081             121421168711442113971172112825150581667817097173211750517523
 111082             173001716617033170651765118230178311717816470155471427812964
 112081             120901154211245111361122011653125481346514472151071528015210
 112082             149891468014446145181550916938169021643515856151381415713292
 113081             123101174411476113651144311750123531298113876145121480914898
 113082             148351464614526147181583617375173621685016258152101394512835
 114081             120581168511549116311206013137147461600416695172761769317972
 114082             179971788217656176161848319773195661889517967166491504913688
 115081             128681243612227122341261113777160281726117355173801737117284
 115082             171431703116902169661785319343193491888218091169281541714034
 116081             131661276512568126081299614202165221775717769176851761617441
 116082             172721713516953170231796719577196151916818483172921575614366
 117081             135541312512959130231345714654169521813318188181031799817828
 117082             176521758017441175381838019559194721895418217170381538613947
 118081             130701255712314122661251313535154561686017221173131729416989
 118082             166691643016160160551668918085179711746616847160931491113721
 119081             128131233812083120251214312599134741439615452161311636516317
 119082             160631578015590157401660117695175481701716439156851463313317
 120081             126271215711921118391196912288129231368814705154211586516090
 120082             161411603616015160761683118189184241809317568167241572414665
 121081             138631349513362133971373014639161031725218096185911882718759
 121082             184621821717943178821865920343203311983019065178861630614949
 122081             141401371413490134901386315026172661844818557184421837818268
 122082             181191804617893179941870519784196411904818171169401527413851
 123081             129701251912325123181269113910161831739117444174131739917291
 123082             170631693916769168201756719241193881898018251171071550014136
 124081             132971292212757127931316814378166971793117993179821798017878
 124082             177271763217506175641829219654196731924218659175141590714564
 125081             137911340613281133331370214893170991835318437183811835018145
 125082             178081755317285171771776019079191221858217950170861586314566
 126081             136881321112997129251302813416142731516316162167271687916700
 126082             163771598415715156781631017799178151730416758160071499113889
 127081             130271253212268121801222012508130341373914785156511604616249
 127082             162721616416067162141700918462185221804817359162741497713845
 128081             130491274612629126931310414281165771781017960180101793317727
 128082             174331719616902168071743619143193771889618150169311526713858
 129081             130401264312503125311291814120164201760217610174631734617172
 129082             169621688116729168361753518832188811834017546162861468013220
 130081             123241184111632116001191113031153041668816978171311729017301
 130082             171611698116701166821723518769190161859617945167281512613785
 131081             129161282312462124991282114050163511750017584175091746817284
 131082             170231684916644166291720418840191641883918039169321539413989
 2 1081             130851265712436124431276813939160991728817655178851804218093
 2 1082             179521808417994179911848219172188491814917308162121481813481
 2 2081             124761187711579114821161511989128181364514710154011565115578
 2 2082             153251505314786147361526016701169311648115956151591409413043
 2 3081             121891164611411112961135511668122461291413867145771496115090
 2 3082             150581487014682147171535016815165461579015442145921399612889
 2 4081             119861150211365114221181313016152411656716849169901708617070
 2 4082             169191685916726167821743818733188281830017485161981451413153
 2 5081             122831183911635116311196513102152911666116992171731740617416
 2 5082             171601706116878168731719718324185371801117190159831439212949
 2 6081             120811159911330112621156212732150131643516835170251717317169
 2 6082             170151692716765168071740918537185751804217291161571460213238
 2 7081             123831195311758117671214613265153311666917097172901743317434
 2 7082             172251714317033171011768018858190531861317836166361499213621
 2 8081             127651229512117120901242413567157351707017451175931768117601
 2 8082             173901724416982168681713918167183771785617228163661514213908
 2 9081             130111252112248121311227812727135011435115375159681615216044
 2 9082             158331560515481155491611317316174441690516268154201432813248
 210081             123421179411484113761143311670122021283013799145721504615379
 210082             154771532015182152571599317527181101785617301164121525514250
 211081             136121332313258134021389415202174651865918935190011904818888
 211082             185761832518016179131837319916204982008519357181091645715028
 212081             142311381813660136831407915277174631848418527184291834718122
 212082             178721777317679177511835419689200281957318745174571587514456
 213081             136041312312902128601312014098158021707417774181241838118448
 213082             183181821818067180801848919202192181856117726165161494213558
 214081             126991223312038120671250813729159301709517311172901727117111
 214082             168631668816445164061679418035187731845017822167581523313929
 215081             130971262512417123821273413871159111703917254172971729917132
 215082             167491656716287161711651217628181071763717063162521515913998
 216081             131451273912544125311269213177140001488315926165061663316475
 216082             161141565915308151761553516858175921723216736160401505914088
 217081             133041288612635125361262912953134061402314799152811547115562
 217082             155241535315296153261584517004172201673516016150221390812807
 218081             120311151511207111241130512010132391427915323161211650816599
 218082             163831612215889158801638317318174631691316154150681375212599
 219081             118331141811257113071172412853146521585616373166231679016746
 219082             165991648216312162321663117875186081823117568165251516213958
 220081             131421273912563125941297514091158251699317419176181769417591
 220082             174291730817112169761734218542193121892618217171251573814455
 221081             136301324813090131331348814579163261747417852179671795717846
 221082             175561732417041168611713418326192261891818256172151581514507
 222081             136501320112988129321325014253158761705717736180931831418405
 222082             183601824517973177091796818932191721848317671165701529214086
 223081             132451271412422123391242112821135291434415398161501638116338
 223082             160151562915355152371557816631173301696516472157371473013757
 224081             129441254012343122961237012711132021387214595150891527815298
 224082             151151480314537144901495516332174891726616635155511435713233
 225081             125151220812105122231264113919159871714017294172121708416863
 225082             165431634316068159811626717428184771813817406162691472113405
 226081             125981220812024120401239613578155881682617211172841732717304
 226082             171721715117020171751780218807190791856217682163401478613353
 227081             124491198111729116961202813168151471642016855170321718317180
 227082             170611705316885168781731118416190921873518088169781540114048
 228081             132931289912763127811316314391164161759517871178741782417695
 228082             174651730717045169851734518485196021939718774177361624814934
 229081             142011376113635136971409715224171641828918428183181817417953
 229082             176051732016988168291715118059188981849117888170271577514542
 3 1081             136221306712814126131264612956135681437915418162401662016592
 3 1082             163181593115639154661560516455173471695716409156311458013527
 3 2081             127281224311998119231201512325127521348214413150181527215319
 3 2082             151281483714562145271503216230174491722116619155681425013151
 3 3081             124831217312067121781258213876159001702817093170451705417001
 3 3082             168951667416330160981626617220183771798017213159771438912964
 3 4081             120721161911394113401163412766147081588116098162431635416424
 3 4082             163591635416314164701696117845182171777016982157511417912787
 3 5081             119621154111340113291166812819148721621916664168291692116805
 3 5082             165751648116170161021648917313181181780917089159231436513019
 3 6081             122031179111626116501203913285152971641916599165411648716288
 3 6082             160441585115595155281579716666178781771617048159091439413080
 3 7081             122291185211664116791203013249151151621616562165631649116315
 3 7082             160741596615869158401615816953174721700916379154271440812933
 3 8081             120831155311246110961115911563122781326814487153851581516016
 3 8082             160331589915645156371591116504167111614815433145751352012532
 3 9081             117281151611303112381109811359119621247013315141721475615052
 3 9082             151291488814647144681458614975158151701316794159251463013394
 310081             125751217912028120291235413518157901725017508174971748017324
 310082             170831686816533162531633116688172211821917899168001523213777
 311081             128381238012206122331254713687159291725917399173001722717020
 311082             166931642516117158321577816152166801773417416163311502713349
 312081             123951187911661116071187512993151851668116996170801716017093
 312082             169231680316500162861638216604170401785417509164481492613461
 313081             125901214711975120211235713493158091712617330172701712916872
 313082             165741631216034158191588416250168641772917405163341474413341
 314081             124061189611676116151189013012152021658216844167951674416499
 314082             161741596815691154561548115645159661642616038152351406912763
 315081             119231133511045109341103111449123441338314583155181597715982
 315082             157251538915134149451491115071154191595415605148651383712789
 316081             119531137411049108951091111148117091240313506143831485615067
 316082             151051494614684145401462114977155271631816062151811389112726
 317081             119311155411449115001190113173155151689617123171721716617003
 317082             167651656416208159521593716123164591753917290162091466413302
 318081             124471203111902119131227713488158131693417090170401698716760
 318082             164491626115985159011611316634170901775117276161411454413080
 319081             121701167511453114161171312872151251666517044172641747517503
 319082             174061735717221171241734217640178361797917328161131451913051
 320081             121151159911339112601152712573147911624316612167811685516807
 320082             167341669616482163041630516390165791735717137162031479213374
 321081             124341192311722116941202112957145901574416425167861691016802
 321082             165231629615933155471546215553158311673016620158761475013550
 322081             126941214011863117331181812180129521381814897155431568815531
 322082             151681472914306140521401114232146051561415645150581409913004
 323081             121561160811345112421131011654122101297513924145481472614661
 323082             143891377713153127991273612923135011502115320146021347012387
 324081             117501145211371114381185813149153881669516988169901693716775
 324082             164991627615960156551558715801161671729817115160151435812976
 325081             121721176011599116281203013320155431677916967168681678216569
 325082             163241613715827155981561715913164341744417212160891455113075
 326081             121581167811436113871167012759149611625616515164291638016226
 326082             160491593615678154541541215500157101663916558155011391212480
 327081             116671127011107111081146912645148781614616334163171634216231
 327082             160291598415799157271590616225164971702716664155451396012543
 328081             116331117210951109411126712381145311593916451167641704917078
 328082             168941672716511164321650716558165691678116406155671431313103
 329081             122181171711471114111152611948127371364714703153841564615555
 329082             152931490014545143401436014556148871583215910153121438213387
 330081             125171202511793117191178112095125561316514020146151481514819
 330082             146061425813886136941379714120145471565615865149281359812428
 331081             117631142311325113431171812937151151642616774169871721717252
 331082             171891705416851167531692017246173521760217078157881406212602
 4 1081             117361120010939108681111812230143741572916092162231636616372
 4 1082             162601615315972159081602916212162571670916405152481361512161
 4 2081             112631075610547105551091812186143461571016020162121629016209
 4 2082             159781585115604153651537915522157581673016949159191438812884
 4 3081             120701164711493115211190513129152621645816595164771638516177
 4 3082             159531576815540152971527015402156331648216645156681406012676
 4 4081             117821130511100110441136112447146311611016604168421699216940
 4 4082             166811655916348161721623816213161631633316026151221384312551
 4 5081             115881104710778106181068711089118331283914041148871520515115
 4 5082             147881440413985137121362213681138561456614723140701306312009
 4 6081             112121070510461103441034010617110491178712934138481446014824
 4 6082             148991474314534144701472115163155401601415820147731340812187
 4 7081             113921096610828108531121412402145181580816187163101640016299
 4 7082             160881594715599153801541415631159381669916727155911399612608
 4 8081             117101124411055110851145912651146651589616045160271601215877
 4 8082             156881558015353151251507815140153181609316333152881366612312
 4 9081             114021097610833108701120912456144861585016114160851601515869
 4 9082             156801552315304150971507015222155151622816236151351357812134
 410081             112041073110501104891079211849138661515515478155921567515647
 410082             155281550615355151241502514942149021555115877148981325911830
 411081             109031044410207101501044711543134401481915379156381572215723
 411082             156131545315208151451523015292154271564715424144991322312016
 412081             111131058410319102241027810572112801228513369141421445414438
 412082             142491397013694135471357613685136941407314340136491255811507
 413081             1066010145 9866 9690 9726 9975102861106912170130241354713861
 413082             139101376113543134791372414026142211477315066141551291911777
 414081             109901058310453104981086312113139411529015688158291590615842
 414082             156421552215291150311504415104151781576316114151121359612198
 415081             113491094710806108221117312335141361536615636156791569715628
 415082             154551535315094148771483214837148801550115913149201343412070
 416081             111761079710626106491100312130139851521515489155401564815569
 416082             154341536915159149361481914766147121522215746146991320211830
 417081             109121048410301103051063511744134941483815217153881553215542
 417082             154061536615209149931488014770146651513115614146551312911674
 418081             107891031110060100241034111347130251443514950152631552415623
 418082             155511553215369151821504614803144281463015059142371290511590
 419081             1064610107 9807 9664 973710091106021165712782135381387113869
 419082             137421351913291131181313713177131321349213963133011223311115
 420081             10314 9830 9562 9429 9461 9647 98921068111750125821302013179
 420082             131861303712858127741289313119132351370814278134341217911026
 421081             10228 9802 9637 9623 990610813122641370914454148741518315248
 421082             152491523115060148591481714795146241494815406144441287211468
 422081             1052710076 9885 98331011411078126551411214718150901542615552
 422082             155511560015516153261522315080148781511415605146411309711620
 423081             1065310139 9870 98041008710977125091402514835153461581316048
 423082             161221627116196160421599015766154661564316089150621350112032
 424081             110681047410173100911033311207127091422715082155521589515997
 424082             159121591515789156011546515275149861512415651146801310211685
 425081             1071210175 9906 98411008310894123571382714615151011542715522
 425082             155161548615367151041492314574142861444114846140801280511502
 426081             1063510082 9781 9625 9680 9968105131155612618133001361313587
 426082             134061314012921127931284513003130941336813879132581221311126
 427081             10310 9852 9561 9409 9448 9634 99181071411840127841333613638
 427082             136721349813248131471327813553137821417114552136131228211057
 428081             10296 9901 9757 97431005111128130231459915226156081597216108
 428082             161121609415961158981608216375163941645416142149951333011847
 429081             109801053610251101551041111511134461497315459157221598116071
 429082             160191597915788156061564815760155511564216021150311338811969
 430081             110941065310447104221075811794136551501815346154531543215489
 430082             153291522015070148671486814850148261517715935150531348512077
 5 1081             112021077310609106131093211968138441510715368154161551915452
 5 1082             153141525015093149011484614780147281512915750148441323111825
 5 2081             108661040710194101471042511416133001481815340155751576715788
 5 2082             156501553915341151991518915219152061533015308145241325811956
 5 3081             110311043710155100441010410459111051220413393142351457214650
 5 3082             144951423113993138751396114133141981445714581139541287811751
 5 4081             108731032510054 9900 990110076104611126812361133111384514097
 5 4082             141101390313643135081358513809138841405114723139581257211336
 5 5081             1045610021 9854 98871027011327132401468415079152721548915599
 5 5082             155361554015400152701518115062148881505015697147891314611554
 5 6081             1063210169 9963 99011021211173130651445114910152571557415750
 5 6082             157751586315727156411554315390151591526015854149881332311783
 5 7081             1079810254 9993 99441019711077129201441014987153611565115764
 5 7082             157631587715837157141566015467151811539415952149881336111814
 5 8081             109171036510113100171030711278131871475815372157371608816232
 5 8082             162801634016241160981594515662153511535615982150581334311772
 5 9081             1078810251 9972 98611007810969127401430914886152481549015545
 5 9082             154201540515178150321502814991148381480115085143911304811763
 510081             1081410274 9954 9799 983110115107201183412944136401390413898
 510082             136551334313085129141290512986129971318613901135201250911386
 511081             10495 9952 9648 9507 9549 9607 99711084011837125881289912925
 511082             127911255512346122531230012501127111321214072134741216711010
 512081             10181 9754 9608 9612 990410881128241446115065153851567815779
 512082             156661562515425152101520015351153561554315948150021331111819
 513081             108591038110176101471044511363132671471615127153381552815600
 513082             155751559315457153111529315223149561498315607148621317411616
 514081             1064910139 9943 99051017911063129921447715021152811556715725
 514082             157111578715682155491545415266149621503315678148351316611684
 515081             1066910214 9968 99011013511020129351449215026153411562515667
 515082             156061564215594154991547015399152081519215725149621334411843
 516081             107961026210023 99151018310969128161435014956152931553815565
 516082             154761542915250150651511115105149901496415047142951300811718
 517081             1075510207 9904 9795 984010119106901175812882136291395013944
 517082             138051354913340132131321013317133211347713968135631252011408
 518081             10453 9914 9594 9441 9407 9403 97831069811888127111312713337
 518082             133851327313172132151346013784138051391314263135391222310991
 519081             10190 9777 9589 9563 986310753126691428914868151751547215560
 519082             155171545715271151371513715169150261500115469147371319411688
 520081             107271027910073100431033011189131011455315035152571547715595
 520082             155471555015387152861534515432154621551115645147481312411691
 521081             1072410223 9980 99181022311086129741448715023153401565215749
 521082             157331574115551154011535615334152121523815499146471311111602
 522081             1062010146 9935 98861013611034128931445014971152661546515521
 522082             154571549615298151651513215049149021493615455147881324611779
 523081             107641026710021 99671023311006128781443315045153541556315610
 523082             155181547715282150461490614694144131428314661141761296611585
 524081             1060610016 9727 9581 9627 9665102771137912595132861357313583
 524082             134551320812986128741291413037130591306813576133121230111161
 525081             10284 9750 9448 9306 9315 9252 96641058511674125121292513061
 525082             129971283212659125961274112877128501276613246131011206910951
 526081             10111 9585 9319 9211 9267 9289 98361083012045130391356113826
 526082             138681369113382135121367913870138961405914719141021260711318
 527081             10469 9992 9839 97731009610999129901477515615162631693517452
 527082             177261792617721175071748317343170391666716779158371382112092
 528081             110371044510085 99951022410966127871445614955152921556615692
 528082             157011578315709156191565415514151911505215475149391326411771
 529081             1070610135 9903 98551008110820126791427114950153771578015937
 529082             160311612816125161021610915928155571534015710152051355512012
 530081             109491029910113100411022710896126841437015152156471604716241
 530082             162751634116264160941589115562151041493615332147591345112169
 531081             110711044810128 9971 999110124107121184513180142091476114959
 531082             149591476114569144741452014587144971450314736141971305911899
 6 1081             109671035410019 9846 9784 9648101221120512501135231417314553
 6 1082             146041447814370143201442614607145561444714855145121310511709
 6 2081             107571023010027 99631020410982129681474315587161901668117037
 6 2082             170811719217184171471717517039167161642516707161301433612638
 6 3081             115591090710624104961069411420133931523116147168251746217810
 6 3082             179131806218137180771802517765172621691417165164261465912973
 6 4081             118771116810841107021091311854136961538216087164781681516873
 6 4082             168151671116540163991643716395161651599916059152611365012074
 6 5081             111351055510260101671041311336132361491315616160231631116403
 6 5082             163491644416293161571614116028157331557315869153171376912274
 6 6081             112161057810232101401040911215130871478215560160471638216452
 6 6082             163051617415964157841574615532152191504715196147211347112094
 6 7081             110781046310180100401006310227108851211313479144861525215889
 6 7082             163891686317361177601809918285181391795718220180581672415211
 6 8081             139791310812521121081193311689122171365015572172931856819514
 6 8082             200322031720574207772063620444201941990520118197301801416211
 6 9081             149191408713552133061348314268163971867420251217152297823837
 6 9082             243672484525179254122545325110245162382623584226922017317847
 610081             162931525314596142371430714912170101924820849222872371924777
 610082             254522595526103260552611125721250122424824058228942009317689
 611081             160011498014427141381417214599163211810419121198622050320873
 611082             211102142721709219012198121644209962031020047193881737215491
 612081             138751305212485122341231012853147971661417556182291883719185
 612082             192971945119558196351965419349186851805717814173861553813938
 613081             124141164911176109321111411597133961523216237169981756117940
 613082             180941833418502186491869018423178361711916948166931529313740
 614081             126611178211315110621103211051116941303714545158541671017268
 614082             176151784618028181011804617696172281695016980165491527313914
 615081             129821213411709114131127111239114991225413286141821479015125
 615082             151871510214791148011484314915148131478915080147951356612405
 616081             114901077810506104661069611561133911517516025165101697417235
 616082             172411733817287171851718017095169741677216488155981401312543
 617081             118161110110797106761092411564133011514616079167631738517723
 617082             179601819018123179721775717604171141660616650162121463113293
 618081             119491117510751105701075011286130501481815840164491695917230
 618082             172661736917286171041695216755164251612716237157351442512759
 619081             116091102410715105631073011392130991483215895165541705417389
 619082             174861765517614175421747317208167381639216352161161469013186
 620081             119021123510845107181091011498130641486616058167621746717793
 620082             178141783217702176041747017145165231608216013157451458313289
 621081             119251123010849106751064510700113591266714115152531598516300
 621082             164001633416335163701643216551163261597015932157971476213357
 622081             124701152911119108311077910732110621197613347145421559716348
 622082             166931660016311162151633616515163471622216375161371486713703
 623081             124811191211637115621183912667142641608417263180791866219049
 623082             191631928219136189111876918628182101777917716171981584713922
 624081             127911213711731115691182212485140391585117141181241886819278
 624082             193751935019045187181847818159175821700216867164931498013318
 625081             121531144511051109111109411697133431514016288170851783118269
 625082             184921883519033191051914718924183491775317724174191578914038
 626081             127551198311548113741156712174138431569716951178991854118793
 626082             187551881018672185391842318302180221779017836173831575914135
 627081             129211219111813116051179012356140171592017377185051946420069
 627082             203532054620252201251999019521190231855518447181071671215100
 628081             137401287912321120341193911923125991384315285165231746217905
 628082             181401821918187180751796117761173621699816971165551533413991
 629081             129231219011749115001144311434117511278514207155931664117547
 629082             182891863518659184981844118495182591798918075178121649715018
 630081             139231325212817126641285113635150691695218415193842023920862
 630082             212892174321939220202202721822211992047720174195951765215633
 7 1081             142421335812872125041260713143147891674118173192842032421027
 7 1082             214332169721799218132174021218204611978919544188231694015127
 7 2081             137671292812501122671232512887143991631817679187061960420323
 7 2082             206312060520447202552011519957194001864318403180191638514672
 7 3081             132771245411925116971178812283138171568917195183071925119875
 7 3082             202822069220968210092088220539196611871318325177191629514784
 7 4081             135521272012203119101184611921122851297113942147261520515455
 7 4082             155041543415277151771515915155148931453614649144671388613007
 7 5081             120961138010988107711076510850112591218213367144891526415586
 7 5082             156221546915318152331526115351152651504915256151891431713232
 7 6081             121701144211020108071074810746110411197713222144191540916174
 7 6082             167001693317065172461752717795176581739017566174971614314639
 7 7081             134091269312338122071239913079147091668018197193602043021251
 7 7082             218952249122844229982311723032224962184321649210311900816968
 7 8081             154531456214005137131380314400161061824619852212122239923284
 7 8082             238522435224615247072472324433236942286422582218491976417605
 7 9081             160881509714493141911425714816164371858420185215012265423519
 7 9082             240152447824635245902442223997231222224722089214251954017438
 710081             160251513414575142501429114672160621774918863195372014920550
 710082             207582108421302214072141321136204301967019304188231698015063
 711081             136931281112229119241200612484139331581917161181071887819352
 711082             196071992020039200842001019616189931837818316179871654114937
 712081             136041278412283119721191211911125421386015374166051754618150
 712082             183631836618330184621858518576182261763117572173431620114825
 713081             136901293512435121811206111916123211351114812160021698617653
 713082             181001825518349184761865818763184791807818236180241677515366
 714081             142391363813293131811343314226158451777418947196952035920770
 714082             210172120921266212932131921105205511985319676190701719815281
 715081             138851300612505122291237712934144371650417951190441999820679
 715082             210902156721837219772208921901213042056620211196451776215767
 716081             141761327012691124301251213007145271657018004191432020620939
 716082             215052206122455226912282922647219922117720875202141825416268
 717081             147581383713272130551316113734152951744919025203482150222323
 717082             227742328323548236752365023339227052187621613209511900617000
 718081             154251447713905135651364114164156151764819281207002208823101
 718082             237092420424445245912455124131232762236521957208441893817028
 719081             156051460314025136741349513486141051552917390190932043221287
 719082             217812214622348223362223522026214282074920513199741854416989
 720081             156541476314220138411363013511138151483716272176411895020008
 720082             207022108621171210062098921021207182024020241196361810616490
 721081             153131448314042138911411314915164721848619969210552198522712
 721082             231692344423472232622306922772220872133221143203911833516412
 722081             150211406713522132521338414074155921739118479192101983520348
 722082             207112115621409214672146621058203011975719751188831714115371
 723081             140901336712965127721298913716152091698318001186161912419428
 723082             194641949219383192471908519023186831843018488177051627414754
 724081             136211298712667125371271613500151121705118180191931999620358
 724082             202252006919937198231973119593192111873818665179631635614823
 725081             136231284212397122011233012954143171615617605186391950320091
 725082             203992068720859209322095320610199211912618919183871684115105
 726081             137061283412223118971179211835123431368915325167451783518518
 726082             188111894919078191751926319146186131799618040175681626214837
 727081             136601293512436121191196011965121341279514019152461620516952
 727082             174321760917509172731710117047167321642416442158181462013368
 728081             123921185111600115321178012546139531578817083181161906219854
 728082             204182094021216212892125321095205741992519983192791730715464
 729081             140941331412838126011271013384148601683518318194722046821149
 729082             214782192222141222142222921937212732055620462196901771315799
 730081             143781346412916126491274513357147791666518106191612016620851
 730082             213332186022139222092206921681209812048220620198581797016150
 731081             148441401613487132421340214193156551748218763198782091921751
 731082             223892296323242232862309822708220512139721171202381831016326
 8 1081             149391406613507131791326213915152841715118575196752067021278
 8 1082             215992193022149221922217121851211002026720184194611779415987
 8 2081             145771364013082126961256212639131151436515895172241818918705
 8 2082             187971843417926175191730217299170441687217052165651544514181
 8 3081             130931237211881115991148711521117571263713936151361606816720
 8 3082             170531718017214172601732017475172561692417207166961531713879
 8 4081             128171215011771116441184812605140181592117377184581923719754
 8 4082             200382033720444204552051420395198781931419505186211679715025
 8 5081             137071292012532123751249913221145551627817492183801908619397
 8 5082             195271974419847198401979619481188501837218574177651613814551
 8 6081             133211260912231120801227413066144951609917219179161842918725
 8 6082             188581892918858187491874418620181951783817848170271543913853
 8 7081             127361208811701115801181512613139811565016852176611836018842
 8 7082             190671915618927186681849518297177881752417581167141518913722
 8 8081             126011194711579114331161112316135631520616434173121799618441
 8 8082             186381881218798185731812417616171891685616762159561472513323
 8 9081             122451154211126108901086011078114931258613937149841564015958
 8 9082             160581607816101161771631416357160991583816230156901453013308
 810081             122311151511074108171075510758109241179313095143121527015957
 810082             163491648116454164051640116381162201611016311155981438813133
 811081             121141159211319112201148312367136721525316468172231777618025
 811082             180151795917787175401749817448171991697917112161991467113238
 812081             121951153611196110691127112082134261495015990167461732417664
 812082             178371804118087180191802717916175121722917497166221499013476
 813081             123221156511157110131116111939131841487516182170811776818227
 813082             184741876018929189621897418718181521781518270173741572514097
 814081             128901214911701115111167612470138391544116602174501830818921
 814082             192921955519545192801903818774182761794818252173361570114106
 815081             129421220711747115571170712416136701523816507174271822918757
 815082             190251928719300190221866918244177241748617443165881525313816
 816081             126711193211512113401129611498119061292914332154501620116632
 816082             168161678116741165961643316272159071563015901152501417913026
 817081             119731126710840105841051710580107521171713046141781494715519
 817082             158481603416231164901681317063169371681717359166191526213847
 818081             127861210911714115191177812567138511569317335185921964120398
 818082             208662125621474215382158021368207302030020422192281731515513
 819081             141931338412907126541278213530148451663418060190401957619702
 819082             196101967819518191911891318460176561714117267161481448512905
 820081             117941113410770106361081911540127431430015423161451665116960
 820082             170491707417080170351706016896164491634516704157041409412673
 821081             116391101610666105681076111528127951438515631165271719017598
 821082             178151794517994180901829618152176451738917664166501502813498
 822081             123541166011233110741122511978131711484716273173161817618731
 822082             190411925619191191111918318968182501774017844168631532913801
 823081             126201185211381111291106411290116441277414248154111618616568
 823082             168171684616912169601703216918164871629016534157491452913269
 824081             122131151211133108701078010849110201184613157143111509815706
 824082             161581642716583167531699517167169471690617228163001491013527
 825081             125201195311654115721186812915143671606117371182711896119580
 825082             199842032820393202772016119852192241897218820173461538913658
 826081             123531160811189110031111111874132241471015708164121696217249
 826082             173811755717647176331760317456169711686517072159491425812678
 827081             115711100110674105461076511600130211449515504163381694217319
 827082             175331776917858178951792117769173111732917463162611456012976
 828081             119081127010931108111100411924134451496016125169531760918016
 828082             181861846718546184821834117916173331736517446163181465213170
 829081             120431137310983108521101911822132251470615935167841738317755
 829082             178991808618094178821768917409169521705017077161941484313471
 830081             124831182911422112041118711472119361280714068151061576716146
 830082             163081628816265163391646116548164391671916868160991489813635
 831081             125761180111329110181086610925110251186313186142611495315382
 831082             155551555815530155431563515657153491534815470146761359112447
 9 1081             114761086710495103151032010571107961168412996141801498715417
 9 1082             156251567215772159471626516501163271664216800156261398312538
 9 2081             115461098510687106171085111850136251516616194170931785718353
 9 2082             186391897319179191401903118723182781851718395170281518313485
 9 3081             123501171011365112161139612357140761555016516173361799218425
 9 3082             187031906219237192411920118945184711867918518171391531413734
 9 4081             125771193311585114681169812698145431611017117180921904419812
 9 4082             203072086621220215102166321469209592116721039195801752015645
 9 5081             143131350213021127841293113940157861734218388194322040921148
 9 5082             216042198922204221622190821245202762015519835185911704215440
 9 6081             142081350813068128741284213090137301470716120174841849319144
 9 6082             195141967419620194971940319434193261933118841178271641015079
 9 7081             139071312212586122121204512099123111305514373154341617416636
 9 7082             169241703017032170151712717185169611728917138158901432912912
 9 8081             119051133811044109301119012155139291539916363171381774217993
 9 8082             182141864018754187771882718621181341840718094167101489813259
 9 9081             122271161411301111781142312499144471592016828176151819318420
 9 9082             183121804017700175711756017591175551783617367160821438912857
 910081             118071121910850106991088411816135571488715559160631647316707
 910082             167111678616728166601664216522162571673916478152271357212145
 911081             111221059310284102051039011442132501455315170156771615716396
 911082             165261665216565164541642316318161081669616452152331362412156
 912081             112111067210411103381057611546134381482115551160271640416522
 912082             164861644316247160761606016109161521632315842148691361012318
 913081             114181084810530103951046410831115211255313878148731546915728
 913082             157651571315638156041565615697157591632416047151701405912919
 914081             119641136711001108101079511008114621217313386144851523815832
 914082             161831637016495167011701217334175801821517842166591517613847
 915081             129271243712222121681254113784158371738718405190761951819727
 915082             197671988819804196621941519035185261884418262167091481613100
 916081             119641133810981108321102412000138001505315657161231648716679
 916082             167021675316638164931646516439164591711116628153651371912216
 917081             112611073610494103931060811592134531474815371158791633816603
 917082             167181685716843168081680416705165401718416705154131370512208
 918081             112551073610447103571059411611135131478315448159471633316435
 918082             164421647516360162211612315991158801651516089148871327411841
 919081             108891038210120100481032111276131271438114930152951558115667
 919082             156041558815450152741519915035150121562515212142591300711746
 920081             1080710268 9960 9862 990810251108741181712978136991404214074
 920082             139621377913625135591364713813140461467814320135271246711386
 921081             1053410007 9710 9568 9588 9791101811089212036129371346113851
 921082             140881416814199142671450414813151861585815319141911281911601
 922081             107981034010123100941040211473134951484015419158361617716290
 922082             162511621016012158581585215929161451674516070147641313611704
 923081             107811031410062100141028811337133601458415083154231570015878
 923082             159221596415915158191582715786159881666316026147121311711690
 924081             107591029210056100021028011311133151452515012153951575015927
 924082             159501603115984159021588915850160521669916074148261321411764
 925081             108281036610120100721032611328133431459615061154271572515836
 925082             158041587715731155891552615580160381657415991147781323711838
 926081             109101042010177101031037111363134141491815610160651640016514
 926082             164491640816271161251616916264164451639615774147181353012300
 927081             112861070810400102361027810580112831223413534145451517715382
 927082             153341516614995148971501015288156281569515184143981335012287
 928081             113781078910443103011027510418108981159312763138101450314989
 928082             152101517615076151001533215722163151663416021148571354712301
 929081             113981094710658105501083211911140361541116051165351689817046
 929082             170501704516888167231669416761171571742416684153641376612309
 930081             113171074110472103991063011605135811490115510159241626616402
 930082             163831644916339161891615916210167141706516365151101354312131
10 1081             111581063510372103271055611570136951505315649160691639516563
10 1082             166331666716584164571643916444168801715216438152051364812205
10 2081             112321070610407103121052811505135501485715305156031588115932
10 2082             158511578615624154231539415472160241647715899146441319211819
10 3081             107911028310042 99581019211209132231446014957152881559315661
10 3082             155881553315384151891506114983154401574715209143511313211867
10 4081             109781038810024 9876 990410284110381194413045136951401713982
10 4082             138011354413308132001328413585143141469814233134921247711445
10 5081             1057410029 9739 9618 9640 9836103551106812196130981359313851
10 5082             138991380913684136651389114275151161550714898138031247011317
10 6081             1054010052 9841 98311016011261134851483915280155121565515706
10 6082             156311559215400152371522015614164701681416145149101336111973
10 7081             109921052010298102721058711709139361514415419155161565315547
10 7082             154621556015407152781534415595164091676716081147861322311810
10 8081             108661043310227102081051411626138001503215290154491565615685
10 8082             156291567015507153911541115579164611664515961147281315111786
10 9081             108741041310163101371042511445134861489015423157921611416261
10 9082             162351625516146160091597316010166421687616198149581340411992
1010081             110061045210185100771031211255131671438514949153801566415781
1010082             157391572115517152521514515088156081568115039141201292211696
1011081             1071710116 9784 9649 966910013107441157112697134701380213824
1011082             136651343413221131401326313567143891455714093132931231811370
1012081             10552 9980 9631 9478 9454 9673101371079511851126631303713178
1012082             131671302412897128871309713549145681470814144132141215911068
1013081             10239 9794 9580 9529 977210474117381282813808146521515815321
1013082             152641518515019149021502615516163861629415504142331271111359
1014081             1048210020 9787 9713 999611052132411460214986152701556215672
1014082             156631566815530153871539915743166341664815886146741312311725
1015081             108031032110061 99651021211195133301450214893152391550415612
1015082             156071566615565154451543415609164721653115836145731304511661
1016081             1070010197 9958 99021014311201134361483615247155851588516036
1016082             160811615416036160301612216326169881682216010147251316111749
1017081             1082610268 9963 98861013111102132151445314853150911527715295
1017082             151561508814868146691462714788156551554514921140841288011628
1018081             1072410213 9935 9828 994010343111801213613256139391407413953
1018082             136941341413153130631321013718148161481814387136961277311825
1019081             109111030310020 9892 991910159107431145512513133131362813728
1019082             136871347013270132571360114338156401571515160141071288411776
1020081             108721043310279103041064111847142231557115874159641602715930
1020082             157501563415406151891528815838169811687616174149351336611954
1021081             110471058110388103521068411818140991534015552156281570615702
1021082             156281560715473154941580416415171561687516133148971328611868
1022081             109911054510313102771061211736140391550815786159871616216172
1022082             160801604715885158311608616712174991726316568153751376612343
1023081             114061093810747107511104312189145181585816058160881610015952
1023082             157081557215310151501526115825170841711616558154541393412525
1024081             116181116510988109901129312408146481592416124161161605515871
1024082             155891542915175149621499515408162641595015409145791335212063
1025081             111451064310341102531029510690114501236113387140871436914336
1025082             141511393813746137391398714781153651502114413136441265011835
1026081             1082510236 9880 9706 9651 9833102951093511844127351333613560
1026082             136061347213263131891343414131153621523714632135751250611123
1027081             10369 9969 9763 98051017011301135241486515189153751561615684
1027082             156381560415407152391531615926169521666615898146211296811658
1028081             107871029110056100211030011311134951502315473157991609616201
1028082             161401606015834157431598016728174011702916308151221358312209
1029081             113441091510689106551094112082143791576115927160491618816151
1029082             160471597115835157681597316752176851733016679155871393812516
1030081             115781114910939109091120612339146601600416092160731615316001
1030082             157781564515411152761543616182172971720216688156331408212695
1031081             119381145911261112371156112663149401625916396163101622015954
1031082             156591547615159149531501215340158761539414930141751305811885
11 1081             109611049410274100851015610516112781215813115137501398514022
11 1082             138441359313314132321347614308152831497314480138031286211887
11 2081             110851043610201102121040210825114721249113394139201404214009
11 2082             138681367013538137561495816637164421601115286141191293011718
11 3081             112001091010817109011133212614147691602616345164201651016431
11 3082             162621611815899159211684118024177581714316244149331337012008
11 4081             111671074010560105611093212154140241504615429155481560515585
11 4082             155611554315388153021620517392172141668115810145791308711813
11 5081             110001045810194101491046911608136781482915145153781561815633
11 5082             155431552615362154061638217453171701656815736144601289611596
11 6081             107611031710100100691037111471136011490215345156221585815959
11 6082             158951588515756158811675817561173171672015929146741311911752
11 7081             108631041310145100891036011421134071470415160154551569215686
11 7082             155611554115362153551608816848164391577115024140581287811633
11 8081             1073510210 9903 9768 984810206108731184013035138361417014254
11 8082             141751401913933140771498715687153481478914188133871238511347
11 9081             10498 9968 9646 9500 9500 9725101721089111939127231309713289
11 9082             133171323613109132211442115775156201512514445134171218111110
1110081             10383 9989 9844 98641024811428135081476315183152761539115433
1110082             153281529115213152201620517507173631681016017149041347012244
1111081             114071095610772107771109212017133641448515145155141561115585
1111082             154491538215344155351665417716174651689816092148971343912131
1112081             112931088410724107511108912288144041548815624156351566415612
1112082             154291536215281154001659917848177091723316464153341374912367
1113081             116121117910952109491128612421145931579716065161281620616189
1113082             161491615916146164091741418048177241714616386151471362012242
1114081             112591071910455103991069011703137071498915423156331585915916
1114082             157821568515461155321643917156166401596615235143241307311806
1115081             109091035710050 9909 996610350111091203213290141791468214899
1115082             148701469714504145231542516142158141525114628138461277411714
1116081             1078210184 9839 9673 9650 9835102711089811930128081326313577
1116082             137191369913668139621534016570163111588915191141091284811676
1117081             109221055310420104691087412117143311549915769158701597615924
1117082             157901572615630157181698518287181381765716882157271405612668
1118081             118211139411226112451163512857150381614616249162761631216262
1118082             161211606216000161991753518833187331825117528164071479413383
1119081             125051208411926119621234713615158411694717112172231714517095
1119082             168671671916635167951814819375192241880618108169291523613804
1120081             129131248312306123111267813883160791714917380173901734617154
1120082             168641673516598167671799919137190441865117912167721513613753
1121081             128471242712264122871268013848159791701517164171861716217032
1121082             167481658016422165681779718858185801803417402165141529414050
1122081             131341262812396123261247612964137691468815795164301664316578
1122082             163841612115997161601745318518182301769617093162811518114075
1123081             132461270212456123621243312788133271403214948155241575515812
1123082             157391555215423156661712518379182131778317089159611461713380
1124081             125861218712055121191251413704158591702517197171751706716906
1124082             166481653016459166901796218884186791812717295159891431812866
1125081             119171142311160111201139512486146031602916433167001687416881
1125082             166901662116505166691757218191179031740416664155761410512741
1126081             117861130111103111091145312548145201573716225164231648716397
1126082             162411614915973160021711318012177201721216558156151428512930
1127081             118881130010988108621096511408121531307814213150331538315390
1127082             149311417913479131691370114080140791409114010136161287312012
1128081             113661099810856108701113411784126351343014278149251521415263
1128082             151241479214486146041577916733164641603115461147001365512531
1129081             116441114010918108261095611397120911282413742143281455014548
1129082             144181423114132143591562116559163621599215505148421383812771
1130081             119161145711220111381121911538120791276213810147251527715593
1130082             157691579815823161621733517863176341709616248150581361312325
12 1081             114671101710790107801109512243143891578316073161421616416075
12 1082             159001575315563156421699918140179961749916743155071386512446
12 2081             115191104010838108531121912425146261580715952159651599115927
12 2082             157891574715692159021730318459183651794517204160451439912911
12 3081             120511160011430114721188113134154001652716575164811639216203
12 3082             159781587315739158801731718623185711815117489163001462013077
12 4081             121111166111447114331176312916150901617516302163121631816265
12 4082             161841612816020162711761718404181991774817057158911423312769
12 5081             118481136911182112141160212835150511626616426164591644716306
12 5082             161011600315893160721757418507182451771217149162841501013700
12 6081             127241220611943118951208312602135041448415424158261580915632
12 6082             154161525215222155191691317873176231701016444157181461913392
12 7081             124541183711496113621139111684122651303714173150281547315717
12 7082             158451574815678159761756018707186681836117792166631517313908
12 8081             131151278212689127931324014547169011823518519185901858418416
12 8082             181811805717867180211962121026210042057219788185881665815021
12 9081             139631344813189131351343214571168041797518174181731816517952
12 9082             176581750217289174451875019573193071862517810164681466113014
1210081             118991129811002109191119812287144201571116020161961629516352
1210082             163271651316320165991779018455182021771116984158061413012599
1211081             116131115710948109651135412582148291632216722169871718317232
1211082             172051723717197175291881419536193321883618070168061503113273
1212081             120231128510828106381074911549131261432214658149071507215091
1212082             149461485014720148941614217115169421652516066153461421212893
1213081             119781145111206111601133211793125961344614446150491527415265
1213082             150881488814799150431650917719175911719116754161281509113965
1214081             129841243012129120131206212348128911346914399149281512415155
1214082             151301499714842150181662617786177081731316715155841406112641
1215081             116181107610825107731109412154142251553615886160341613016113
1215082             159961590015775158491721118353182181772316975157591401012364
1216081             112361068810417103971075311909141671577116216164511665216674
1216082             166651671516707170311846219449193731893318276171471541313787
1217081             127461220811988119981232013423155181697617355175511767917723
1217082             176381755517354174191867019725196031915618483173051557413890
1218081             127951223811992120011237113579157841703117158171201706416883
1218082             165451642716310164351794819194191681883418360173691580114185
1219081             130631248712222122281260213677156171689217400176261775117841
1219082             178941808718244185391983020569202221943218583174631604114624
1220081             135851305312785127361290513353141981519916349171761751317618
1220082             174641721417054172251853919371191841866218091172571614614939
1221081             138571321112885127251275613034136421446715532164491701417366
1221082             175791757817466175911883519914197161920218440172711574714330
1222081             132931282212673127491318814294161391743418016182101822618153
1222082             179331776717622177751916020489204932017619643185951700715403
1223081             142951373613493134921381514907168991813218412183641813817862
1223082             174801728717132172601868219829197611939518829178901643914828
1224081             135721283612415122631247813290146661595016855173971760517548
1224082             171971689616677166361758817950170401618515622150751430613253
1225081             121241134510824106141069111042116901241413265138821419014300
1225082             141741378213397133371430515272153271526915161147511390812876
1226081             120871166611486115081177212446134941434915204158051607916034
1226082             158521575215647157541698618084177981726916658157581455213282
1227081             122131157211229110891110811426120681281113919148991543115653
1227082             155811525014988149961598516817166031612815572147921371112525
1228081             115061088910532103571033010528110051164012532134481400314284
1228082             143741427814134142571539016417162631580515209143361318112030
1229081             111861074310535105401089311799133211455815299157931607516192
1229082             161321606415935160211721618483183251777617101160821463013239
1230081             122651170211431113341161312456139371519315866162681647916500
1230082             163501619015991160251728218728186631814917561165821520313827
1231081             128041219811923118621211212925143271560116487172211775118003
1231082             179721781917572174571859019753193291856317825170381619915438
