0101091             146821409013677135451359513895144091472815332160061650016725
0101092             167051650916290164191766219097189731855617956171061595414791
0102091             139131340613136130681330213990151651613116916174741768417617
0102092             173791709116834168671791918936186371802017387165121537013713
0103091             132001257412269121231219012552132141386414751154331584315854
0103092             156721538715207153411653917954178771744216985162801526614207
0104091             132691269412424123191236312642131591365914466150861543415562
0104092             155021527715102152791669318162181061760616914157501441713206
0105091             123991197911750117461209113219153211667216946170921722317197
0105092             170461696616801168401792419166190521851217756164911494413573
0106091             127041226412098121281254113707159421726017372174191744817361
0106092             171591698716777169231815519347192481873817917167211509713672
0107091             127511233512128121371247313484151641649417196177331814118319
0107092             182791819917925178411872419513192231856317725164281483213484
0108091             125551211311889118711221513322154181658616725167741687816886
0108092             167551667616535166711771719090190601861018030168701537914072
0109091             131881274912583126171297114115163511752117629176371763817527
0109092             172851713916934169831789019148190161854217893170461588514660
0110091             137501324813018128971300413443143001510916060166371676916651
0110092             164511630616254164311747718615184771795017352165221547114361
0111091             134531290012614124391246212729132321384114767156451631816783
0111092             168991671216390163881736718844187101815217376162641493113773
0112091             129551257012410124451286414040163051759017829178491779117646
0112092             174181724817050170851806119652196811923718509173361581414432
0113091             135691320113016130281336014590168331800318040180071803017960
0113092             177991771217508175221847819567193821882617991167551519413717
0114091             127711233912210123301281814156165561779617921179761806117998
0114092             178211777517674178221887220300202791982719109179351644915043
0115091             141921376713600136251400215145173021854318779188951903519021
0115092             187751856618303183111914620630207022030919702185421703015730
0116091             148941453514385144301481615959181021931919481194391930719085
0116092             187641851518254182481907120347202571976219150182291705115847
0117091             150741461114396143311444414861157151657017533180891818617959
0117092             175921721717038171091795219213190491850217933171541612515018
0118091             141221357613314131771321313453139741460215536164431698917328
0118092             173911722117009169591772318889186541798117270162901513413990
0119091             131751273912541125401282413622149401599916817173061758917562
0119092             173761721717029170221787219373192771872417883166461515813835
0120091             130131265112497125181289614080162961745517646177531777317496
0120092             171821733117132171981805619523195551915618408172941580714431
0121091             136081322913096131481354714696169771815518286182081813817970
0121092             177361759817433175111827519887199861961218853176511611214729
0122091             138581341313248132611360614742169351808118147181481810417939
0122092             176471740217163171161778819327194201898318237170311546314081
0123091             131691271412517125341289214019161731733217474174131727717067
0123092             167861660116371162681690818230181001751716828159071468713424
0124091             124831195511664115601165312039128441373814906157481612416148
0124092             159381560915422155171628917914180481763617182165171558214631
0125091             138421340713203131891330613649142591497215947165001671516755
0125092             166211630416071161991717118739187941832217657165991537614264
0126091             135411323713184132861369214879172051841618584185101841618208
0126092             179541770217410174261809019766199871958118851176251606114689
0127091             138241339613213132351356914702169621805218104180621805717898
0127092             176461739817140171261788419433195771911618382172381577214419
0128091             135081306212852128561318314229159241702817721183081873218966
0128092             189611881918568184681899019995196911886717845164651493313609
0129091             127761244012293123541271713831158701696117167171451711616981
0129092             167381659316386163641694818571188891853817853167781530814013
0130091             132051280912653127041309814279164551751117596175041739017164
0130092             169191677016560165081699818274183091776517120162361509313876
0131091             130171255112307122451239812823136801455115533161081630816252
0131092             160201572915500155441613717719180121757717030162791524414151
0201091             133271279412510123771240212684132321385514789153951559015614
0201092             154931522514975149641555117112171941649915950151621418313050
0202091             121961180211646116881204413244154681661016754167451670516493
0202092             162201609415898158751654018088183241787617082158391436313005
0203091             121551173811565115631192813098153441661916920171731743717541
0203092             175471755317434174931804219368194941899418138168711525413910
0204091             130631267512518125691298214183163621745617598175931760817492
0204092             172771710716914168901747019071195571923518592175111603014731
0205091             139721365413552136191401415239175031858718748187601874918584
0205092             182981812617821178491834919877203431999519373182051672215318
0206091             144631403413859138421419915321173911852018637185581844818106
0206092             177711749817198170741743618746189811851017931170021579314607
0207091             137971337013143130861323213658144511525916175166061665516459
0207092             161401567615323152111561216952170981650215832150001395712893
0208091             120271148511184110251105811304118131242113357140671441114579
0208092             145251429114121141511475816420170641665616051150211380712706
0209091             119691166711563116481208913327155771669116872169011692216793
0209092             165531633916063159941646618030185371814517445162691473213395
0210091             125271209811959119821237613589157621687217016170611705016910
0210092             167991670516593165841713018334184941794317116159071436112985
0211091             120661163111415114161175112886150181605416123160351597015833
0211092             156121547515298152141569217021173391692116209150481361712287
0212091             113901094910700106991099112071141861527715611157751593815938
0212092             159061589215789157661624917444177831733716688155611406812749
0213091             118821141811233112341157912694147931594916333164671653416432
0213092             162201606415829157301606217229177441731616721158971475613616
0214091             127551228812039119821208312502132511404314994155571571715546
0214092             151841475814413143071466915945165441615915622148891396812997
0215091             122391178211557114911157611877123421301813879144571468314739
0215092             145951426814000139371437015791165241619115642148281382512844
0216091             121381177111625116611195912755140101497315701161481634016260
0216092             160021571615438153711580317182177761735516666155951428913104
0217091             123391198511837118741227813359151911627416683167911679616666
0217092             163841616315856156901602817349180981773617049159961464713450
0218091             126481227112117121741254613635153771650216809168071677816689
0218092             164781639516371164651701318112183811786217061158711443613151
0219091             122351171511465113851169212612143321555316098163491645416383
0219092             162201601715751156161598717079176071720516584156491440513206
0220091             124731210511964119821235513397150281615716703169821713217144
0220092             169901685616688165191668417643181991769317047161231492513758
0221091             128671238212126120281215012544131831394614889154501557815442
0221092             150951467514316141941446615690164931615715677149871403513096
0222091             123231178711522113961142811683121351276513675143261474415084
0222092             153321535115337154731602317030172561677716036150241382912792
0223091             120661166111511115551195113116150591620716561167491690516935
0223092             168061666016457163791679218081189321856017867166481514513819
0224091             130381267112529125691291914075160261708117301173071726617114
0224092             168811662416294161631649917713186271827617621164731498713672
0225091             128771249412309123521276113959159871706717210171471710616927
0225092             165151623615946157931610717294182471790617246161281469213346
0226091             125161208311875118721217213264153131647816818168841693816809
0226092             165211629715989157261592016902177741746616790157101421112890
0227091             120331160711389113781165412660145081561515871159501592715804
0227092             155601540515191150911540316310166771614615459145541338012186
0228091             112901073410446103331045610898116361260813776144521469814662
0228092             144401414713907139051430915416162061587515396147201376212817
0301091             120141157711332112441131211629121581292414046149111542315727
0301092             158461570115505154741594717072177191724316512154491426013196
0302091             123821203311913119961238613340147361583516722173841788118158
0302092             182621811117829176471791018888196201906318185168941542014149
0303091             133481300512835128761324714409163031738117576175661751817367
0303092             171241695516697165911695418059192101895318307171671567714360
0304091             136311328913146131831356814739166611767617748176651755917377
0304092             170851687216583164501676717745188651861017943168171527813930
0305091             131391277312649127041310414326162781728717299171241696816727
0305092             164151617015908157591601016913180401779317147160231448213153
0306091             122731182011553115041180312826146991581116101162541635516297
0306092             160421577915456152431536515941168141644115789148581367112466
0307091             115671107610786106771077211136117551266613466139851413714042
0307092             137701342313186131401347714389151141477614258133651249911530
0308091             10720104901026010012 991310037104361089511702125521309513410
0308092             134781332213097129921318113716145611526514899139431269511554
0309091             107291025410065100701040811475136981545015899161981650616679
0309092             167581674016519163451645316760172091770717080158501433612896
0310091             119811150111289112791159312779149161615116264161531607515885
0310092             156701549115231151571538215853165201706516578154371405212620
0311091             115711118210990109901129912291144431608116416165791675416748
0311092             166131647416146159031600216151163631685116352152181385312484
0312091             116041117711004110241140112606148411620416359164241642516302
0312092             160801591715614153711541415709162421728317039160291462213092
0313091             123691195911749117661206713151152801659516788167111666516445
0313092             161661589315542152421516315273156241644916180154491433413106
0314091             121991171511457113541145811854126361346914423149761506614831
0314092             144601400113630133871336113591141001497514775141371321112212
0315091             113541084410588104841052510815113561196212915135611385513869
0315092             136811335613052129001299613355139081502114874139461270011592
0316091             108681050310390104631083312048143461554715851159471604615941
0316092             156991559815307150731525015554161051688116426152461380112418
0317091             114821110210935109431133112472146541589216009158991586015701
0317092             154471528014992147651472514878151621614215877148691349612190
0318091             113681098310804108191115312259144311563415749156951567215536
0318092             153511522114992148181490915186155041621015835147001320111869
0319091             109691051710271102411053411572137171510015478156871588715908
0319092             158251574615538153451534215479156391641716149150901365812293
0320091             114331096410747107261104912089142291551415815159311596515800
0320092             155501533715041147811473414790149601584815702149691386612733
0321091             118471137311152110891118611632124121325914223147501485814681
0321092             143121386813488132321320313467138481484014784141911328512273
0322091             114581097910750106481069810944114331206513153138991417214149
0322092             140411376813569135651377414173146051560115508145651328412092
0323091             113741104610959110291139412567147621606716395165361663016539
0323092             163601619015889156871575316105164871745917233161711465713287
0324091             124461204911887118881219813323154841667516806167651668916524
0324092             162471600015653153701535915577158221667216507154561392312552
0325091             117241132811164111501148912648148121599916046159341584715658
0325092             153741518414909146691460314762150241599015942148721346412108
0326091             112791088810736107431108112221143171555015715157231574815597
0326092             154071530815123150551526015643159711643115984148821340312035
0327091             111321065710417103521060911586136481493615289154211543915275
0327092             150191481214530142371413014078141761488214726139161276711612
0328091             1071710195 9938 9813 987710210109351187613025136851385413751
0328092             134951314012866126931273613004133441412113931132231227211286
0329091             10456 9939 9672 9556 9576 9797103151105912263133291394914311
0329092             144281427614089140241422814593148161521014891138221249311323
0330091             1055110123 9940 99291023711340134761492215385156471586815902
0330092             158411576515553153681542515751159491644516166150161346112078
0331091             112151075010548105391085311956140251515515358153751537315244
0331092             150581493114659144041434914479146891561715660146021315711764
0401091             109601056010384104011073411856139201518815477155991569815637
0401092             154991534715189151281536315794161261653116170149721348612062
0402091             111761067210451103741063511687137581510215386155241554715452
0402092             152171508114851146451461114668148941564615527144321291511548
0403091             1061810134 9919 98481009011036130381443614933152261544215477
0403092             153901527915117150131518515411152301530314939140091282711583
0404091             1068010121 9841 9698 975410093107721172612856136331391413959
0404092             138341360413437133721347613728139261447714417137911279911741
0405091             108901036210057 9926 996510226106261134312310130131324913310
0405092             132011295112672125431266612991133271420514475135651227711085
0406091             10285 9890 9764 98051017511314133161463215077153831574415883
0406092             158891589415859159871627116561164521653416036148191326911862
0407091             109371047110265101871047511531135991494315264154041550015476
0407092             153301523015040149211509515414156541624616066149971350112100
0408091             112471081110607105931091512034140431528515572156571578015766
0408092             156081548215263150771513915369154761609016130150631360112194
0409091             112991087110683106541100012057139871516315339153271531415214
0409092             149931485814589143411423114268143071489415139142611292711644
0410091             107411028210072100331029911166125761369714237145091461614554
0410092             143721423114000137651379413970140811450014388135731249811310
0411091             10457 9943 9644 9531 9567 9883105061148212779137651428514443
0411092             144171424514091140441415914304143301463914669139911299911851
0412091             109691043210123100151007510377107971171512741133871363813640
0412092             134331290512390121271212712353128171387814546138781273411644
0413091             109261058310423104781083011930136821501415461156221570915629
0413092             154361523114890145201441914493146151532215593145201303911698
0414091             108551043410226102021051011595134231471015028151971530115263
0414092             150941496414706144721444814576147001531315486144501296111590
0415091             107051029910104100801041011499132591457614920150791517315135
0415092             149881487414625143751428714305143471497615452144811303711628
0416091             108011038210191102171055111659134251467115004151381520615104
0416092             149331480914537142711420614223141841478215277143691293011582
0417091             107241027610103100741039911400130491428614650148371495814891
0417092             146911454814299140431391013824136901408214407136081252511285
0418091             10346 9805 9513 9401 9469 9798102771125112294129651328513308
0418092             131631292012713126151272212881130281344713585129391193210874
0419091             10034 9559 9288 9159 9170 9371 96531044011440121551252812643
0419092             125991241512196120941222012497127161332113838130261187410773
0420091             10018 9658 9507 9542 984410752121901355614252146061485314909
0420092             148481475814579144821469715122153221562915460143651295511614
0421091             107771031010084100301026711195128271425614948153081560715681
0421092             155861553215361152581536715575156021572815452143951296511593
0422091             1068210195 9926 98521007911004124941390114544148781509315099
0422092             150291499314882147851488715056150311524315214142031284011531
0423091             1063910200 9962 99181017411100126241398414588149011511815112
0423092             149531484714638143861432714365143391473015214143151299011640
0424091             107451028610058 99981026711143125421386114391146761484514789
0424092             146571456814354141461405613890136671385414375136571250311285
0425091             10347 9783 9510 9363 9405 9701101711120812257129511327613370
0425092             133681327713229132421334713469134641369914234136481257811453
0426091             10575 9989 9678 9508 9471 9582 98181068711894128871353013940
0426092             141581418414218143501455414703146331487315265143411288211502
0427091             10537 9999 9720 9612 981010722123841388714618151221555215787
0427092             159161608616090160731608316015156931570416209151171340511788
0428091             1081910277 9998 98941013911021127441441615324160641664117247
0428092             175221781818057180881804817781172351709417209158751399012228
0429091             1104910400 9963 9778 995210733123431374114284146121489414997
0429092             149631498014849147091467814623143851451615087141561264211180
0430091             10270 9807 9571 9538 979710691124011381114318146231492015030
0430092             149821496614780145771445814377142271453715034140751261011209
0501091             10270 9808 9572 9526 973210622123431386814517149281523215315
0501092             152541520515002148081476814662143571436114736139761275711464
0502091             10473 9927 9631 9485 9473 9713102001118612304130221333713385
0502092             132751305412856127551277212888128651318413721131001205911003
0503091             10038 9524 9167 9040 9064 9182 94431025411310121081260012867
0503092             129391287412777127761295413275134591380614086131571179610613
0504091              9818 9393 9213 9194 949610458122521379114438147881511415216
0504092             151761517715009148271482614938150071520315317142121263811238
0505091             10323 9823 9567 9531 977810694125201408514684149861528015399
0505092             153931534715166150321514315365153481540615328142761274311354
0506091             10438 9981 9737 9678 996110894127651423314704149471512915156
0506092             150701507214912147661473114687145811490715345143661279311317
0507091             10393 9878 9638 9576 981810730126371418714809151421544415553
0507092             155601558315476153821535415385153051541415516145171298011502
0508091             1054410025 9733 9642 980510606123451386814596150501537415557
0508092             155121549115343151831511014891145001441914945142731305511657
0509091             1065810048 9708 9529 9573 9782103221141712598134121377614000
0509092             138551372613517134721356813681136721381414209136531265411525
0510091             10538 9907 9496 9307 9266 9228 95291048411590123891273412833
0510092             127751256612397123371241112588127301304413749131731189310706
0511091              9840 9392 9220 9184 946910343121851368514310146491494015077
0511092             150781504714888147051465914644144891458615121142101260911134
0512091             10245 9783 9537 9470 976410594124371393514429147451507715236
0512092             152261520815014148661476914756145711459115041142011268111292
0513091             10334 9864 9610 9590 987610725125561403814576149251523415370
0513092             153491535615189150311497814862145991460615202143811282911326
0514091             10366 9891 9612 9546 979710565124221399214619149961528415386
0514092             153141534115185150601511115285153461539215425143831293611494
0515091             1049610002 9726 9669 990610766125591409314694150981544115583
0515092             156181566015598154541532915077146531446714924143231306411706
0516091             1069910031 9710 9501 9473 9607101881129012508132671368713823
0516092             137711356413334132011326113450135491372914035134501244111393
0517091             10479 9974 9672 9483 9453 9567 99021072911818126571311413360
0517092             133831317612939128411300313313134661363414121133961214110848
0518091              9976 9542 9338 9314 962210546124041401014645149371517615242
0518092             151471504914877147101470214761146551470615165143061276911394
0519091             10171 9726 9512 9491 977310630124791385614297145731482014917
0519092             148801490014785146551460314579143491433314825141151253911071
0520091             10410 9925 9669 9597 986810657124601401514655151231552715806
0520092             159571618716181161041606615925155371536715781150411346511862
0521091             1076210206 9868 97721002410767126301435115212158841653716985
0521092             172031750617628176781767917388168211638216627159001413012364
0522091             112091057810210100091021310840125801430815306160451669017177
0522092             174881766317733177071764817326167151628216457158171438712815
0523091             116541095510477101971008910118105761154912598133221365513726
0523092             136441342813244131381315013232131951315713588132381222911111
0524091             10260 9672 9406 9235 9228 9258 95491034911458124751315313597
0524092             138711386513778137431379213907138301366313987137301273411648
0525091             1065710107 9755 9558 9558 9579100071095912132130701362113939
0525092             140481396713867138751403414291141961417114672141031253511075
0526091             10108 9629 9370 9276 953010213120631367014372148201515915307
0526092             153371533715144149441486014827146411462515018141941265311218
0527091             10311 9832 9607 9553 979410618124361402214661150091532915456
0527092             154201541215264151561525915393152421520915336144091287511447
0528091             10493 9990 9744 9691 992610804126201421214835151721544515493
0528092             154371541115191150601515715278152331518715274143731287211463
0529091             1054010031 9768 9682 993710747125121407614775151391545615567
0529092             154971541015237150581502314905146231450114723142211300011686
0530091             1066710067 9741 9583 9612 9716103051140612642135391406814269
0530092             142811414514015139281396314004138941366113958137131263711443
0531091             10459 9843 9490 9301 9256 9134 95181041511626125791318413558
0531092             137371373413693137051385714050140371384913994134941208510773
0601091              9932 9493 9291 9261 955210292121451368914397148011517715354
0601092             153851546615393152881525615184149251482015157144851290111407
0602091             10423 9977 9707 9639 987910598125361419914967154391587516064
0602092             161051626116295162951635816229158731560315895153461361211965
0603091             109101033010021 99091013110832126141419714960154631590816148
0603092             161671616616004158001569315576152191510815395146751310511612
0604091             1064110133 9867 97791000010811125861421614966154011585016108
0604092             161841629116252161121598915743153371517215555149891342111828
0605091             1078010204 9916 98111003510745124551409814855153241567315821
0605092             157691568915469151951513614994146571441814538140551285111488
0606091             10505 9947 9658 9500 9516 9605102511134712512133261379013960
0606092             139881389613821138101389213985138781374414030138801282711638
0607091             1065410067 9726 9522 9476 9398 97511065911874128741352113895
0607092             140671406014089141801440314609146351465114942144101299811613
0608091             1070310178 9917 98401008710848126401427415118156941620416444
0608092             165901676316768167231670116516160151560615844152671359011972
0609091             109161034510054 99511020010994128041448715180156351599916067
0609092             159961589315694155231561115682154851527915274144181286911458
0610091             1051810028 9760 9701 992910724125421420814866152581558415756
0610092             157861580915668155341554915482152511516315338146671315311648
0611091             1066810164 9874 97621000010781125961421214938153771572115814
0611092             157461573715596154651544315418152171517115383146621319311731
0612091             1076910223 9934 98551008110920126421436215265158041621116404
0612092             164381649616415163091626016072156571530215365150991390112445
0613091             112951057510146 9941 9929 9949105861179913104140381460514851
0613092             148901480014687145791459114569143431418014474141901316611986
0614091             1100110386 9966 9791 9738 9753100021078011868128551354013940
0614092             140881396713798137331385314073140651397014243139091261911245
0615091             10334 9840 9614 9550 983610638124661416815038155611598116194
0615092             162451633816179159871590815886155331531515440147351312311639
0616091             1065010157 9864 9748 999610775125531418114944153111571215898
0616092             159741602915945158381583315708153351505715233148811328011717
0617091             1068810124 9836 9738 994610609123731404014872154091585416122
0617092             162121631116235160831598115782153031501715277149131338211822
0618091             1076410233 9935 98281004610770124701417215024155621599716245
0618092             162691627816131159881599215963157601556915602148851339511980
0619091             110381050410233101321032211101127561447715496161131657216790
0619092             168201688716816166581658616406159481550815541152911404012586
0620091             114131081310426101911014010161107951198513382144381502015294
0620092             153581528015136149721493314941147801471714913145701347612242
0621091             112491059810210 9998 9966 9966102711111212258132651392214402
0621092             145111438314205141061421314388143711438314648143371309711789
0622091             108161033510070 99921023611055127501448215459160621655516806
0622092             168051681316619163731634916363161461589415831150741360512106
0623091             111151056110270101811039111146127771454215511161061658916840
0623092             169081692616833166491658216552163201613216146155261402912456
0624091             113951079110457103201053511267128571453415549161611666116920
0624092             169821702316885166761656216392161171593415995154501404712508
0625091             113781081410522104191061211314128811467415819165971724017584
0625092             177191789617886178291783217731172991697117038167361519313513
0626091             122561153711103109391109611673131141491016218171151790818310
0626092             184741853018293181551811717657169931652916372158711462613114
0627091             119831128410825105331050410517111671242813916151001586516255
0627092             163491623816138160231592315776154251506715168149191385412597
0628091             115141085010435101771010910105103971117912296132511395214452
0628092             146991472514717147021485215099151081495615105148051359412235
0629091             112321066410409103251056411290127701451415746165531721317584
0629092             177841794818044180161809718005176071718917102165831498613246
0630091             119901125710877106951086311457129271470415768165551721417653
0630092             179111815918181180811804917846172721685716818161031452112921
0701091             117781113510785106331081511454129341461615704164241700717247
0701092             172751722117060168571680116725163231592915950154621404312548
0702091             114501079810457103291050211199125431421015359160441663616971
0702092             170681708716937167441658416558163141599615903152731394012522
0703091             113771071010319101311019910380110601226313501145381527115711
0703092             159211592315876158521590515843154851505115047147921379312566
0704091             11462107471028510024 9990 9864103091136512685137651442414713
0704092             147301455214309141661416714083138691347813370131801261211730
0705091             1078710142 9731 9530 9465 9322 96641051011687127491348313895
0705092             141351415614136142531450214745147231447814611145531339112065
0706091             109981039410060 99481011710615120171389115314163061710217492
0706092             177101784817864178451788817835173541683016799163461470513007
0707091             118201114010742105781075311342127941447115522163401695217335
0707092             174591735516939166641673716646161921588515865151971375012268
0708091             112361064010311101751039311053124401410715187159201648516825
0708092             169311702116932167401667216563161701579915753152041376812232
0709091             111531054310243100851024010839122331382814853154601588316094
0709092             161641619416111159711591815839155211519315318150611365612145
0710091             110001036710014 98801004310529118521357514824156621622516529
0710092             166261670716689166261660216423159181538115304150641379612389
0711091             112431056010137 9941 9888 9900104471158412974140621471215092
0711092             151701509115030149471491814782144851424314490142431330312160
0712091             112401064310293100931005110075103711122612458135681440614965
0712092             152331521915163151891535915531154131512615260150171366812245
0713091             111441049910165100441022710833122681408115392162441688917248
0713092             173561747917418172821718917026165501612016184156541413612547
0714091             114321076010407102351039710960123821418215321160731668017040
0714092             171461731617244170651698016821163891601116126156491411812551
0715091             113871075810397102771044710989124351427615521162931694617352
0715092             174661767717783178211790717752172211667916836163941482613132
0716091             119971137110999108151099911674131861503716331172601800418407
0716092             185101872918838188751891818829184391809318177174631582914104
0717091             129751224711820115541165912210136331551416964181451904219642
0717092             200042027320365201391973219233185861817418156174831603114523
0718091             133721250112008117481171011868123321343914933161541708217657
0718092             179971817118271183171831918209177821718017046166561535713873
0719091             126381179711228108711071610569109281194413293144211516215651
0719092             159041599416033161161635716547164321608916306160811472913202
0720091             121041143111056109281109711720132421516716617177171856819100
0720092             192831942419390192481916918958184581795218054174551573813982
0721091             127361201411617114431164112381138341544616460170941753717687
0721092             176551762817425171571709117098168261655116519157331427212833
0722091             118361124010940108511106311825132341496616167169521755217940
0722092             181681848618699187721886018750183021782417997174501576313991
0723091             126941190111484112981147312152136181548416769175761832518754
0723092             187581863618298178781761217449170631679316784158901442913003
0724091             119051129710952107851096411649129221454515730165821719717495
0724092             175411764217534173881732617126166711631116485160111469513209
0725091             120721135710918106691064110723111911239613884151361600116570
0725092             168361696217067172221739317438171571669516905165521532413989
0726091             128981217711719114641139811470117551263313955151631617617022
0726092             176731797918186183581860118709184981821918416177701630914753
0727091             135491278812386122491248313266148241679118336194992051521245
0727092             217402212422313222122206721617208902025720226192161736315528
0728091             142341335712848125791270313358148651684718318194532051521312
0728092             218102224222471225662259622326216712106121061201221816916272
0729091             148611402013501132641340814162157051765618974199362079621416
0729092             218122218422268219262160321317208332051320518194891767115950
0730091             146251386213419132431343914256158271772018981199882072921123
0730092             215092205122295224852255322365216972086920774197971782615813
0731091             143221339912752124291247913050144411641517837188941960019789
0731092             196791973219723195651913118582179621764917583168491557814109
0801091             129391217911709113951129911373118071307814622159351685917441
0801092             178001796818149183661854618566182181760117738171841588514393
0802091             131031227311759114311132211348116041248813721148481571816315
0802092             165921661816480164421664116931170041699317423168681556914121
0803091             130341234511984118121198912740141461612717713188831978520406
0803092             208092116721314213672144421248206231996720056190051702415116
0804091             137741289912365120921220512885142631610817443185771960620410
0804092             209792144921675218052187221682209782023520374193611743415685
0805091             143391349513066128841310213947154951747118983202302146322338
0805092             228032314123000225052221921886211812052320391191761708015069
0806091             136421270212163118711194612504137661552216775176551834118753
0806092             188411898318988188701888018711181831770718033172061563813947
0807091             126901191311431111831129211848129751472316041169701762417951
0807092             181081826018196180751793017643169851643016618158561452713089
0808091             119371112810649103931034710466108151191313239142411480415048
0808092             150751504014971149681502515010147961459014929144201334412157
0809091             112021057710206100471001210091103111119812445134921418614655
0809092             148681484714752147161487815189153091537315601149681391012780
0810091             119311149611236112301158212463139361585117442188312000620887
0810092             215742219222504226542294922938225012196622039207541859416685
0811091             152721441613891136371378014579160141789919377205942169622362
0811092             226942302623131231472307722659218232108420900196181758315791
0812091             144381359913035127721288313668150641667517763184281905819446
0812092             196301975719663194111920518919184941835218452174221591014339
0813091             131431243012043118771205812875143151588416899176051806218259
0813092             182431822718093178751772117571171851698017309165141501213448
0814091             122701156511176109881113411812129921470816149172681822418963
0814092             194972001620364205402065720479198051914119228182871672415040
0815091             136891280612222119161178811956123541359515294168451818419098
0815092             196271987820033201952034420289198191928119416186041711415595
0816091             142761339612784124141220312173123061337014982165701809019283
0816092             200772050520761209602114721185208402054420789197731804416349
0817091             150281418813727134841360014362157401770919412209412230823260
0817092             238282447324449244002439924222236012307323143217531961117614
0818091             161061509314500141521418114897162341824219961214832283723931
0818092             245882501125100249232477024405235352287522838214791952017615
0819091             162411531814760144911456715339167051854720032213142245123313
0819092             239132448524688246712459024207234172280922827214531939017411
0820091             159601499714361140081403614736159701770119174204262155122420
0820092             230992365923822237412372423409226742221422253210851920717353
0821091             160201520814748145821477615627171081891120434216592272023606
0821092             242642479024948248652445223526223672172721408203141878717157
0822091             158431500814491141781408214276147291590217565191022027921024
0822092             213482142021276210962100120747201811983919893190131766316207
0823091             149801413413621132961311613177133351411515412168231805018977
0823092             196262002320231202612036120412201232003120034189881742015819
0824091             145631380013333131161329114147155491722118577196452060421301
0824092             216122198922201222162210221769210892066420599192631733915505
0825091             141681335312838125991266613409147251640717831189721995020675
0825092             211202159321836218672180221493207392039120472191681731115470
0826091             141581333112843126091273813536149541666418150193572036921088
0826092             215912206922229220762169721232206492060820475190741713115225
0827091             137611278812225118601186812517136621507416117167931736317679
0827092             179071814818227181861810317789171651702517096159811441612945
0828091             119181130810949107951095811717130091440815442162111674917004
0828092             169861697116810165121630016106158991599915824149181373312426
0829091             114681081310467103131029410565111101202213257143301496615246
0829092             151921510314813146531462214663145121465214535138521276211642
0830091             1077510207 9887 9715 9705 9894101441087111948129491365914136
0830092             144531459414728148841514615413154601586016058150641373412410
0831091             114511081910461103331052011384127191417215216159691646416659
0831092             166371668116592164591641116313159951620216215149901339311906
0901091             109501040110091100011020611094126041396014820154981606216340
0901092             164451658516591165121648716385160501630416292150691342011924
0902091             109361039810112100061021711142127741412814942156121623816643
0902092             167991698117058170121700516815164111663316596153621370912162
0903091             111681059610310102071041411342129781433915238159521658216962
0903092             170991732917451174991748717244167801699816880156671398612424
0904091             113721077510446103121049311283127031415415269161631687517336
0904092             176201784117902178381777517496168571689016785156911433412881
0905091             117981112910738105171048910733110971199613324144011516715645
0905092             158871594915948159711606016042157721598115923150351382312513
0906091             11478107801033410057 995210056101961087611979128601337513669
0906092             137491364513514134481346713551134671390013871131441219211155
0907091             10332 9812 9514 9404 9465 9731100351075111932130511370714015
0907092             140851402213964139971421614490145911531715260141131263411359
0908091             1049610044 9833 97921008111058129611435915150157771634916714
0908092             169301717917186170971703116890166901718016870155801388412370
0909091             113581083310539104411069311667135291478515420158411623516477
0909092             165771668916643165071642116271159721646816116148851324811774
0910091             1084710316 9995 99221016511107129191418114828153621576615906
0910092             158841597815858157131560915480154291607315721145731300511619
0911091             1071410214 9965 98681011511021128731421014862153261565715788
0911092             157461574815589154641548215532155371572215267143331314711941
0912091             110531049110189100411009510416110811197813202141281464114847
0912092             148201466914478143521443414630147471512714814140701303511962
0913091             110621050710154 9987 996510165105301121712393134231411414579
0913092             148431492114939150241518315381155181612015799146301316111847
0914091             109391037310064100041026211239130591436915176158491634816644
0914092             167861694116971169371694616844166381712316637153411375412263
0915091             112131067810364102381048211460133051460915409160931662516909
0915092             170211714817104170111696716805165771714116648153531372012229
0916091             111851066010345102471046611468133421459315158155761588715979
0916092             159821602415892157191570915677156921625015811145951308611668
0917091             1072110229 9944 98781008811041129641421614759150991542115503
0917092             154821549115334151591514315149152161589515464143331282411432
0918091             1053610041 9782 9717 994910920127191397814618151151551315699
0918092             157051578415719155421546615353152541567715215142411296711652
0919091             1068210104 9742 9558 9584 9907104611138212512132381357013656
0919092             136021344913302132311330913497136781427813958132141215911071
0920091             10224 9713 9425 9279 9296 9550 98911064411711125411298713245
0920092             133761336313288132811351213858142001497514472134041207010895
0921091             10096 9670 9462 9435 973510737126481395714592150921558215870
0921092             160071617816141160571606816026160531659215884146181306211616
0922091             1066910180 9932 98501012111136130821442715057155521604316381
0922092             164621653916430162881623816231164411701916382151471356712135
0923091             111881067310396103341062111674137001504915769163551688217205
0923092             173841763317729176561762017505176481821317632163721474613267
0924091             122871170411380112491151712524145771590416693173611792618203
0924092             181941817117940176651748017152170261742616698153621369412187
0925091             111331056410241100751027511147129081410514721151331542115501
0925092             154361542915252150561490714766148201525414718138071262511363
0926091             10399 9872 9563 9437 9487 9861105041137512470131261339813407
0926092             132761307112897128101291113127136541417113741130071200810971
0927091             10150 9669 9393 9265 9282 9508 99581068511819128311350513924
0927092             141511414914060140341427114638150891529614653136251241111276
0928091             1045710009 9793 97521001110955128031406014834154471590916154
0928092             162161631416212160241596416106165941684316091148161318811785
0929091             1082510289 9999 98901010611041130081419714725151751550415661
0929092             156831572215504154031540115614160631635315616143971284511445
0930091             1053210059 9791 9692 992910895128841415714639149501519015247
0930092             152231516214997148201485715072156461601615392142041266011280
1001091             10446 9966 9745 9681 996210986130741433014734149541514815200
1001092             151151508614916147681486415132157731616815550144101290611501
1002091             1060110101 9858 98071008411041130741428614710149091512715128
1002092             150501498214781145991461814781153361544014871139621276811477
1003091             1055110027 9736 9586 9634 9993107541173413014140491459214825
1003092             148141459114367142411437014644150081495414450136731259311482
1004091             1057210045 9706 9514 9486 9683101791083611909128001332813625
1004092             137301366713543135211366114043148451527914632134821211110931
1005091             10100 9620 9438 9401 973510747128261411014612150011534615479
1005092             154851546615298150941510515285159821629415497142991276711367
1006091             10446 9955 9724 9657 992110937130051418214627148971519315314
1006092             153141537115208150451503915242160341631015602144111282511438
1007091             1053910106 9858 98151007611069132081478015332156821597416032
1007092             158031568815397151581517015350160071620415530143141277011395
1008091             1050910028 9759 9704 997910964130251420614656149401518115239
1008092             151881517715002148181479814950158201606215429143141283411465
1009091             10530 9989 9724 9673 992210848127981412314718150651533115434
1009092             154201540415261150961519915521159081567415036141191294711681
1010091             1072910179 9852 9691 972610074108171166812748135731397313961
1010092             137961353213233130021303413324141901437213891131791222211185
1011091             10362 9840 9551 9443 9482 9721102541091411954126811302613112
1011092             131001294312779127201295813396143231450514042131531206611001
1012091             10212 9801 9591 9592 984410577118831302413954145741485014855
1012092             147101454414377142681447615123161651614515397142201270311342
1013091             10414 9955 9752 97241000411068132351476515264155971584815859
1013092             157351560215375151921523615662165901657715865147291315711751
1014091             108471041210214102051051011610138401507615336154411549815447
1014092             152881520015027149051506015550166121671416083149121336611963
1015091             110841062210421104111071711810140521535315625157831590015924
1015092             158271576815661156301593616525173261719916537153641380012372
1016091             114491095810735106861096011989141141546915851160791619116073
1016092             158431569615404151881524015557163231615515556147061349312213
1017091             112621072710452103691042110831116501253013529141151424114139
1017092             139731367413493134411366514221151181494614432137331278211751
1018091             108901036210057 9918 992710160106781146412576136011428514732
1018092             149681496114867149351524015784164141613515469144201306711847
1019091             110281063110452104351075811900141451540515651157821582715719
1019092             154951530814986147041503415520166781666616062149301344412071
1020091             111841075810585105761089412043142661546715666156951572915656
1020092             154841538815165150321509315514165741648815769146181309211735
1021091             107951034110128100871036111397135861486015138152511540515460
1021092             154021539915244150941517315592165301638015688144841301811603
1022091             1072610250 9983 99091014411199133441464214975151961538815472
1022092             154461547615307151131513515498164011630915641145071303111639
1023091             1070910184 9907 98161005811051131221439314803150821525815212
1023092             150681496414767146211475215326160431568515061142121305611906
1024091             110071046310168100271006910402111211202813170141241461414769
1024092             146851452614341142241437114930154061501714467137271273311683
1025091             1076510169 9798 9588 9523 9681101581070811697125191293113171
1025092             131941307012910128651315113882151421504914441134041217911074
1026091             10288 9831 9630 9605 995411098134001474015088152211538415371
1026092             152701520415018148521493415538166841646315733145511302111681
1027091             107971036210153101291040211483136861512315412156041583115860
1027092             157521566415547155511587216600170901668815939147331317911773
1028091             108371036410125100541030911384135601512815451156841590815973
1028092             159331592615830158981624516802171871677716051148721333011953
1029091             110211054010277102141050011571137591513115321154481553115477
1029092             153371521215026148651491615507166071643815831147581324811847
1030091             109141037410102100401029911303133911482815121152921537915307
1030092             151141500014752145821463615199159591554114941140891292911684
1031091             1075310213 9896 9740 978210133108691177712867136901411114232
1031092             141701402813856137711398814475147461432813955132861230711273
1101091             10390 9642 9278 9215 9289 9589101921109612177128511312413251
1101092             132471312613023131551409215634154911494514180129501192210755
1102091             10240 9921 9812 98751029711545135331469615045152291536115371
1102092             152861519315052150891594917287171201651615665144061293611675
1103091             108481043910259102751062111820136631477315079152201528315244
1103092             151391510114964149411578717108169521636615578143691291611639
1104091             108481047310313103391070711920138601491915156152461532215260
1104092             150811503014901149621595017298171931666315885146831320311921
1105091             110711060910419104001076011880139351509815371154611557715626
1105092             155601555415445154451632117435172601676015976147921331412010
1106091             112071077010576105801091412042139901514915485155671564315612
1106092             154521535115183151681597417069167811620315554146711348212337
1107091             115061105410803107301087011358120871297313827142411424714097
1107092             138231352413340134231441615765155321502614461137021272911713
1108091             108991035510068 9931 995410229106441135212263128411307013176
1108092             131781307212957130561411015651155041498614300132291204211001
1109091             10323 9978 9872 99121034111546136121474615048151811533815351
1109092             152481520815013150021606317251169821634315475141831266111345
1110091             1052710085 9874 98411016511213132281438414805150521526215312
1110092             152321515514985149891597216947166641601815224140941267111476
1111091             1059010148 9916 98771011810938123301348314278147241497915027
1111092             149471488914810148601595917151168971634815606144311300311759
1112091             109581047210262102781059811728138021495015276153831544915456
1112092             153201526715152152121627017370171541666115924147261326011942
1113091             110891063610434103951071211761137861498415401155451567115603
1113092             154641539315259153461627116885164811585215150142011300611791
1114091             109151039110075 99431003410434111731210313258141231460514771
1114092             147101452314384144711528015865154941489614255134321241111373
1115091             10535 9993 9675 9505 9512 9761101871087711906127181319413447
1115092             135301340413257133901472315912157141518114491134161223711135
1116091             10269 9800 9583 9583 991411029130301418414636149041514515214
1116092             151001504514883148241586917177170201645515703145111301411665
1117091             108591042810248102261059511727138151493215241153501529915332
1117092             151501500714945149501610717373172561678916122149871346712147
1118091             112911091010757107691110612229143151548515707156951573615572
1118092             153641520215052151021627517485173561691116225150451354212221
1119091             113921097110759107641111912248143481543615592155791561015581
1119092             154501539415287153451637517339171021657515823146471315011816
1120091             109351046110219101381045311463134551483615351156021574115655
1120092             154211519614910147771564116522161741555014922140941294111741
1121091             108381034810072 99691008010525112901214613146137461393913900
1121092             137211345013267133341450215605153391482614268135101258511573
1122091             107401025410037 9932 998510287108281151212439130771338013502
1122092             135411345313397136341503516167160541561314972139411264111493
1123091             107261030710112101251048111615136921498715411156611586515903
1123092             158441581515748159671703817743174751694516162149361340011949
1124091             110581053210291102471056211641137111503015406156411579615824
1124092             156861560215446154911656317374171481664715925148211337111967
1125091             109691044310159101151040611355131701451115164155441577015821
1125092             157361571515616156471656217125167321612215439144061312411736
1126091             1069510080 9749 9585 965010024107681162812840138441443114603
1126092             142571343512666122661274713113130541296812791123751167810816
1127091             10103 9684 9501 9523 974110302111591197212937137291423814503
1127092             145351442014316144581546316041157371524014678139011289811799
1128091             109551043410123100061006810429110901179612843136261395813991
1128092             138371353913326134291470615733155251507514563138931291611859
1129091             109891042910128100171005710328108281138612279129571330413403
1129092             133931327113164133711493616208161381571215015138991256211374
1130091             1056810118 9911 98961025211371134581475415157154661574815866
1130092             159201591615879161531725117935177181723616488153061383312368
1201091             114111094310778108211116212368145321565715899159831601815930
1201092             157681568715554157401714318240181291767516978158061415712682
1202091             117471125611044110311138612577147361581815989159211587715762
1202092             155761548615375155781702417910176881719416460152971361812136
1203091             111301062510376103261060111719138211510515295154381555915543
1203092             154111535515232152991648517351171271664915931148041324611760
1204091             108041032310119100851041711506136291479615121152291528015202
1204092             150301493914753149061624917114168311632915769148651363412333
1205091             113381075510459103451044910883117071265813790145551484915009
1205092             150341502315076154061661817276170611656716052152411413212961
1206091             119521133011003108721092211221118111245713419140971442314600
1206092             146551454814497147661650617854178041741216789157171426912836
1207091             119721153411374113861179413027152991655416816168881685816872
1207092             168401678816728169841839019346191891869217907166341486713305
1208091             123111179611627116261198313209154661659716671166011652716393
1208092             162081612216089162381778219052189801857017901167191502413446
1209091             124081190411700117081208513218151321654317170176401796918162
1209092             180831786017653175321863019430190431836817488161691448412942
1210091             119361140011202112011156312681148781604016159161991621316138
1210092             160411603615996162671776419000189311856617968168901529713771
1211091             128211239112208122401262413785160061722317471175511753617447
1211092             172751720117128173151871919739194311887718278173091598614589
1212091             135141292412622125241265113105139771489215856163581643116326
1212092             160431570915492156931719918377181711762817151164411537114162
1213091             131601255612259121921227312593132131388114815154141565415825
1213092             159841601016051163941767118305180921757916811156311410612725
1214091             117691128911104111391154212729149421620516454165311643816286
1214092             160921596315870161231779319002188861840317683164551474513048
1215091             119561143011166111091142412564147481606316241163281636916306
1215092             161351608515934161201760418656185501811617475163431468813122
1216091             120851161511476115301196813262155951686417019170861709617009
1216092             168451681716770171181863619849197601935618795175971597614339
1217091             132881279212602126391306814351166621792818135181921820418089
1217092             178361771617623178691946520790207532044119898188491717215596
1218091             145301401613806138101415915299174621867218831187591856818288
1218092             178621759717367175111897020048198281936018816179841670215295
1219091             141191348113156130661319313645145461561216720173111745217372
1219092             171401690016794170581844819348191351862418039172481605914883
1220091             138131318712899127471280113052136281440915505164801704017402
1220092             175951752817375174981904320076198461935218645174911601814564
1221091             135861311812943129361330214399164271766417990180391800217863
1221092             176311748517336174751890120285202401984719247181221652514928
1222091             138141325613012130231339114503166211782917984179441787517717
1222092             174271727117150173551881720164201551983719282182791671215119
1223091             140161348413247132521360414684166981798118288182991819417994
1223092             176531754717448176261901720241201571977919232182591681715236
1224091             140111325612855127071287113493147121580316670170721707716857
1224092             164011608015849158521699717810170271629415862154601477113815
1225091             128311212511764116321171612087127921358814451149601515115228
1225092             151121476714422144041525515730156281547215265147771387312832
1226091             119711143211170110761116911522122321299913985149111551315749
1226092             156781541615239154061659417327171271665916111152751413712900
1227091             118741122110861106941067110850113271198812926138351438914656
1227092             146801448414211142051539516629166081625115724148981378612623
1228091             117751132911152111821152812397138561504715842164071678316859
1228092             168811686916706167121779819011188651835017667165761513713782
1229091             128041224911984119611228913230147851602216889175041788817997
1229092             179291788517823179931934820766206912020219549184691701515631
1230091             146011404713776137531404014840162751735617985182701831418147
1230092             178531756417318173511852219727195201903918401173521592214477
1231091             134451282012504124321266013396146531572116495171231751517607
1231092             174691726116902167351778918858183451742016519156401475113957
