0101101             131771247411987117311174512045124951281413428142101483815136
0101102             151631503514929150891628417345171331664016100153231430713205
0102101             123391180211511114211152611915126111333914295152111577716036
0102102             160871594015827159881722718404182941782417309165091547714388
0103101             135091297612695125651259312925134791402414930158311640716804
0103102             169581686716764169681831819422191961862317795165721515713912
0104101             130951260812414124571284114008160121712217324173691739517355
0104102             172361708116915170581822019654196331919118483172911568514284
0105101             133791293012734127191306914152162331746017593176851773217682
0105102             175551742417251172811836419651195841913118382171561557914141
0106101             132241274812552125221286013993161411733317365173311734817264
0106102             170731694816805169451812419511194871903118351171801555814129
0107101             132641277012564125591290113988160881725017312172601720817080
0107102             168081664716452165091757518963189301851617889167741525313886
0108101             129891250812286122741263513727157521703917351174551751317471
0108102             172801718817050170871803619066188341830517668167621558214349
0109101             134291290412662125551271113152139881481115774164121663816571
0109102             163181600315820159531704618448183731796417479167681576514741
0110101             139161342713180131091320713534141481478115683162811653216608
0110102             165451630216127162201740118864188591841417780166861534614201
0111101             134931313012994130531347514656168861806318166180911801417874
0111102             175891739317157172171825719652195701904318260169721538613981
0112101             131361270512500125041282913981161481734117418174271749217425
0112102             172121701616913170121804919573196181923518511173721591914598
0113101             137681334913182132311359914780170151822318327182831825218125
0113102             178871779017635177251866119839196811916918386171351554914141
0114101             132671282912641126541301714143163791757717634175201739717196
0114102             169171668216451164751734218824188121840017744165591502013674
0115101             127801227912053120491239213442155291674516924170241706516849
0115102             165341631816116161631697417860175611698816334154451426613070
0116101             121671165011420113391145911872126761350414411149831516515057
0116102             148021440914169141851508016504164191597315465147491382312843
0117101             120121149611267111761123511550121231279913749144541480915043
0117102             151701514215080152821628417186170271641115788148591377712809
0118101             120351160811412114061170412550138921505215926166541716217326
0118102             172451697916689166021741818728185111792717092158631436213039
0119101             121581170911504114971186312950151381642716665168281701317047
0119102             169991696016803168021754018613184441792517161159761447613111
0120101             122261176811554115691195913071151931636916502165421664916692
0120102             165951653516343162871705918515185091806717334162121471513377
0121101             125361211911926119471231913471156711682316844167541668516530
0121102             162711611015898158881666418223183171792817346162501479413517
0122101             126931224612051120841243513571156991691017059170581700816777
0122102             164801630516087160961681718012179201738616791159431482713625
0123101             127671228712056120081215012610134761431115224157321585615685
0123102             153471494014659146311535516939170071658416115153951444613492
0124101             126831222911990118931195112220127751340514351150241528415364
0124102             153701528915257154451633717412173121672516024148991364012426
0125101             116051115510940109271126512332144081575716073162601651016646
0125102             166661667616520165741711317981177491708716227149981354212183
0126101             113491090110691106821105912213144181572715879158771595515975
0126102             159091588815814159041655617974180751763216919158071432112998
0127101             121551173711554115711196513163153501648616550164901644216323
0127102             161441609016008161281680718157182641786117199160601466613305
0128101             124131198311803118431221013402155961674916898170571719317184
0128102             170931703316814167681735318695188971865618137170591563014407
0129101             136481330013175132421366114815169441814118379184351847318419
0129102             181551798017780177921839119798199021942018839179161672115539
0130101             146951423114002139471406714488152791611417101177031788317756
0130102             174571710316908169231748118691186461814017592167941582114807
0131101             140101352713268131761324813566141451479615671162541645116465
0131102             163051601115742157851651518179185071815317494164591517714001
0201101             132061282412682127181312614310165091760917719176751765117482
0201102             172231701816784167561736918982192891886718125168941541514090
0202101             132151278412649126981309214297165151759717679176441763417489
0202102             173071717616964169881762019071191901876418057168471530313985
0203101             130821263612439124271277613924159941717917452174311739817251
0203102             170371689216805168841751618797189221848717789166221511313790
0204101             129751257312427124621284914045162291731817430174181739717245
0204102             170051680216589165501709118629189631860418022168721538714078
0205101             132401282312662126941307314229163311741617537174271728217075
0205102             167841658116412164201694718083181151758016956160951490613747
0206101             128901244712235121981233612801136461462215795165801691316901
0206102             166731635816173161761666117870180351758417058163031535714324
0207101             135381307912876127981286513182137771441215349159481617916249
0207102             161261586515659156891628717824180591737516842159911503213797
0208101             130031263112516125661296014153162441738217597176721767717530
0208102             172551707616854168391735118838192661885718135169351543314055
0209101             132051280312629126641304014208163761741017441173271719016950
0209102             166251634016077160551655417994184461803117331162111474613430
0210101             125661214611898118911221213246150181617316738170761738417569
0210102             176231757917430173541780919062190341832617422161721473013427
0211101             126141220612013120241238313500155341659016871168731683116680
0211102             164461626116003159181631917678182421790317318162551486113614
0212101             127761232812164121951254613688157511677216963169361689716679
0212102             163811613015834157011605217252177161733616762159121484513755
0213101             128991236512134120661220412639134191423115246158201588415734
0213102             154091505814876148691532616546169011648915984152581432613352
0214101             125161201311767116751172011980124881308213954144901469614751
0214102             146531443114293143791492116180166161615715593147641370912721
0215101             119801157511407114281168212450136571460215406159451621816194
0215102             159291566815398152961570617119176271718116521154171418413015
0216101             121641171711523115191188712889145231571416441168551717817345
0216102             173121724117060169421728718404186401803717209160641467713421
0217101             125741210811901118941223213216148521590916309164651659816593
0217102             164751643416309162771665517764181271765417025159351458313299
0218101             123961190211632116021194712978146301574616210163191635716272
0218102             160401587515674155551587717046177091737016776157891447913234
0219101             123641185711601115621188212863144521561616241164181646116345
0219102             161361592515695155371577216743172591681416228153601422913087
0220101             121731169711414113071139411816124721323914150147071487714785
0220102             144781410213816137361408815273159681561315131144201349812543
0221101             117321123810994109081098611293117601238113369141061441914511
0221102             144411421213996139961448815882167901648915882149241370612588
0222101             118661151611399114391182713006149771606016281162401620116038
0222102             157881560515383153391577516989176411722316542154121396412669
0223101             118811146411260112091155612669146661585316256164561664716730
0223102             166661657616450165321704918061182571775416973157861431712999
0224101             121701171611489114641175712798146621587516388166391687416996
0224102             168771680016622165471692317819180871754016767155601409112757
0225101             118961140711168111281142612526145001578916217164621663716658
0225102             165731652116425164981695517851180291759016833156531405612325
0226101             113061081910626106551101312037137541486415394157141599416084
0226102             160011590715733156971603016735170791661516021151521400512870
0227101             119931147911203111141118711579122251299813998146611500915027
0227102             149091469214568145811488515781162981584515365146711371312719
0228101             118461135111081109741101011277117391240513380140781444414624
0228102             147131467614609146741513616068168371648915866148241358712473
0301101             117161135011205112331160912754147461590816291164131648116412
0301102             162081603815781156941603017049178251743616685154811403212681
0302101             117911134811155111471150912639145461563915805157941575715647
0302102             154721536015192151391548116593174451711116425152731383612532
0303101             116851121611043110321138412552146471598316389165611667616693
0303102             166281656616444164681682517726182021779917042158571435612984
0304101             120971165411428114091175012884148241596316260163471641516373
0304102             162161613816013160181636817287179071758916879157521428812942
0305101             120541160711384113751169612814147291591716223162861626016124
0305102             158441563415321151491528615994168921656116014151801405412929
0306101             120941162311415113501146311964125791344514253146971475214514
0306102             141491374213426132621345314277153911512614675139831304912098
0307101             113651094510709106391073411059114321217512999135071368413679
0307102             135331323812979129351331914331156721546214818138551264611579
0308101             108431045910321103781080012034139141508415324153831545315395
0308102             152111507414861147171490415703168111652415822146351315211847
0309101             110611064510515105511094112143139881516015362153991542115333
0309102             151741506014857147411493515701168841670216030149151345512185
0310101             114061102810884109441132112512143681546615591155341551115402
0310102             151931506114840147181488615640168191661916001148411335312056
0311101             112351083010636106401096112084139471513815454155621569915668
0311102             155461553115416154321578516565171541680916087149521346912151
0312101             112541081510623105961090111969138261510815529157151583515748
0312102             155281539515184150881527015845164951611015531146441350212371
0313101             115051101910772106881078911315119251293614145149291527415380
0313102             152431505914968149381519915773160731557014718141601303912204
0314101             114451122311001106191052510660109891150012418134021405114584
0314102             147981471514555144931467515100156091602915539146191342412277
0315101             113801089310675106601097511986140241551716010163141661016742
0315102             167261667416472163761649516860172261760017046158711432812897
0316101             119091137011126110771139012410144641559815747157521576715651
0316102             154281528914995147621469414831151931629516070150511369712352
0317101             113931093210754107751109212144142571543915606155241549615406
0317102             152151510514892146891459214627148131577515615146261320611873
0318101             109671050910329103221063411705139011496915154152121533315294
0318102             151431506214843146511457614598149041578915411144541306711710
0319101             108171031510101100831035311370133801457814894149931512515081
0319102             149401485414619144061423114143141921494614731139541280511628
0320101             1067710132 9832 9705 979710198109411176412822134851375313684
0320102             134291313512896127951284312998132321407213890131721220711177
0321101             10313 9767 9482 9354 9370 9606100681068911739125611296413168
0321102             131861300512796127041285913263138021478914530135481227311151
0322101             10342 9923 9752 97391005611119132811466815150153521554215583
0322102             155651551715394153781556715951162411655215936147671325111858
0323101             110031053110307102761055611626137951524015699159481613016152
0323102             160541591815755157001592716308165481678416216150481359512203
0324101             112621078110570105231082111915140381534015681157931585515789
0324102             155711543715170149741493015061152401613616035150131354112159
0325101             112761082210608106081094612032141091521915348153281539515292
0325102             151511506914898147831481214946151901596015715146601320311804
0326101             109321040910171101411042511482135621499915560157851593915904
0326102             157071551815218149601484014866150571583215790151081404812893
0327101             119911146711242111751131511797125641343914405149591508414918
0327102             146071415013748135211353113770141231504915065144511352612487
0328101             116631117010908108191087711111115811222513156138521419914293
0328102             142711406113839137911407314637151331567715322143031296911767
0329101             109341048710279102481056411681138171524815747160241628416363
0329102             162981617915950158791611616476165821667916119148981337611982
0330101             110761058610336103001063711734139011533215839161671644016513
0330102             165071648816311162401636116648167451697116427152861381612409
0331101             114661093010670106201087111874139091519315592157841589715841
0331102             157311568615519153991549215702158581640816168151251361612230
0401101             112601071910483104251069411703136441484715231153571542515322
0401102             151521501414800145661447514462144881526815342144661310111789
0402101             108211030110039 99691019411035124221351714166145161471314693
0402102             145691447314266140511395613954138881449314512137681263811491
0403101             10550 9999 9705 9562 9612 9950105021142512548132871361313626
0403102             134881327213072129721303213146132761403814141134931248611333
0404101             10376 9776 9440 9258 9258 9482 98981071311818125971297813090
0404102             129661252812131119161186711981123211350813849130941193110813
0405101              9980 9538 9330 9302 962010662125161383514408148141516915269
0405102             152511523015061149181486514909149031555915613144831293111503
0406101             1054610045 9782 9735 999511017128951418714699150681532915413
0406102             153651533815189150321499515043150741558615481143841290011463
0407101             10508 9963 9731 9683 994810978128441409214558149161531615646
0407102             157931596416017159911598815921157351624816356152071359512075
0408101             110831048910142 99981021111170129591426414831152021551415640
0408102             156391564115472152591516915111150501558815539144781297111564
0409101             1064510134 9891 98001004110996129131433114878151921542315484
0409102             153461523815029148891495115025150051520014962140901295611690
0410101             108111028710015 9886 996110370110561205713147138191403813971
0410102             137061336913071128791287312999131151372814053134171248911392
0411101             1053010020 9724 9588 9599 9845101731089211847126491305213187
0411102             131781300312798127161285613127132891400614324134181212010914
0412101             10103 9703 9534 9520 986310979128121407414492147731499115036
0412102             149581490214712145511452214590145771515715360143151279311437
0413101             1052510110 9927 99081019911307131041441814753149091501914992
0413102             149031483514660144521441114473144981512115411143741291411561
0414101             106551020010019100141034011439132481456814855149621506015078
0414102             149701492714738145731452014524144391493615315142771282211426
0415101             1048910037 9824 97961007111137128441410614494146741484314901
0415102             148241479914626144231433014317142901490015146142231273411418
0416101             1053310082 9867 98031009611079128491427914873151741530115290
0416102             152201515914982148341493815106151511533115104142841310411879
0417101             109891046310182100281005010406110431203113176140451445814504
0417102             143211405013779136321368113942141181436114328136591268311623
0418101             1076210239 9955 9815 983810092104221118912174128641323313395
0418102             133621315912963129291310113382135981407014238134331231011217
0419101             1040410001 9847 98501016911081124261373114372147141495614951
0419102             148101468614452142451423514290142381464715035141201276011426
0420101             1053510082 9877 98351013011099125281387014445147401497815039
0420102             149791491314760145501445714438143131466715002140401269311333
0421101             10444 9971 9735 9682 998810935123421368814312146811494715028
0421102             149691493014741145651445914370143161478715029140881270011358
0422101             10436 9936 9686 9606 988110767121531357314253146691498915160
0422102             151401514514968147451468914602144801472814936140241266711348
0423101             10417 9912 9659 9605 985610721120711347314189145721482714871
0423102             147281464214454142421410713959137951403214419136591254711351
0424101             10449 9902 9624 9518 9624 9960104711150112418130081324113188
0424102             130091276712557124501249812641126801306213539129111195210917
0425101             10074 9567 9274 9155 9193 9361 96331043511469122991281913120
0425102             131811306512903128251297613317135951396414153132221196110777
0426101              9941 9526 9349 9332 962510642124301388214420147121496215065
0426102             150011496114784146261466714861150051532215256141841267111282
0427101             10396 9954 9730 9668 991810872126901413614621148761511615189
0427102             151321508114937148481496915150151981537815488145331307911736
0428101             108431040410204101731049211518132921459015012152671547415478
0428102             153401526215079149661503315228153151555315767147881330511917
0429101             110351057210344102941059411566133411456914824149151502615010
0429102             148811479614581143311426114259142161452915144143241296411621
0430101             107421026910046100031028011179128291406514474146961487714907
0430102             148271483214703145491447914301140201411114557138881272511479
0501101             10505 9961 9652 9511 9552 9806103711145112506132181350813604
0501102             135831348113386133581341713500134191370214135135231251911424
0502101             10474 9912 9596 9440 9418 9541 98281064111748126551326713760
0502102             141731438814497146071495315297154171575616304154601408712758
0503101             117701120410933108531107212093139371555616337168571718717305
0503102             173241754817639175421723517022166961654916860157901405812429
0504101             112951070210334101811037411172129231450915297158811641316668
0504102             167741688616716164881629015934155301539015652147231319711717
0505101             1075510202 9902 97851000610842125901413714806153091564215830
0505102             159151608816133161551614615981156941556816095151351351911965
0506101             109231034310050 99401018611065128211437715057155091586416030
0506102             161171623616169160361596015764153801524915666147471321811743
0507101             1069910117 9834 9759 999810742124391388214491148621514815242
0507102             152471527315170150171494614759144521439814836141431292711579
0508101             1064710034 9724 9583 9629 9924104251137712644135861410314308
0508102             141461394613767136111363513718135941354513862133641234011272
0509101             10329 9801 9509 9359 9387 9446 97991069511790125601290612968
0509102             128371260212408123351246912719129611348114120135061231711151
0510101             10315 9896 9710 97101004011017129011430914789150301521915236
0510102             151481506214866146891468914756147281488915401145441302411623
0511101             107351028810104100911041211364131581446514802149431500015092
0511102             149811491714790146661467814735147281494615340144591295211500
0512101             1055110104 9871 98331009511060129291438614895151511535315422
0512102             153531529215146150831515915276152201525715512146531315711712
0513101             107681033310157101371043511362131911449014819150221521715228
0513102             151521516715040149091486414802146141478215325145531308411644
0514101             1060210093 9838 9756 995610812126031410714702150361528515338
0514102             153041530215222151661516715015146931459415018144431325111947
0515101             1094610295 9949 9748 9740 9867104631164212820135171380413830
0515102             137021351213355132511331913450134321343613892134501247911427
0516101             10464 9876 9567 9380 9380 9350 97021057611708125591299913248
0516102             132971318313068130811326813528136131371314265136561235011095
0517101             10148 9705 9517 9481 975810563124091395114666151361556515774
0517102             158081586815750156301555915404151031511915528146181304411561
0518101             1058010077 9807 9737 997310807125851406014632149771528415433
0518102             154121539515205150801514315307152961540315407143911288611580
0519101             1067410179 9918 98431008410980127731425714824151771544015552
0519102             154871547015310152101529215385152731524915384145101302311605
0520101             1063810163 9923 98331007110859126801418214817152781569815942
0520102             160681627916353163901645716346159971579316241155921397412375
0521101             112341060710270101391035211033128391446615305158811632116534
0521102             165851665016542163731621015833152291486615138146021331611933
0522101             1086610259 9912 9726 9735 9848104981162512780135351396514203
0522102             142431416314075140701412814178139911396014408140181297011813
0523101             1083410252 9903 9717 9683 9704100321088112001128781348213875
0523102             140971416414144141631434114567145951460715085146041322211878
0524101             109071039610111100631032011106130171473915663163781697117414
0524102             176201785217961180281810818019176221735317550167701496713272
0525101             120721136310956107931099411700136481548616607175091837519035
0525102             194891989720112203062035120141196591920819222184011643414474
0526101             131601238411933116891183312529145421646117761188871997820865
0526102             214782203122452227222282322531218902129821264200411764115340
0527101             136581265212050117371181512435140321542115969164281692317272
0527102             174251763117756177791776917482169211646416540158871421012554
0528101             114261082610454103081046011037127731442915368159311636716579
0528102             166091670016630165231642616201156791523315424149511364012253
0529101             111451045010058 9882 9873 9911104471151812744136841428714663
0529102             148331482214792147281470214814147251456114841145201348412267
0530101             1128210653102971008810016 9903103371130112491133811397514343
0530102             145591458414613147111484614936147091440214674145661362512324
0531101             113211065010276100581004110040105701161512823137951441314829
0531102             150121499214985150421515915242150701491015304147771327511872
0601101             109251044310220101921049911353133241505516092170051784318558
0601102             190201939919273189451884918670183271795317838171591537213596
0602101             123961167811256110311117811859137381546216458172271789518378
0602102             187001903519145192301922918899182691770017771171101525113479
0603101             122871160711277111521137212168140361567716509172391797218512
0603102             188821920719374195561969819544190061863918659179231606314234
0604101             128781205911618113841153912229140321574716688175711842519003
0604102             193831973119933200471998719513186811801518057175591604314411
0605101             131341230411816114971148411662122811331914725160701709917800
0605102             181611833918539186081852518439181691780817865174711618914667
0606101             134131259212062117231156211513118411276513978150681587816488
0606102             169231716017281171831702317130169371634215964152161366212145
0607101             110341044910159100541026410942127501437815203158231632316597
0607102             166911673716644165801652616368159371561015718152341363312044
0608101             109991041410106 99961018110850126261419714989154991590616079
0608102             161001610916022159431588615781154411516415353148701335811865
0609101             1081310220 9903 9787 999610689124181401214770153111575815938
0609102             160191600615784156491564215634154201525015276145541305311657
0610101             1070710208 9976 98931013010946127411429914984153971577715927
0610102             159181598715978158471585715839155971539315472148761342411991
0611101             109771038810064 99721017210880125871414014889153571570115854
0611102             158511583615746156291558015320149161458214727145791342012062
0612101             110231044810100 9955 996910094107131184413086139951450814725
0612102             147381459314408142711430414427143601425114396139991298111857
0613101             109571037210034 9851 9822 9860102031103712192131801383314217
0613102             143291424814101140271416714408144821451414717142831300511747
0614101             107861026510028100001028011112128571449815372159251643116748
0614102             169211712917130172021728017229169531667516690162051456312885
0615101             117281103910608104041052511165129251459615528161291666316994
0615102             171481737317465175051756417386168501639816414159871435412666
0616101             114781081110459103021044411100127331436415290158811641216792
0616102             169011698816901167481660316443161081597616120155721409512630
0617101             116811116110887107831103711807136571553916478169371716817339
0617102             173741741917229169841676816517161751592015987156391424212778
0618101             116531090910535103831053411124127791464715922168801770318313
0618102             187111915719461195861966419451189901828217974175631602514317
0619101             129291199111438110941096010916116681307614662158921667317105
0619102             173171737617472176101775217713172801665016430162491511213716
0620101             126001186811455112011113511043114921258414065154831678417843
0620102             185661894419175191181914819124188931863618689184601683415017
0621101             136621283212365121251222412785145881669018222193602031820941
0621102             211792150021759218902195421819212172050520073193591730615151
0622101             136571273812180118911195012491140681583716987178761881319434
0622102             197562012120132198181952819136187001832418377176861604714397
0623101             132301251912154120051221712991146851659218077192872012420614
0623102             209532131021535217192187821809212922065320336197921789515862
0624101             143601346212906126491276413370151221716618728199642118222132
0624102             227882332522923226252265822217214502069720342198241806716064
0625101             144821348412826124341239212777142841616717467183971909019541
0625102             198122010720306203742034720012193081849218168178141639514751
0626101             134101254711977116651157911581122031349015008162941721417791
0626102             180691824718338183631815417849174061698616966166131546314069
0627101             129401223311736114371127311141115511262513971152481624817123
0627102             177801813718272184661877119013188741863718742184111694015329
0628101             141851346513067129441322714025157701789619694212272242123319
0628102             238572423724229237692337322842222182167421348206431877516796
0629101             153741449413988137131381014411161371813719406205212154522239
0629102             226292293823002228002251122158214352048319846190801710615015
0630101             134741251011917115651159112013134431511516129168411731517649
0630102             177611797218018179781793017696171221654316419160791460812943
0701101             117591107110659104881063111157126121426915389161101660116825
0701102             168691696416952167721663016407159841563315669153941406612590
0702101             114341080410425102921043910892122551392215141160021653816818
0702102             168971700817041170551710316996165171591415766154571424912840
0703101             117321100210567103051024310227107881192213326145121532415837
0703102             161741634616629169731736817672175671713016847166211559814332
0704101             131221222211650113071112610918113151241313855153321659717570
0704102             181921852018665187531885518834184951796617667172901640815263
0705101             140281311912527121701202411980126051397215654174401898320142
0705102             209372145521874222652268422909226962217821896214021955517593
0706101             161801526914713144211451115113168581935221576233942485625837
0706102             264552697427102270792697026787262712557725153243502221619945
0707101             182641713216449160471600316404179832005221711231412434925295
0707102             259142632126447264982638725969251872434523964232762126119038
0708101             174421643215778154421548415997174361919220489215342254323275
0708102             238412432724636247602476824492238402293022468218832005818038
0709101             165391557315010146741471715195167621874320297215392258323312
0709102             237842420824392243662422723866230422214721679212811976617943
0710101             165201554014907145321443514388150001629517920193612037420724
0710102             206192028019706191521888318715184021810118148178741676915420
0711101             142341341012867125511241712305126501371015232167301792818879
0711102             195021990620252205642082620956206812006419827194171787916210
0712101             148841408513609133771347814070156891769319351208032210923063
0712102             235812389324003240612404323673229482214721891211791929817288
0713101             158051507714572143341445615179166941865720101212642234623181
0713102             236602396423900235652318722775221672174321637207741906417293
0714101             160161524214747145791477015510170021867619698202702070120912
0714102             209652096920762205212036320228198551944419368189071735515562
0715101             142971357413129129491308713748152281692618028189001976120495
0715102             209592140421608217322187121780212252048220291197271794716087
0716101             146851385913351131241328913991153881715818523198022108222129
0716102             229292374124223244482451224250235062269622026210491936417519
0717101             160861513614490140851388413814143931585017676193132056821397
0717102             218862215522394225812266922550220162128720991205401907117402
0718101             159841502214353138241352613282135361473016466181261951920520
0718102             210782131921488216412182921863214402085420566200411828316395
0719101             149901410013546132431331813905153641733718930201342089321295
0719102             213192136821667223302279222791222632162821332204421859316698
0720101             152821442213849135701365814284157521753418826199662097621574
0720102             218092185421733218312207021990215182083420578198711804516113
0721101             147301389513338130711321013889154001732118774199132109422102
0721102             227842344723841237792323322463216392095320598197211794916104
0722101             146371372513196129251297613520149381683718162191641996920503
0722102             207342101421160212152127921045203141963219601190451736415486
0723101             140991323712716124391248213024143811616817430183421895419275
0723102             192801925818927184991821818115178491770717751171901602514731
0724101             136311299212615124071241312638132481456116264178711924120219
0724102             209322135821511213532102221026207372023120172195911827716782
0725101             155881477614255139451382513819140821526016793182361942220345
0725102             209692116621035206172017519953196461917419048184831681014970
0726101             136041270312150119051202412558139561579917120180501878519282
0726102             195741994120135201852026120189196441889818745180941632214528
0727101             132551246311998117631187212456138151568617116182331919519871
0727102             204472107321507218042205422085215862085820655198661793916000
0728101             145491361513031127231278813378147471671118299197262097221811
0728102             223782292923295235182364323427227572203221975212441939917528
0729101             161791536014845145901472615535169801872319821206122130221830
0729102             223342291723197233392330222885220282101120561195971756615580
0730101             140971309912458120971209712572137151536116706176231828218735
0730102             188751903919019189091886918618180161733317261166991530213833
0731101             125951176311255109391082910877112661234913643146441529515594
0731102             157631583515857159521606216130158621545215637152471414212925
0801101             119251123910800105531046310452106481155812806138901471915363
0801102             157591590715967160751625316378161431584816208157111445013125
0802101             121631157211248111581136912115133951514016458174571828318877
0802102             192721965819767198121980519583189961848618577177461612814533
0803101             133741264412204120451222212996143711614417449184701941720099
0803102             204902093421249213392141521285207412021520303195331777716103
0804101             148581412213689135201368714476159271780119199203072134122186
0804102             229152361723979242472441224341237562310023099221552018718172
0805101             167141580315212149371505115879173101896020169212162217122946
0805102             236252415724308239172329322948224282186921775208681900417090
0806101             157111476914179138151384914442156591753019021200102079821351
0806102             216592182221753215482124420664195591844918102171541556213936
0807101             126241179311241109551087611034114001241013669147411546115818
0807102             158971591815995160821625016369161331577115977154611435213141
0808101             121321144611064108761082310890110731198313325145271559016482
0808102             171301751717786179361818018379181961794518378178151658915162
0809101             141081342513048129721322614077154291720318727201892147022462
0809102             231602380424149242862423023940233682278522741215361951817526
0810101             160741515314540142491432815065163531809719441205382155822387
0810102             229642349323779239402400923760230532233522259211611919817216
0811101             157731487614254139151393314597158251752718815198682078421421
0811102             218502227622524225422245122063212142042020381192751738315574
0812101             142901347212935126851281313521147841630417500184271919619654
0812102             198311998419867195951934818964183791814418270174051588014325
0813101             131951246912035118571204412757139221548716710176221829118685
0813102             188301903819070189551886618527177611709617169163601499713540
0814101             123891164411170109101085210996113641246213935149791564016008
0814102             161631623816237162471636816320160281564915939153451426313058
0815101             120501139010970107241067210777109331175712980139941473915227
0815102             155281560015531155171565015864158671601816445158241464013429
0816101             125271197811666116021188412803142921591617079179641854319003
0816102             192341949619590196501980119929197621965019919190451747915839
0817101             147041396013532133201347914308156891735318766198992083621597
0817102             221642263522894228622261822155214132089120836196001766015779
0818101             143901347912856125321259313248143931590017001178321852118953
0818102             193021975920001201101995419537189831882518971179571629114609
0819101             133241248212012118091194812614137801548016862180411910219909
0819102             204982104221333215282155921304206392014320167190431722615507
0820101             142441339812871125891268513370145311613817397184251927319784
0820102             200072024220299202442008819626187181790117773166561512113600
0821101             123851156811082107871072810906112351222113537145831527415671
0821102             158211584415770156771563815635155301570715908152981430413205
0822101             122821168911360111901118211336115901228013393144141516915648
0822102             158881581615678156001572815928159361599915874150711391912754
0823101             118981140311133110801137112219136431505216086167671718717338
0823102             172481716716969166831659016522163621643316222151891380112461
0824101             115151098910676105701080711672129971443015394160781655616774
0824102             167941681316641164361639716375162861637216291152971390612541
0825101             115911103410758106911089511774132891467515670163611689417172
0825102             172241728717203170381696116910166801679416812158561439713016
0826101             119971140211056109421114311985133821498416240172411803618552
0826102             188451912919252192381910918721180141772717736166201494913346
0827101             121861149211068108641098811628127381428215482163181689217206
0827102             173481755317572174991745517169165741630116314153811405012662
0828101             116121093710519103121029710559109211190213210142411488615231
0828102             154121547715596158091602616078158431585316020152521410612883
0829101             118631119410785105331046810587107551163712973143041539116392
0829102             172761795118537190901957819905196921955719563183041661014862
0830101             136371283612312120631217012922142521591017313186211980320698
0830102             214052213122585228462298322810221232173321474199021783115907
0831101             145691374813227129591310614013155581726318734203142184123082
0831102             240662488025340255942569125380246452434424006222991992717782
0901101             162481525314572142061423215109166721824119629211312257423736
0901102             245172524425626258002579425349245662429123911222321993417805
0902101             162641529714626142601431115216167911830719692211672260323774
0902102             246162545225786259022583825346244922420323824221251985317774
0903101             162831532514677143011435815193166521796819097202322117121844
0903102             220572213922101217952154621257208422087220440193591785416259
0904101             149731421413735134651337213553138071442315631166981727017473
0904102             174211721116978167571658016397159561604215942151261392512661
0905101             116731101210602103411025010346104401115812256131811374814029
0905102             141311405813955138921397814091140001428214238135331258311538
0906101             1073210211 9911 9764 980510069103281107712256134031413614478
0906102             146001460114621147291500115244151881575115713146301317411927
0907101             111111068010487104801077411843137261517516062168801754318164
0907102             187381932219638198241983919683192171948519270179361608014429
0908101             133011267012289121461235413380153271669317400181531893519521
0908102             198722017620176200171968019054182331823717732163301458212968
0909101             118721126010916107731095311844134461470715538160971651416659
0909102             167051675816645164311634116245161501659816262151231358012155
0910101             112201069010411103251055311479131881444115133156561598916079
0910102             160511605415880156801551215329152651563215380144681321611964
0911101             110361044110114 9946 995410266107531172812886137541422014384
0911102             144041433014252142441432814389143331478814586137971271911626
0912101             1075310211 9894 9717 9672 9863101621083011919128081333113638
0912102             137831374113604135601372714040143821495214580135081225411141
0913101             10370 9976 9780 97641006211112130841440514994154651586115998
0913102             160221608515988159301594916029160551646416008147851326711871
0914101             109561045110196101171036811349131931446315154157231617916456
0914102             165531659116515163811633116191159771647416094148441324511820
0915101             108301029110027 99541018211144129361413214726151641550015647
0915102             156111567715612155501559715591154941608615679145301297811553
0916101             1063010136 9892 98141003011010128571407414601150361540915599
0916102             156681578115740156401576116031162981647915954148971346212182
0917101             112511077110484104331067111695137321512015764162081648716511
0917102             163401619115927156641555915397152771565615218143111306111780
0918101             1083810259 9947 9811 984310197108171172712857135991397714109
0918102             140601389513667135461358713781139611455214207134661242811309
0919101             10472 9933 9629 9489 9474 9689 99871070511872128181339513782
0919102             140231410714126141811443414826152461573015284142121287111655
0920101             108151033210075 99931023911233130581424714884154081580915993
0920102             160271609015985158611583115805157811633715723144641290311501
0921101             1057610080 9807 9737 999410974128431403514532149201530215471
0921102             155731565515615155661559515585156711631115753145941305011672
0922101             108231034510114100571033211374132951461315282159161647716912
0922102             172191762617457173951765017889178511865317889165641493713421
0923101             123291168311272110681118812120139111502815369163991658216863
0923102             170521729117291171441701916743166591720216568153321376412315
0924101             113301077210469103871063511665136431499915700162711680217206
0924102             175661800718279183311828917990177961810317492164651510213700
0925101             126721199011600113831141411777124551344114816158391655617102
0925102             173801746217475174221731517102168681703616339153551404012686
0926101             116251092810476101851009510239105861116912285131521367314040
0926102             142151418314087140261426714651151551546814867137681254411399
0927101             1058210152 9958 99211021611270133641469915252156751602016178
0927102             161551612715971158981604616396167711678816036148481334011987
0928101             111051062110399103341065511786139621537916129167331724117509
0928102             175691762217552174821763817861181581828117596163891477213289
0929101             122861167011316111811135812410144671569216399170291756817949
0929102             181221834018347182441808217840180711840917691163561467113101
0930101             120611144311125110261129112370145141594716702173971797818317
0930102             184441853218523184431854218643190511927418657175051587414346
1001101             133351269812359122321248113577157191700317562180251826718272
1001102             180391772317249169051665916559165851636915648146371339512065
1002101             110701045910105 9884 988710179108121160512727134351371513771
1002102             136711350013362133011339713589140591444813983132301222611177
1003101             10337 9806 9484 9321 9336 9544 99781060611658124491287013105
1003102             131761309512969129641321213695146321502114445133441209810967
1004101             10187 9766 9571 9565 989410933130251433414796151141539315423
1004102             153781536115214151221528515749164211647915741145391305111667
1005101             1073610229 9969 99061017911201132851458215038153281556115640
1005102             155981558415438153911555915946165161655315838146701309611705
1006101             108251031310061100261027611288133701479715288156301588415985
1006102             159171588515728156211572216065165231648815787146411308011703
1007101             1078810245 9971 99451019611206132521442814865151841547215580
1007102             155331552115375152051520715326159721629315683145811307511679
1008101             1071510194 9921 98641011311104130061417614676150251527515356
1008102             153211533715181150411498414966154081554714950140631285211581
1009101             1062110089 9761 9627 965310008106981150212608133091359613643
1009102             135561331912964128551298013330140591429713806131341214711145
1010101             10302 9830 9549 9430 9468 9714102181085511872125731287212985
1010102             129581279112657126351290813346142361446813929130661200510992
1011101             10217 9764 9525 9502 972210449116281266313650143811480314957
1011102             148651480914657145871472415097159561603315302141281267011359
1012101             1048710007 9763 9727 998811008130861435614759149891520015325
1012102             153291533915182150311506215423162211628315558143851284111469
1013101             1057610083 9858 98361012411201133041427314620149711510415137
1013102             150981520414922148811506515130160801620815556144851298811565
1014101             1064910130 9951 99511026511349134311457614852150171518515226
1014102             151521514914992148951502915504163781630715656145201298511703
1015101             107831028310034 99891022911213132471461815044153041548215488
1015102             153581527215087149551505515415160021574415141142501304711835
1016101             108851032510015 9892 995010337111491200113039137191397213965
1016102             138241357113335132411337513820146901467714214134991252611496
1017101             1064910107 9834 9719 974710006105651118512175128981318713318
1017102             133601325213114131281334513993150641510514476134261216011034
1018101             10252 9833 9655 9620 997811106133001452014860150801526715300
1018102             152291519214996148221493415482165451643815716145031301111631
1019101             107331027610070100541038211513137061505115285153151532115297
1019102             151831513014969148491496015393165031646215779146621314811734
1020101             109041041910185101551047111537137871503115258153401540715405
1020102             153261528415069149201502415529164781640615701145641303711673
1021101             107861031310105100731038611457136361481115147154241561515686
1021102             156311557215347152061526215621165531652315912147981330611932
1022101             110271055610342102951058811651137971504515324154601555315519
1022102             153711526315067149401503815425162681607615509147381357912295
1023101             113551080810503103781042710834116661252213522141141424414081
1023102             137911348613193130801322713795148361465214165134861255211544
1024101             1072110193 9914 9776 978610041105911124312270131131353613766
1024102             138701381713661136371401214810155471527514663135701233011186
1025101             10373 9952 9738 97251001911123132791468815057153211551915587
1025102             155181549715327152241537216052168921654115798145961309211731
1026101             108291031110077100071025311295134211473715015153341565315854
1026102             158591590615732155291555016090169371663115881146991317411833
1027101             109361043510185101391042511499137391525815719160641639916555
1027102             165201651016358162691641116953173951704616292150841350412095
1028101             111031053910218101051033311361135011478315129155181584115892
1028102             158141582415648154961541815685165571633415622144571294011547
1029101             1059110055 9794 9727 995310919130011428314579148391503815077
1029102             149741488014678145301462615076158241547614909140921295911781
1030101             108691034110053 99301001410417112471215513130137681395513921
1030102             137451348713265131981346014235149921466014121133911242711400
1031101             1056910064 9760 9585 9596 9805103251099411930127141313213379
1031102             134621340513328134011366414199146621447014283136201248711409
1101101             106681030110163101891056211705139381532515601157021578815720
1101102             155281540315191150821534616303172601692516237150851359512193
1102101             112851079610579105561086711949139881534915615157681584015822
1102102             156131542115129149511508815929171121696316330152871376812426
1103101             116041114810969109671129912422146911600816150161391604815833
1103102             155131533815134149831515216031171571692816272151551364112302
1104101             114501098310755106961097912041141911566415927161551633016360
1104102             163041627316128160921636917072173521689016128149581345012068
1105101             111421064310384103071053211525135891512615423156661580915759
1105102             155931546915237150071507215653162261580415153143421320412024
1106101             111071060110316101531028110680114301247813520143001467314605
1106102             142511399913688136041390514772154211510114587139151298912172
1107101             112551047710166101421026310673112321217713280138551403814158
1107102             141391405214019142731549116460163011574515019139001268311501
1108101             110081069810571106341108812312144551574016145163641652316521
1108102             163311621816105162141706218022177331718516367150591356012167
1109101             113591094010736107181105512274143191537815570157191581215804
1109102             156771562615514156021652017593173371679415956148051331111956
1110101             111001065710441104171074511922140241518415533156381571615663
1110102             155011544115277153211620317378172121665715979149211356412213
1111101             113981097610760107561107312034134991458015221154841555415482
1111102             152811517915001149991591417225171041659915899148611349312206
1112101             113701095710786107671110012217140901514115402154681545315354
1112102             151391501814825147701555616636163391572315127142491313611967
1113101             111521069710454103861053611035117651262213467138811394613789
1113102             135491324913046131101415215388151261460314119134191247811528
1114101             107921036710131100491013810445109421165212540131251331713457
1114102             134471330213239134751477816032158251531514659136111242611358
1115101             1055910142 9932 99351030611458134991468815106153301550815528
1115102             154571543415293154041645617379171201655015759145511303711673
1116101             108151033710136101041042311546136611483515102151861521915351
1116102             152981526215181152771638717277170081651315726145871313011773
1117101             108731042410221102041051811575136621498415376154661551615473
1117102             153241529015120151451615517125168741637015665145351304611723
1118101             108981044910236102111054511717137571481515064151811529115286
1118102             151371509014982150591626017241170501663315957148801340412083
1119101             112361079910595106101099412175141991522815448155821567415635
1119102             154301532615183152191627617274170371650715925150961391912766
1120101             118651135711072109691107411507122731318814248148481493814718
1120102             144391414013859139111506516124158621536414815141341318112187
1121101             113831093110700106111070711047116251232913282138971408214170
1121102             141241399313930141691557316851166501625415632145971332212161
1122101             113421092410740107291108612236143121555215919160891621516237
1122102             160701592015683156751667417582173551679915974148111328411874
1123101             109421046410239101791049511602136391473615008151641530715344
1123102             153131536715306154201640917149169241643815724146731328211958
1124101             109891049510302103131065011771136051483915380157001585915840
1124102             156701557215403154051661517616173831688616264153451409412768
1125101             117921121510917108411098211444121731310214280152021565415618
1125102             151231430713535132151375414031139621388913701132541245411578
1126101             108901052010349103401056211145119541272013559142311463914718
1126102             145731439514207142641536116246160181561315105143931342612359
1127101             115251104410749106481076011163118721262913603142321445814454
1127102             143741413114007142201553016451162611581215362146891373112723
1128101             118981141811159111091117911510120191261413499141141438214462
1128102             144521423814105143091589617051169721658515923147941344512307
1129101             115481119111049111111154912804149721609516282162641617416012
1129102             157911563815464155701699118237181981777217055158271423712802
1130101             118661142611227112221154912718148101575215996160511607616027
1130102             159031589315809160791746818203179621749316724154631377912275
1201101             112951080010534105141080511903140111526115566157701589715945
1201102             158941594215891161701723317775174821699116271150991354812116
1202101             111941077710579105901096912193144051552915677157781583515738
1202102             155831553215444156461703018189181521781817202160731451613036
1203101             120841160211358113571173012876150091618016444165101647816356
1203102             162001617416060162231746718170178321731316715158301455913198
1204101             122171166111351112541137011812127181361314549150621521215110
1204102             148891464314513147211615417242170441662416097153771434113216
1205101             122671168711367112681133911675122951297714006147541508715220
1205102             152281514415068153291696618123180171764217008158781440713106
1206101             122311179811681117221213613394155891676617067171601724317221
1206102             171111704216959172161874319863197511932718583172711567514071
1207101             129511238212146121281244813649158121684816973170171702416948
1207102             168001671516601168571838619585195141911218393171101542513844
1208101             128801240612197121661255813778159731705717166171711719717127
1208102             169391686616775170401860519824197661936118705174931586714325
1209101             133801291112686127041311714329165361768217754177401772717633
1209102             174101730517187174361898520197201051975719176180351637214837
1210101             138981343213268132921366714853170051814018319183481829518101
1210102             177601765517638179151916919793194521886218200172071583414393
1211101             132541263112277121341221112668135791448015412158081579915555
1211102             152061486514679149271652417532173451685816352156491460213410
1212101             124561188111560113951142511644122061298514041150271562715953
1212102             161361608015989161261720017721174831697316301150941354812157
1213101             111841066510431103871071711858140161545115790159841620816300
1213102             162321627716254165531784318752186461824517598164981490613340
1214101             123031185211674117221216413409156551698217271173851736917270
1214102             170891709417081174051898120099200541972419209180911642414819
1215101             137811326813088131271351314680168591804618193181341816418157
1215102             180361804918017182531966620622204512010419492183521662914971
1216101             139191340413151131431350214642168281800618057179331778017567
1216102             172931718117072173211879419925198681950918936179211628214723
1217101             137341325713028130681342114580167111785617978178481766517398
1217102             170541683716676168621828819382191511865118136173491609614683
1218101             136101297912697125821271013173140741497615918163521634816071
1218102             157061534615181154191696618036178591742316989163211529314128
1219101             130981252912261121461219212527131561391914920155961589215968
1219102             159391585215810160601758418632185481822417683166851535413906
1220101             128291232112135121681257813789159431729717588177111788217922
1220102             176311757417541178731929020409203271994119268180651638214747
1221101             136121300412741127101304714106161821746617733177241764517458
1221102             171921704916910170701843719672196161922118621174851583214257
1222101             131111250112187121711252513660157181694117171171791715117078
1222102             168681681216780170541851619588194821909618515171621571914202
1223101             130571254912191120831237013382152461652417014172671731317201
1223102             168691668616495166391807119233190341854817969170311567514187
1224101             130161235612008119041207912639136041451515481160521620316090
1224102             157981553415412155601687717697170291635615964156071501614032
1225101             130181235211975118291187812187128481367914588152231548915534
1225102             153401488014415143251524815948159501585615682152351438013357
1226101             124941198611691116221172712048126841347314532154031592416225
1226102             164841659216651169101828019130189751833317545165351533714097
1227101             131931231412378123471259713218141741500415844166761733817703
1227102             177541765217457174821894120233199491937018648175591614714864
1228101             139251344513258132311351114308156631665017257175841770717608
1228102             173511709216879169281822019513193261882318119170581560814232
1229101             131931258512315122361244613256146531574216417167871695116939
1229102             167801667316474164841767018880186491817017584165461518413832
1230101             128891238212179121911249013359147671588016501167201672116528
1230102             161431583215543155631678118189180601763617037161651489313564
1231101             126421201711705116161179812346132731402414791153581550415365
1231102             150681474614538146531600017297169131608215319145781381013010
