0101111             122141157311114108631082711005114151175312435130731355813726
0101112             137081352213373135741485815895157531533114817141051313612055
0102111             111491055310235101261017910446109751161512539134771403314323
0102112             144481437414266144211570816803166571621315586145791338612270
0103111             115941121611113112231163512841149271613516352165121664016652
0103112             165051636116213163781763519139190291855817867166621512213719
0104111             128331242212260122851268013846159511711617200171751716917110
0104112             168961670416441165251763919036190041857817880166851508013685
0105111             128561237812190122051255913699158331700217059169631692516844
0105112             166831663616470165521773719086190221859617961168091531413923
0106111             130621262312482125241290614118163161754117565173051734817259
0106112             170221689416763167811787419264192751888418245171221556814228
0107111             133091282712573125681291013967160741729117483175151755017470
0107112             172891715816938169711791218830185761796017288163411510013841
0108111             129171237112077119791208412489132601410615083158741626316369
0108112             162041592915737158531687717887176301706516496156941468313592
0109111             126691215111864117701186512183127311336214206149841529215495
0109112             155281542315325154901673418216181861772317132160231472413574
0110111             128381245612317123941281614018162251739217515175471753917426
0110112             171651700116745167801781919303192701886818165169601543014092
0111111             132591280012641126731309814255164661761217673176701767217513
0111112             173271714116969170521798919194190731860217868167701535814092
0112111             131991272312485124511266613345143641512815814164771694117214
0112112             173091718816997170231804119424191011836917468163061491113736
0113111             129211251512360124111277313854156781677217103172271735317326
0113112             171591706216882169331786319304193391896318309171831571714415
0114111             135291312912957129791333814468165471773017940180791809617957
0114112             177011751417234171541790019078189161849417971171681601014843
0115111             139901354113325132671340413873147391563916567170601706116816
0115112             164921617616018161051704418119178971733316755159021481213690
0116111             127781224311938118161186412154127781342614275148951522115342
0116112             153091519015094152321620217466174921695116638158031479413761
0117111             130471269112569126011295213834152781640717233177391794917945
0117112             177341753317314173591828019818197971936918613173981590614578
0118111             137021324713014129991335814472162991743117817181821854818692
0118112             186581848618181180971876119750194281871317709163561480113450
0119111             126151214111899118981223113326152591644616693167591680816875
0119112             168311676816629166481741818616185961815917457163291490413570
0120111             127001224512041120461242913641157971687016931168951696016953
0120112             167321666816461165101732718788188131843417790166951524513942
0121111             130891264712434124631284213882153331634716979174751776717814
0121112             176961750617266171661773419067189561841317762168371567314532
0122111             137011324112992129081302913464142991512716037165341668916543
0122112             162791599515797158251658018077181281770417224165771562014689
0123111             139541353113313132691335913670142241487115765163491655116619
0123112             166081648016419165711752919235194331905518487175381634515224
0124111             145111421214137142611469015925180901925719461195211952019375
0124112             191201889618580185421924120868210532070419990187931719215792
0125111             148571441314226141901449615542174561848918692187861882518741
0125112             184781827017948178211830319726198891949818819177011621614873
0126111             140131358913437134621379914944170301816618311183901842518319
0126112             181381807717927179411857619818197461914418267170241556914249
0127111             134291297512777127901308013941152971616116705170161720517344
0127112             173171717316993169471747119016191391869218001168831542714163
0128111             132801289612747127831316214289163711741117556175151743817248
0128112             169581682216598165431705618276182601776517162162651507113903
0129111             129811248312200121171222812633134421428115220157301586515761
0129112             155341532215146152021585117153171821670716171154611450013541
0130111             127161226612036119621204812382130111366114607152351548515541
0130112             154351527115174152771601117646179401756116938159221469113574
0131111             128611253612449125631303614291165381762617723176501766017469
0131112             172491706816862168961755219182195461921618579174591597914628
0201111             137731331713137131601350914629166131774718112184331875118899
0201112             188821874318462182721876319980199231922618321171261570114477
0202111             136211313212930129071319413914150711599516859175701810918353
0202112             183141808517839177561833719613195351888217993167571524614006
0203111             132181283112669127161313514270162411728517593175831761717460
0203112             172241702516813167411723118688191461889618329173431593414657
0204111             138601345113315133691376414917169521789317908177511757217321
0204112             169871676616469163811680718055182861786317356165411541114279
0205111             134191296112742126571280013241140321483815835164061658916512
0205112             163351608215932159611660717711176531702016339154691432413232
0206111             124221189411604114691153811821123761298213855144511473714855
0206112             148001462214515146401529416850169931628415745150081406312958
0207111             121101167111549115791199013207153221632516502165371649616397
0207112             162191613716022160911669818094182661783417088158991442013136
0208111             122811190011694116901202813132151251618516520166421673816780
0208112             166731662816540166031721818763193151905418486174691601414726
0209111             139301355313384134141376414901170201795018028179411785217698
0209112             174411722416975169451750018926193031899018302171781564014243
0210111             133751293012743127221305214243163811740917508174321737817256
0210112             170451691716707167081723718632192281898018403173921598114740
0211111             139551356013454134981390315099171421812318189180591788717608
0211112             172411699916704166311699218138185541812317573167401559414435
0212111             136041316112945128941302313446142161501315977164361651816328
0212112             160131570615473153791572916948173511692816433157471477513776
0213111             129791250912265121911228312610131771387814896155681583415917
0213112             159101575815554154491589517236176591722316554154771418213052
0214111             122091175111567115611191413056151431616016348163201632316187
0214112             159681577515517154301589417219176691725316549155341420913019
0215111             123011196111932120341247913731158811695117194172781734817316
0215112             171451699716783167451724118622193141897418319172251572114405
0216111             135651314112955129531332614523166231757117628175461738517120
0216112             167981654716291162291671917999184301798117236161031457513227
0217111             123531190011716117241209313253152471621316362162711617615902
0217112             156601549515269151831554616815173591698116313152431381912544
0218111             117231126211051110051132912426143861539415633156481570615703
0218112             155011529715016148041498015968164891601315381145521343812297
0219111             114901101410788107601089211391121281299814139148431522415251
0219112             151541498414851148731531016563172941701216635159981503614142
0220111             133721295912766127061277813101136271428515130156371578215734
0220112             155001509414747146421506616359171631676816147153021422613165
0221111             124321201011835118221213912935140771504615969166081704017144
0221112             169451668816443162871682818183187301832317660166631535514221
0222111             134881310212939129731340714533161981728617712177591769017494
0222112             171561689316548163421665117832187271841217764167611542214196
0223111             134121306612901129531335014409160731709317370173031719116960
0223112             166101631716018158621616417274181611786617273162861498013810
0224111             130591271612582126351305814174157901686617096170071686616653
0224112             163761628116134161121642517472179261748016793157331439213171
0225111             123211182711586115611186612831143941562016430168931720817367
0225112             172841715716933167151693517733179271739916743158911477413679
0226111             128241232412057119751210012556132101406314958154631559215495
0226112             152131491414650145301486215976166831630015788150481407713112
0227111             123991192711665115451161011920123981303913937146701507915298
0227112             153241516414997150221542316559174411708016393153711417813099
0228111             123281187911720117691216913309153101647416991173561760517641
0228112             174511717416818165791676917686181871765016873156971424812987
0301111             121341176511653116931211813329151741616716484164911642816292
0301112             160541585715615155501590317008180721784017245162231477913495
0302111             127231233312149121291250213589154201636216427163611637316275
0302112             160801592815764157751612917127181481800617464164741511613904
0303111             131861286712790128631330214526164731750117685176661762317473
0303112             171481691616606164751675817708187901862518080170511562714323
0304111             135241316813026130681345414560164281738117436172941711516815
0304112             164281617815888157651601816859176821728016665157871457313419
0305111             125331199911687115421159411985126541354914568152031540015265
0305112             149291454614208139891425615172158511541814834140831312012076
0306111             112901078510473103201035110611110221171412738134911393714212
0306112             142821418314076141541467615685161761577815084140621288711824
0307111             110781072010568105951094412107140321529515735160141626216329
0307112             163271621016009158971621217194182951802317321161721467213366
0308111             125691218112046120661245413649154981648016579164631637916196
0308112             159511574715477153431565416599177551756316949158851443213158
0309111             124031200411855118941228813474152921633016472164461645616337
0309112             161351608215987160371653217487181421778417099159671444013096
0310111             122061176611555115381187013039149571615116433165561668016686
0310112             165851654716373163571671617506178681744716727156101414212791
0311111             119091140711180111191139212431142821545915864160921627016270
0311112             160691590415652154511559415985165841620315591147471360612412
0312111             115561105710823107571089211321119351292213900144421465914565
0312112             142891396413656135411385014607154681517114673139781297611969
0313111             112051096910740105071045410636110741156212351132431394214258
0313112             143041410413821136881382814244149251582015531146231335712174
0314111             113411088710712107341106512166143081560715947161181630916340
0314112             162281613515900157591588216251167021726716827158281436713063
0315111             121571171611545115581190513041151581635116465163201628416115
0315112             158681567315387152171529015634161291695816625156901418012821
0316111             119011143511192111671145412524146011598716354165411677516852
0316112             167401660816348160801599516168164081697516572155291410712696
0317111             117771127411060110301132812406144811556415661156161559415462
0317112             152291511514897146801459314598148651579015504145581316411895
0318111             110521059010344103001055411525135051472415031151131520415134
0318112             150011490714654143981420614204142841498314748139971288811726
0319111             1080910252 9968 9856 993010333111091198813071138681423814309
0319112             141501382813512133131331313547138631471314619140661320712254
0320111             114131095110724106491072411040115941223613138137421399414030
0320112             139061360913293131291326113689142981547915336144171317312015
0321111             112441083610672106711099312165143651560416050163541661516766
0321112             168011677716585165311669617099173711756716921157131413712758
0322111             118761139011187111651145212556146361571315895159221603616029
0322112             159311586315650155541571616092164031697916561154831397712661
0323111             118081134211145111811149112663147841592616177161731618316128
0323112             160751602615847158091602316452167841727316800157231424812877
0324111             119851150711313113261164212779148911603716341165001649516331
0324112             160981595615684154881544715629159061671916543156161418012879
0325111             120471162011450114581176712893149201600916183161191607715943
0325112             156921547715174149451491515045152281601615929152421416613031
0326111             121861170811463114201155112048128761373214659152061538615252
0326112             149531456514173139781401314260145821548315431148261385912870
0327111             120921162211401113221140011716122011286613736143471458314645
0327112             145351422913898137351383614231146951577415792148981364512523
0328111             118191145511360114241179713041151681628616483165221652616402
0328112             161631592415526152441524315520157951669516568155061397612661
0329111             118231137911212112551162112840149531602616136160841604915906
0329112             156671548015185149831505215299155491647716424154191390712565
0330111             117351133811132111591151812672147511581915857157511569015541
0330112             152931513514867146421462214803150661599615890148491344212084
0331111             112611080510617106171092212044141711536315611156901577115700
0331112             155051546015297152341542315882162661679016446154001402212692
0401111             118721141611206112021147912486143861560316158164481658916590
0401112             164461626615965157271572215883159731631215965151261394612746
0402111             118511131911029109001099211408120851292013797143321450514395
0402112             141551382913534133391338213568137531449714592139941309812129
0403111             112921079710525104201047510790112071185112718133481362613712
0403112             136141337113113130111312713480138281473514892140171279911673
0404111             108851046510301103191068411853139491530515740159381618516275
0404112             161711611415991159361599916170161771649716131150021352612187
0405111             112011070210446103981066411723136881490715352155551573715734
0405112             156861561215452154641563315824158781629916203151851372112379
0406111             115181107910899109031124112445143871547415628156401560815514
0406112             152951517414959148081495215241155021616416044150611358712261
0407111             114141098410805107921112212285142221536615507155561555515429
0407112             151951502614741144831441414505146361545115706148231341112094
0408111             112401085110686106921103812181141031519715336153361532315185
0408112             149501481914622144491443914506145751517715181144601331112088
0409111             112211075510543104781059011055117691268113495139051398113812
0409112             135671324112920127351276912963131121374913978133741241611398
0410111             1061810162 9932 9847 991010229106471140412280128981313013223
0410112             131671296012777127371293213341138211458314456134681222011055
0411111             10254 9823 9656 9630 993911050130921446514931151941542015472
0411112             153241524215036148681484514903149321554115553144211288511493
0412111             1059710121 9875 98071005711086128871419014650148991506915078
0412112             150051497014790146451466514804149491555815423143711285811512
0413111             1066210216 9967 99491025311348134351490115418157091597916048
0413112             159641589015669155551577116066161021629115961148981336611986
0414111             110711059910359103181059211680135381468114948150361507415013
0414112             148651482614644144721440114395143571498115326144281296811598
0415111             107021024010029100441034711443132411448114841149701504014941
0415112             147151457114320140691397713930139631459414925142261314611974
0416111             110791064010406103551044310859114441239713361139341412814147
0416112             140911399813922139151414514533147181498414741140221298911947
0417111             111141059610276101151007510292106291128912179128531320613354
0417112             132871304312777126411273312990132111383814156134081231011230
0418111             1045410054 9863 98641019511073123971366414402148021500014968
0418112             148141468014444142851438214591147051512915111141351278611508
0419111             1064310153 9904 98691012411084125781393014645150241530415373
0419112             153011520615052149531507815329154231571115500145271318111849
0420111             109621046910212102031047711423129711437415124155231578915838
0420112             157071558215386151711518115241151941547415554146631332711983
0421111             110491055310291102391051211456128421402414608149421510215120
0421112             149601483114611144011435114445144821492215365146181332712057
0422111             111771071910480104591071011523126771376514331147231486414717
0422112             144011419113903136121354813654137161414114458138271280811649
0423111             1073410231 9947 9851 992210288109211191213127141271471814978
0423112             149061464214332141181416914321143221447114456138151280711681
0424111             1070310073 9718 9529 9520 9740100621091611892126321294513027
0424112             128801246212047118311186312070124061317013578128671167910641
0425111              9890 9480 9275 9279 956810577123341380614443148311508915149
0425112             150721504614887147511475614834147821512815332142851282311377
0426111             10480 9973 9745 9696 994610944127731415914640148741515815253
0426112             152401533215230150981505015029149641533415572145511303911610
0427111             1067910163 9894 98291006611079128391431614826151421546315599
0427112             156451574915694155561548515432153241572915847148031332911904
0428111             109311042010144100841032911315131001461115220155961587515972
0428112             159291590515786156871569515673154631557015652147021320711774
0429111             1079310207 9906 97911000910892124261378914425148431513215236
0429112             151951517514995147411455014336140551421214536138221265211356
0430111             10440 9878 9536 9396 9447 9733102501130012357129841322313282
0430112             131781295712747126381268412839128861307813670131231212311070
0501111             10219 9698 9417 9313 9333 9447 97871061611573122831258212701
0501112             126711253112370123581253612881130461344014118133321204910881
0502111             10090 9655 9465 9479 980410818126271396014401147241499715085
0502112             150581505414875147131467714736148021515115348143001279111393
0503111             10479 9972 9712 9638 989010812125561393814455147381505815239
0503112             152261530915174150571503114989148601510015383144101286811502
0504111             1058110054 9813 97501000210982128381430014866151701540815510
0504112             154731545615285152241531315474153581535415306143221284111465
0505111             1058310092 9849 98201009711016128201416014555147781496314982
0505112             148651479814635144891448114507144291462115118143231288711521
0506111             1059910141 9924 98971015111058127871404814458147031486414889
0506112             147981475814588143961421814066138401396314459137991261511362
0507111             10403 9844 9559 9438 9480 9753103251140312432130741337413447
0507112             133621320113009129011296613131131091323313635131191214011053
0508111             10166 9659 9361 9205 9217 9325 97031061911677124301274312850
0508112             127471257112386123481247312732129661336213900131471192310767
0509111              9973 9563 9382 9372 970110604124181380214339146771496515078
0509112             150771509514951148241480414851147261484215244143081278011335
0510111             10429 9938 9677 9642 990410805125661402414517147951493015132
0510112             151051511515013148921491914956148911504915342143971284611463
0511111             1052710046 9794 97491000810945127721422814683149321514515207
0511112             151401511014992148681487814928148631494415322144351294111513
0512111             1055910067 9832 97821002410869126421400014458147701501015070
0512112             150171505814938148081477014685144901454815091143561289111461
0513111             10494 9965 9708 9650 991710690124121379014384147391497415086
0513112             150671503914877146641449514279139691394014423138611267311426
0514111             10457 9871 9567 9427 9494 9702102891135412432130761337913441
0514112             133531318113010129241299813260134331356813746131871220311111
0515111             10246 9733 9415 9282 9274 9428 97691057011674125991323913613
0515112             138191377413642136261381114161142321430314355134911223711091
0516111             10224 9755 9538 9500 979610778126091408914699150581534715455
0516112             153901534615195150981526415538155311553015433144001290811527
0517111             1065710166 9906 98401011711066128951435714897151731541315501
0517112             154481542115248151901531415523155231553615530145821312811744
0518111             107731028310023 99451018511137129561441014941152391550415590
0518112             155221550315349152681535215533154931550215511145501309011689
0519111             1076610242 9977 99281016911071128641430714833151641541615543
0519112             155021555415473153831541015426152741534115470146201317611744
0520111             1076510200 9911 98191006410917126521410814701150911536115485
0520112             154391545715320151411501814846145551446514731141761299711691
0521111             1069310100 9747 9595 9623 9852104441155112705134771388114002
0521112             139341380613678136251363713690136281362314011135441249711381
0522111             10452 9855 9529 9349 9324 9394 97531060311658125091296813229
0522112             132781316613013129841314813486136601384814293136211232111090
0523111             10231 9777 9574 9546 986710819126771425014852151941549215653
0523112             156491561115474154091555915809157821575615707147191318711785
0524111             108441032810056 99871026511164130321458815275157001612616411
0524112             165721664716567164261636416397161431600316262155321392712360
0525111             112941065110282101161034011061129141454415332158661630116566
0525112             166281673416682166191656416403160161578716179154861391512277
0526111             110921050310177100441026611003128301439815158157471630516734
0526112             169261724917373175061739717145167411664417006162511460612976
0527111             118251118210791106331081911572133111494915882165771723718036
0527112             183891868618812188301879918524179161734517395167391526213641
0528111             123821157911099108471080610956114421245513634145481516815551
0528112             156981567015593156571579815877156711538015557152221409712800
0529111             117881112410753105361046110472108551178312981140331482115439
0529112             158571596916017161761637716480162821596716235160521489813554
0530111             124431175611311110641105611184117441278914050150761581816511
0530112             170561731617637179521830518556183991817918433177461579413932
0531111             126691191311472112501138212048139391573916766175791834618844
0531112             191451942819628197821984719612190471846618427176751574113840
0601111             126081186711446112801147212246141431586216836175221817118800
0601112             195462023420602206212028419813191811867718419174531584314142
0602111             128041196011454111791125311847136461529116113165791689917057
0602112             169531689116667163181606215794153591507315258147771327611809
0603111             1083110254 9969 98581007010690124281394914649150561534315454
0603112             154801554115452153621530615094147051437914550142401307411725
0604111             1069510092 9714 9568 9598 9651103591151812665134291386013988
0604112             139331382913720136801371013762136271344813667134621246511333
0605111             10405 9854 9522 9349 9371 9303 97331062311677125631306413383
0605112             135111347513403134211358313804138901392814340138631258011290
0606111             10424 9965 9722 9687 995010718125711425915180159321659916958
0606112             171121732217386174171753117500171341676216845162791457712858
0607111             116871100610628104561062411337132421504216118170971796518576
0607112             190011945919677199362012020020195481909719201185081657514633
0608111             133631253912024117871189012543145811652017802189902005820952
0608112             216172220822610229582312923006224562197821905209321877616665
0609111             151171413213477131361321313920157551731118141189651997220949
0609112             217122250923033233222272920987197311910618634176371595514343
0610111             131901247312038118331196912641145481638417452182081879419173
0610112             193131948319425193431916718661179211725917223167551532213739
0611111             124561171311257109751093011072115931251213582143851477214891
0611112             148161449614219140801404614143140641401214076135891259811534
0612111             1062910102 9726 9586 9467 9479 98631078411818127251331513621
0612112             136831359213438134131357413887140031405614249136951249511268
0613111             10407 9947 9727 9694 999210792125531409914824153241576215992
0613112             160331605715977158961587915802155431536415532149621350312014
0614111             109851039210118100191024111003127041420414842152251553215679
0614112             156431562615522154131543115457152731514715200146121310911697
0615111             1073910212 9947 98881012010820125771411714868153651584316142
0615112             162861644216506165951670316590161831588215964154701397112454
0616111             113341065210327102121042811096128731458015496162871704317662
0616112             179821844918743189691905518873184181798017974175471576813976
0617111             126661190211417111971133911999137701547916473172761733217474
0617112             174631745917356172901711016757163461602715971155051427112863
0618111             118471118010780105671055610698113501248913835149631570716200
0618112             164751665916812169641713217192169531655516515163861519413725
0619111             125611172811204108381063410440108751186913018139071451914841
0619112             150091505815113152461549115636154951523715391152251378612313
0620111             111841058310241101631037310980127511446715507162661690917340
0620112             174851785218019181581826618293178881735317198167121498113265
0621111             120021131410896107441088311528132721505216161170281785018388
0621112             187331921719322193471934619118186711811718050175611582014094
0622111             128011211611715115461173412476141711589516840175221799518203
0622112             181931821718075178541779517694174621726917152163901485813364
0623111             123171171311354111991138312153137291530116199167831725717401
0623112             173121722017002167931671116596162601598515910152701389312478
0624111             114521085910535104451064411339127351426115224158401626216450
0624112             163681633016134158821574515610153381513815123145941342712150
0625111             111761056510186100201001510195107291176312916138231437714593
0625112             146171456314512145521467114808147191454114690144711348212347
0626111             113871075610412101901013510101104911139012571136521447515117
0626112             154181552915564156891583815997159501584016037158061453013068
0627111             120031133110966107961098911610133191518116542175641846319008
0627112             193151966519833199802006919977195221888218698181571634014548
0628111             132091241511927116921183012447140231585717191182761927819964
0628112             203992079120875208102080020541199101936119226186721691115097
0629111             137741303312557123221242613121146171632317497184891937519942
0629112             202472049720605205682045620108193681855718147176231593614183
0630111             128081197011462112491134711880134101522816385171781785918304
0630112             185241873918800188011885918696182121762717474170831551313769
0701111             124491160211098108501094211387128331455115853167071734417681
0701112             178071794917948178701787517779173561682716673163461509513664
0702111             124261162711103108321073010674113421256614002152281602716468
0702112             167031676616816169181705617049166911624216157159751495313726
0703111             125901179111326110561091810812112251220813412144281520315796
0703112             161511608515979158881587415901157671558015642154611466513636
0704111             126411191911495112611126011327118791289214321157111685817710
0704112             182731855718741188901909319043185641798917746172491611514717
0705111             134461259712044118231188212349138491577617391187391986920634
0705112             211732168821948221932230922151215922084820389196611766615640
0706111             141661324112657123511237512849143831635617948192972051221376
0706112             219572253622828230072317122977224022170021273201851816316142
0707111             147001375613104128101289013390149471690218403195662061621294
0707112             217122205022188222602224321867211112035020047193871758115685
0708111             142821338112863125891272713303146241616817164178491836018735
0708112             190101916319265192641910818789182921795417865172621598114551
0709111             134141266712160118631179811911124271366815223166221757918096
0709112             182571829718293183821850118482181001743517055166831541113955
0710111             126841182511245108961073210548109171196313351145561549216181
0710112             166621699117293176201800418296181751775217769175601619914639
0711111             133981263712172119941216512826144661652618156195452089922012
0711112             227982348323808239592409624035234552277222583218101984417850
0712111             163851546214876146031470615368169091884220403217932300423818
0712112             243072478625006251102513624952243372354623148223032022318057
0713111             164101533114590141551410614535160251794919210200672086521469
0713112             219272238122591224652208921411204091957119112181651639814611
0714111             133481254412061117621187712430137511541316431171191770518000
0714112             181631837618419184231841818246178161729217259168281533013736
0715111             125801182111412111971132911811132001500516353173841820218748
0715112             190001921219219191131899318723181151750417348169111554714043
0716111             128371202811513112131114811177118071311814649160021704717762
0716112             182101848218686188711905719190189151832418095178061650215036
0717111             137531286412289119211173111567119251310914651162171753218580
0717112             192951970920101204632080721006207742024220196198261823916513
0718111             152611444113949136971383314534160141790319407206852181322392
0718112             225172260122433224192220821882215402101120761200551823416367
0719111             150071417813649133861350014155156821764119138203792143722227
0719112             227482322223531236352369623425227542185521459205591847016405
0720111             148951392413315129861304313633149461671618171193942068621779
0720112             225852336723858240672415423848229632231822127212061935217400
0721111             159091508514558143081441815156167211871320255216602307724298
0721112             251772584826237263942641026133256342501724781240222204020023
0722111             184461749516856164881654017165187282103123099249312639127231
0722112             275632767227707276382744927089263902540324776237382170019520
0723111             178081663915762151441481514766152581634517514184701933020120
0723112             209272156522215226812303723185228972229122097215722010018420
0724111             169991597315276147921458614575147871554916630177681855719045
0724112             192371915519124193241975820012196831898618831182831675315140
0725111             139541319612781125981277613436147841637817427181241870019010
0725112             190441899518680182561805317929175361711516982162141482913418
0726111             124301184911518114041164112420138131542016563173721810318688
0726112             191691979020236205092053720016193451869918509176971610214436
0727111             132081245511984117371184612440138071562816908178491861019096
0727112             194041977819983200762018420085195841899718935183001662014840
0728111             135171270112169119081202412611139741578317092181111897019528
0728112             199182038120576206042060020449199041921319172185691692515228
0729111             139811323212764125841277713510149041651217595183051888019226
0729112             193321944119382191961911218967186351842018430179181671715352
0730111             142851363113132128261267512729132401464516358177671874419278
0730112             195951974919899200642020120157197301899018755181461668215126
0731111             138461293412322119001169211571118031284814280156361672917534
0731112             181901859018967193201967919889196341910019162186051718115597
0801111             144051363313177129341303813688150161694518571200392137622353
0801112             230032334423343231552294422475217852100020744197911792816039
0802111             146721373613187129381303113634149081665218082192332026721096
0802112             215762201822231222952219521708208311996719655186651693215117
0803111             137861294412372120931216512739139971570616935178971865619143
0803112             194241977119906197081950019132185611822918330175361595314373
0804111             132211250512104119491212512839141351580917046179881879419314
0804112             196181998820157202382025319978193211868918718179741632414712
0805111             135171275912319121051226012970142091576916996179081867019173
0805112             194411982019957200261996719673190041834618353177081634914855
0806111             137261301212564123611233112540130031420815747170761809318787
0806112             191711925219120189021872718555182391803718212176321644715081
0807111             139501326212791125021241712536128031358814696157911664217311
0807112             177861809818372187191916619433193421923019468187671742915912
0808111             148041404813615134161357814327156451748918903199962102221811
0808112             223052272222822227292256422191216412097720905198821799216065
0809111             146721382613254129311297913625148071659117935189911995620632
0809112             210082111220940204742008519754192751901118941179631638914823
0810111             137011301212600124351260313347145881626117441183001900819606
0810112             199922038520687208492093920708199681919719116181701648414698
0811111             134261267612220119961213012798139941565116872177201833718728
0811112             189731929119433194371939619112184761786417931170361542913819
0812111             125941185111420111961132211933130091465515946168861761618018
0812112             182291854118707187571881218678181341754417598167431533013845
0813111             126851188211392111001104011188115831269114134153161617716705
0813112             169611710717184172781735617367170841683117095164811533714052
0814111             130471233911884116471156811706119681271313787147611545815914
0814112             161181603515897158231594016156161861625016404156871457213359
0815111             124361188511627115421183712733141481566116775175061804318294
0815112             183011821217983176781759017514173191715216881158171438412965
0816111             119481132610990108631106011829130321452215561162551683317151
0816112             172381730717239171771720817156169251672817012161201462813136
0817111             120691144211061109011109011825130181468315972169751784318410
0817112             187871924619545196951982219705191851870618841177981612114395
0818111             131631240611927116921185512594137971552916898180721908819798
0818112             201752058220815208982095620665200201960319753187831706515377
0819111             141461338312849125771270713426145711623317664189041996320745
0819112             212462162821653212462079820287195491922419101180821663615112
0820111             138901307312567122831222712497129411397115389166261755918248
0820112             187661904219232193861949419445189341845118511176001624214825
0821111             136161278112243119011177711828120001289714175154941676617817
0821112             185591889818923187081865318737184491848218544176511629114947
0822111             139121325812882126781284013560146201596016923176771826818608
0822112             187241885218844187381865918410178041742317483163561479413267
0823111             121191144911038108571105811736128761440015509163381700017413
0823112             175951781617863178361781717663171931694817091160521454113076
0824111             119971131110961108181102811807130611465715900168061751417977
0824112             182481847918526184781843618128175341736617579166031512313674
0825111             126511205411759116801192312828142731597417356184301928919912
0825112             202472035120253201122002919859196051959919620186151695715328
0826111             140791323512725124571257613319145431615617576186761954520220
0826112             206862116821394214232132720968202561978919793187321714015398
0827111             140661318612601122411214712405128661393815290164281729217888
0827112             182031823118137180261806718153182181849318371174661619314741
0828111             135811283812353120641191211961121631257013159135001326212862
0828112             1243511900115681141811423115781166911880117961114510294 9499
0829111              8900 8528 8338 8296 8499 9140100771140912472132941399614485
0829112             148581521415408154581549415349150061503315089141391278711485
0830111             1058510059 9747 9606 977510501116741293413931147901551115965
0830112             162671659916781168701691416780163511632816347152981380412348
0831111             113091073110368102591044011224125311394015019159361676317350
0831112             177761820618379183661827717990175201764117599164531483313265
0901111             121881152011146109901118111999134691475415703165641733717839
0901112             180991838818386181431785517461169471704417001159411439812867
0902111             117801118510815106671085111612129011426715278160241666317057
0902112             172721748417548174621733917010163951637816262153271403512655
0903111             116251096610610104271042210694111301203613330143401510215657
0903112             161471656116946172741756617642174101762017585167131548414130
0904111             130311227711803115001138611522117491255013761149671605116970
0904112             176221799818213184061849118374180451820017908169781575914420
0905111             133381260912144118601183812104124401329714678161341733418227
0905112             188261908019079189671893118935187551909618847176261589914338
0906111             132181256212114117791179912574141841533515915163931673016892
0906112             168711686416720165171650716623166591689416419152201370812277
0907111             113321083310566104841073211693135681492115534159601629816411
0907112             163881636816227161211622016379164061660816150150161351012098
0908111             111571065110392103251056911528134621481815459159241628916503
0908112             166221680916782167501675216691166031691516648154921398112536
0909111             115561099110706105681082111787135791492115660163271686817225
0909112             174351766917797178941793317640170891718816870158111443612960
0910111             118691118110764105151048410780112401217713494144391503715349
0910112             155231555415567155621557415450151881545915226143661322812061
0911111             111101047310094 9888 9819 9971101771090212027129181355413991
0911112             142401429514292143591455114807149051554315254142141295111696
0912111             108611039110198101971052111590134501481815681164541721117692
0912112             180251841118629187071875918657183121867918169168031508913436
0913111             122981168511311111561136312344141351537116181169851786618538
0913112             189741935219518196081959619302188001922218807174261562013945
0914111             128661226411850116851188812911147491611417021179161873519398
0914112             198302011320236202972031520074196622008319529180821620714404
0915111             132531256112127119631217413243152201654217227178211842618821
0915112             188731873718293178421760617343170741707916342149871329811829
0916111             108701031410013 99141012811038127151389114433147491505415125
0916112             151281513315016149051483814698145881512014762139011272711459
0917111             10535 9987 9701 9555 962710080106351146612514132081352313572
0917112             134821331213145130411312613352136421420713868131371211711103
0918111             10253 9774 9468 9322 9310 9526 98991059911678124921294813177
0918112             132591319213137131881343113736140161474314377133151198710850
0919111             10057 9649 9448 9436 975210788126751383814373148031518715359
0919112             153611543115346152451527615358155201614015527142741279311445
0920111             1055410058 9816 97701004311097130191430414896152931561715796
0920112             158191583815734156681575115893161541657815949147341316011759
0921111             108631035910082 99701023511274131671438814973154911599416317
0921112             164871669416695166261659516489165441717416611154481391412505
0922111             116391120810776106831096312059141231551816212167291715617396
0922112             174941766317691176951776317723178731829117703164881488613414
0923111             123341173511376112281147612514145031582516548171031754417723
0923112             176971768617478173051727417252173191740316833158951466713402
0924111             123801176711385112361125611622123211327814610156571629716622
0924112             168461681716761167861687016923171661746816937160571489513680
0925111             126231194011520112631118511347117741241113540146231547616215
0925112             167611701417097170781713417330177011823117565162831478613417
0926111             123721175011396112651152812548145311572016530172891806018603
0926112             189261928719515196061961119384191941954218681172021535913698
0927111             125571189511492113371154112550144811565416281168081736117824
0927112             181551849718653186781855218223183101861617825165101481013271
0928111             121831158111234110791128212278142141534615949164741696517312
0928112             174601759117526173741724017139173701763016910156911412812757
0929111             117601118710868107971104312049140431539016120166681708817262
0929112             173361744817347172821728117436175811747016687154641388612418
0930111             113731075510420102811046911386131861425514952155471601916304
0930112             164421660116580164971633916107163411658016004150491383812573
1001111             115471090610546103381034710664113801230213426142441478714962
1001112             149291477614617145211458314781151721526514684138211272011576
1002111             1068610118 9814 9635 9650 9850103401100412058130031352213812
1002112             139631389213795138231405314433150141527414678135951232611166
1003111             10390 9923 9698 9674 996311009129841419814729150811539015519
1003112             154811552315371152341526615531162081636915623144151295811623
1004111             1072210222 9943 98861014211120130811431714794151321541415566
1004112             155421555615426153401547515791163341640015666145101299211624
1005111             1071210190 9955 98731012611108130731420414660149591525115389
1005112             153461528215128150081505315187157701613315471142911278811429
1006111             1055910071 9825 98101010111172132111431214674148501500015036
1006112             150131501114903147921484615003157721611915556144771301111694
1007111             107661028010000 99621024911278131941429014734149521507215044
1007112             149221487714735145391452214570151531534814808139231272611544
1008111             1062310107 9787 9676 974010115108441160112662133231363213746
1008112             137241364613590136201376213982146071477414291135411247011400
1009111             10535 9988 9675 9501 9488 9694101581077411881127731328713670
1009112             139171402714129143141458514783153301546014832138791271911588
1010111             1072910212 9916 98201000710649117921276313859148001550015918
1010112             161491635116452164641655816612171271713416339150401343312015
1011111             110121044810130100021024211199131421423314695150581537215579
1011112             156481575515681155551549115570163681635915574143871287211505
1012111             1060210103 9865 98181008011083130831419114566148441508115136
1012112             150881511014982149181507715567163461623515494143521284311484
1013111             1062510167 9920 98871016711196132571468415123154291573915839
1013112             157931578315640155271560315973165871644315727146351314111807
1014111             108781038110089100371029811291133211470015226156511600916188
1014112             162181624416133160231603316151165161620015461145121323611945
1015111             1094810295 9914 9713 974510072107851158112614133301367613697
1015112             135651337913164130721326913659144741438913885131811220111204
1016111             10383 9826 9512 9374 9373 9574100511065611668124601284513076
1016112             131481305412979130251332013843148411486114339132581204610939
1017111             10156 9738 9541 9514 983210879129381409814452147281500915115
1017112             150881510014979148711496515326162391614315423142231273311370
1018111             1047610026 9761 9716 999311024130931430614609148821506715131
1018112             151241515115006149001496915291162331613315391142591274911412
1019111             1053610049 9809 97611007111099131731456515002153211557115678
1019112             156221563415519154841575416276167681644215662144841299711650
1020111             107911029110025 99701024211285133461471815103154291568915767
1020112             156971564015372151441511015338162631616115489143861290611562
1021111             1064710118 9838 97531001310989129821413614504147841497515012
1021112             149341489114704145171453114839155691532414694138451270311517
1022111             1058410052 9745 9614 968610061108121167512698133701365713662
1022112             135401333113153130961327213746145841438413895132111225111239
1023111             10413 9926 9619 9505 9532 9778103151098611975127511311213302
1023112             133521326613170131861351814273153181516214588135211227111146
1024111             10368 9962 9807 98481022811388135941482215086152281538415396
1024112             152651520215012148901505115715167481649815740145761303211715
1025111             108001028810060100101029611399135441470414893150251515915179
1025112             151041505214872147481486615376164771632515634145121301111656
1026111             107931034310349101021036311467135981494915206153531556315596
1026112             154811542315288152171545516123168391645015820147031316611687
1027111             109001042210182101581043611515136621512315440153601595116010
1027112             159651598915912159461625916921172701700116423153351381812459
1028111             115211097110736106931101312117142371535715601156501566315538
1028112             152831510314866146971483215487163971611415583147581363712413
1029111             114701091910623104991060111035118571278613786144991482114956
1029112             150291513315210152431533815611155871474713798127571151910275
1030111              9380 8811 8485 8316 8298 8481 8843 9296 9935104931081611056
1030112             1116911125110741110111383121231304812954125541180910846 9986
1031111              9408 9135 9027 9066 936710269119471302313361135071355913486
1031112             133941329413135130881332513871143351411013842131011189910763
1101111             10054 9688 9523 9521 977810729125101367713958141361422914218
1101112             140591395713773136821388114611156111543614868139171259711357
1102111             105831020410046100531035311374133301450214683147251474814641
1102112             144231430114129140301420714939159151575415163141691280611555
1103111             107451033410147101161044211456134261465614824148541491614826
1103112             146781460314407142981449215371161641590815290142491281711569
1104111             107231029810002 99491024011185131631447414766150231516915029
1104112             148161472014538144131456115235160831575215209144191330612120
1105111             112611080210570104821059511047119581292513788142661436914226
1105112             139701360613280132371346614355153211506814643140701316712237
1106111             114021079710550105391072311173118321275313468138311381713693
1106112             135281332813223134851454015839156271516014607134941231211325
1107111             106831038910276103471079912047140401498715158152081526215212
1107112             150151500114824148311562316977168041629015477142651281511541
1108111             107551035910159101641053911731135661460414861149861517515218
1108112             151141511314972149211564216838166541606815288141041265011351
1109111             1053910138 9947 99511029011463134091447014748149221507915114
1109112             150361505714905148421559316797165691606015282141211268111380
1110111             1054610103 9877 98591016111247131961434014811151011536015453
1110112             154201543815410155311622116837165391597415194141421282011529
1111111             1068210211 9991 99221015210984124591371914502149151505815036
1111112             149051482814716147791566516680163771580815188143621322612122
1112111             112991079610549104451056511051117931270013567140021409213971
1112112             137471347613283133921447415688153921487714337136021263011638
1113111             108901044310192100911016510483109831171412568131831340313453
1113112             134021324513196134651484315926156971514514452133771224511214
1114111             10394 9972 9793 97851014411261132451428614633148491506915097
1114112             150511503514954151291617617053167581622915430142091275511435
1115111             1059710137 9917 98811017811280132681437214741149771522615286
1115112             152291523315091151361612316986167151617415382142281274811456
1116111             1058510113 9887 98711018911255132741441214770149891515815231
1116112             152101536715376156131661217220169301637615574143991291411582
1117111             1070810247 9992 99451026511368134051454714894151731541415472
1117112             154451552315545158521686017478172741684616205151181369312412
1118111             115621111010913109051128712422144311542815659157011574615610
1118112             153731527015135151771619017214169901651415955151101395512743
1119111             118381134211088109691109611568123441319614050144281451614362
1119112             140611378213606137361495215964156991517714619138391284411818
1120111             109711044010144100171003810328108351146312402130921332513398
1120112             133841325613157133251473215858156641518614459134181220011096
1121111             10351 9924 9761 98071019511340133621452614887150601517315167
1121112             150671501014888149831622217381172901686716250151511378212431
1122111             115151106310865108621123412422145031560215837158221581615705
1122112             155141547815437156591682217577173461692516250151981382812466
1123111             115001101210766107301104912021137791512615785162191651016599
1123112             165491654016454165141734617819174671691016248152821403212681
1124111             117071113910831106891082311273120481294313990147541509515087
1124112             145931375312956126151316213637136311358813478131181240611626
1125111             109881063810481104991075211372121641280513415138061392313889
1125112             137261353413397134941470315639153601489014355136221265411605
1126111             107741031010042 99461004410424111181182612746133231354813496
1126112             133321307912922130721438615277150431459814104134331250511478
1127111             1067810199 9931 9837 992510242107911145012410131351348213632
1127112             136421355413493137611524616168160221554014866137281239411224
1128111             1045310040 9855 98301019111354133881452314856150781527715308
1128112             151901519215082151401631917343171271656915815145801297011627
1129111             1070110227 9973 99391026011354134361455014867150501527015375
1129112             153141530515129151961643717365171631663615879146781307911718
1130111             107781032710082 99921023711263133051439514627148481502215025
1130112             149171489314792149141627617317171821675416087149521340511988
1201111             111221067110470104691086912096142061520715348153801540315373
1201112             152591517515062151971651417745177361736916778157071417912743
1202111             118151136611160111611153412696148311585515963158961579015651
1202112             154281531115194152881657617379170891657616000151471394112633
1203111             116891115510894108311099911484123771326914191146181466014489
1203112             142441395013834140471554016621164811604715563148651386612722
1204111             118341128111008108751094311266118491250513458140241414914131
1204112             141241396913837140051557916826167671629915672145281309711792
1205111             109471049510313103101068011849139501503715252154191553215527
1205112             154111533115175152731665617821176761716116407151711356211999
1206111             110151050810251101891047911583137051502315314154891563515664
1206112             155781558815529158701717217859176201707916324151311349111984
1207111             109241039810133100731035811428135041494015311155721581715869
1207112             158471588815860161641730317869176461721616527153851384412368
1208111             114241095610765107561113412290144561558215792158991597215933
1208112             158071577915692158501718318352182691797517402163131473513200
1209111             122391172811484114581180612891149731599416123161681605715925
1209112             157011555815398155101689917810175131698616352154471418412797
1210111             117661115510835106931079311240120921302314044146691484314823
1210112             147201452714392145981610717214170491662416180155261455213378
1211111             124451188411597114961159511928125591322714136147181488214882
1211112             148351469214579148431656417940179611764617078159481452213183
1212111             122981183311672117101210713299154741659416649165451642916252
1212112             159941586915742159721753318698186651837317758165941492313360
1213111             124241196211784118021221213438156671675716780166141647616260
1213112             160011585815696158891745518751186691829217623164661482013235
1214111             122301171811480114501177012860150521623116346163291628216176
1214112             159971595215894161241757018610184641804717393162551461413037
1215111             119531139811135110971139112488146091590216105162091627216261
1215112             161301612616058162451742718106178351743916787156691411012516
1216111             114081081510544104881077611854139741518515442155471559915523
1216112             153761531315213154051685617839176181710516531157271450613097
1217111             119951142111142110541117411681125751352214583151761532715239
1217112             150611497314994152861672617621174021699116585159221492513752
1218111             127631219711903118161189212262129591374514806154591568815722
1218112             156801554315477158081748718733188421854418119171011566614242
1219111             133311287412709127501314614389165381762217406172781729517229
1219112             169421673416540167641831419357191821868817975167381503513396
1220111             122381161611311112511162112738148771613116373164171642216346
1220112             161641611316031162591787519052190281871318113170261539013800
1221111             126901207311765116891197313076151011639216597166671669616668
1221112             166051661816557168001794918509182451781917140160281441312760
1222111             116161097910664105751087111916139221510115358154431549115376
1222112             151491506714966151661658317657175561716316597156311419612667
1223111             115191091310596105371082611733133961474915375156801575015685
1223112             154971532815175153011662117724174941707316594158611471213390
1224111             123061167811379112741137011792126391362214751154931576715734
1224112             155541532815221152981646817310167701623815919156091504414163
1225111             131981249812130119821199512243128421367514666152891548115514
1225112             153121482014303140951487515457153741521114998145031358712535
1226111             116371111910866107861096211448121821279013578143151473814852
1226112             147281448714314144851596917390173221699116486156221440713128
1227111             121961171211506114671175512624140261506015789162351648416543
1227112             163461620516046161901744518150178441725716517153901388912471
1228111             114251082010458103861062111410127971393614683152031557015774
1228112             157631574015634157591709518384183081791717357163791508013778
1229111             128271236012179121921249913385148041588716542169121705816974
1229112             167241651516337164681778118941187761828217650166491527613918
1230111             129081232412043119601213812873141181517515905163431655116479
1230112             161841591115610155961671017730174651694716310154861431313073
1231111             120721145611073109111093111240118801266513633145481515215343
1231112             152641508014915149441598616929165571580415066143621361712882
