0101121             121531149311003107561071710907113131167912303129121327913416
0101122             134811336013227133051460015830157381525614692139061293211839
0102121             109161035610088100251024610806116471233613179140461467914939
0102122             149161481814772149961640417827176701724416546154491408912856
0103121             120391163111434114571186913089152461645516659167731692516951
0103122             168841685916795170291835719809198491951518880177661627814977
0104121             141671374213526135511391815068171611829918321182731823218052
0104122             177951764217504176841892119926197731931218572173501579314352
0105121             134311294012692126461297114034160561724017366174441736417122
0105122             169091682616693168011786819038189681853817845167011516413837
0106121             129671249612255121941249113546155311672016858168761680216552
0106122             162781613615912159881692217815175291702416350154731428013054
0107121             121061158011295111801129111721124981331714155146631480414685
0107122             144161411213897140451507216105159161540514920142231330912305
0108121             114621097510686106091068911000116011223213109137881421714485
0108122             145311445014400146011585317156171301668716109151581390712813
0109121             120961175011622116671208913301154871674816871168891688116735
0109122             164521627616048161031718618646186011810217378161831466113314
0110121             124311199111749117311207113191153171645016510165941660116440
0110122             161691603215887159951704218233180991765116989158691439313109
0111121             122961188811701117531212313334154691659916600165011644316311
0111122             160821598915838159441697718239181701772317044158771436013023
0112121             121421165611427114221177612883148751625116633169051714417203
0112122             171361706016832167921759418502183141777117025158281432213012
0113121             120941163111411113701167612722147091600816260163301635216280
0113122             161321606616006162381724818260180941763217046161711499713827
0114121             129131237912080119871211212536133301413215036157501605015949
0114122             156961540115262153861638817758177531735516808161431535314431
0115121             135651304512835128091295313313139371460915558162711666016790
0115122             167771660716505166381771519124191481861518082171821610615028
0116121             142711387613717137241404114868162371724617939183251847418327
0116122             180331782717603176371853619731195131892418064168251534513978
0117121             130381251012271122081251613579155091663916806168141680116737
0117122             166491662916572167321766218562183031775216932157061417812803
0118121             118791140611163111341149912688148631600416122162201634516353
0118122             162771625916182163181728818922190601872818083169921559914319
0119121             135221314012983130121342514623168131796018009179181782117600
0119122             173251715116947170631792319123190891876018007168201532713972
0120121             130571254112303122511262113726157731686016984170341708217012
0120122             168201669816496165251726018618185461809117502166591551214310
0121121             134531297312680125651267213082138921485515931168671744317690
0121122             176871746417179170581770918827186321798817324164631540714371
0122121             135641311912906128111289613247138711455115454160091622916226
0122122             161281600715958159871673217845178511752516882158261464313442
0123121             125811214111964119731234413475155351669016941170811721517189
0123122             170241690716724167321749618606184521786717025157871423412827
0124121             119321136511088110171133112376144551560315719156541567315607
0124122             154281531015145151581591717312173281691616245151341374912451
0125121             116151119611009110191137312521146921590516005160941616716125
0125122             159641587815696156711637617917180211761116965158091431012981
0126121             121151167111463114531181712917150741622816305162561621516109
0126122             159801596815923160451682518051180051758816891157781431212998
0127121             121101160211368112851158312605145341584216246165101668916746
0127122             166321649916280162061670117423171671658815965151201399712857
0128121             119421138811107110011110111565123691322514134147141497114828
0128122             145481416913937139421460716009161251565515175144461351412522
0129121             117151123010973108901099311320119201252513427140411437514492
0129122             144481430014146142081502616691169521655115928149211370012563
0130121             117971141611268113121172012877150571622616379165191650416433
0130122             163051618516013160691674618338185391810017421162331472113365
0131121             125151205211829118061214713247153431650216615165971651916328
0131122             160491582215556154671599817484176841726016556154381395812640
0201121             117921132411100111011141512532146251583515954159631595315920
0201122             157561560415291151591559816984171721675016076149821352912237
0202121             114021097210775107931115112313144831563315847159911614616181
0202122             161171608916037161831688317927179791756616929158321440413124
0203121             122851183811678117011206213231153901645016581165421650316343
0203122             160461584515600155181598017259174331700316430155751441213157
0204121             122321171911436113271141211824126381347314355148911507514959
0204122             147121440214209142271478616213165251614215688149941406913096
0205121             123181187711669116131170212044126121330614227148151506115144
0205122             150821486814716147991544416828166061579815389147241421813052
0206121             121781176411614116551202713155152131623816383162961625316109
0206122             158221560215324152101568317176176061717016414152381382212532
0207121             117191129511127111481151912690147761581915929159411595615904
0207122             157431562315428154401597317381177331737516741156561422813000
0208121             122271185511735118081220613436156061665816787167031659916412
0208122             161561602115879160311669317985181891773517036158811434313041
0209121             121881175711557115701196013172153171630416307161751608415905
0209122             156481548215237151941564517054175831726316685156571422312978
0210121             122031180011627116611203713169152261626216263160861596115756
0210122             154361525415046149761541816650168521637315758149041377112637
0211121             117861131011026109231104111480122951319014241150521543615492
0211122             153491512614905147991525416388166131613515608149071402513110
0212121             124371206611939119491211112482130841375214690153681570215775
0212122             157081553815367154531610717601182031789017265162301505013931
0213121             131671279612645126781304814162161921718417260171551705416901
0213122             165801633116037159301631117653182121787117236161341468313366
0214121             125251209411935119331229813438155181650216566165151648516342
0214122             161531600915830157431607417315177851733516660155681414112877
0215121             120191155911336113131162612776148331593216149162011624716177
0215122             159841589315712156521603817183175801716716466153691392312605
0216121             118041138211220112971166112871149261592616055160781604615961
0216122             158641585915742157981636717431176581721816533154291397312675
0217121             117831127611008109651124912295142281538115706157901581215691
0217122             154261523814981148441510516136166141620215655148751378212647
0218121             118051133111108110151112911600123411313914018145191466814548
0218122             142631391413696137091417515326157961538214900142121328512341
0219121             115951116310928108551094511290117801240413218137801398714017
0219122             138621359413352133301380615133159381559915103143221334412392
0220121             117521137711163111981149912326135381447115215156821588915835
0220122             155781530015076150101546616815175221709316433154241413212961
0221121             122131182811681117431212413223149411593216241162261618616025
0221122             157771565315543155471600517220176771718016411153041388512622
0222121             117641127711065110311135312372140061506615405154391548815405
0222122             151831503114800146591494916071167491635215716147191337212147
0223121             113061083610587105591083911846135371463115110153651545315442
0223122             152911512814943147691497216031167751644115818148431353412350
0224121             115441108110867108801119512170137971502215771161651643116517
0224122             164161635616240161681647117142171791663515929150011382512661
0225121             117991128111007109071104011472121191287413784144871483414842
0225122             146841442614236142041458615631163481598715474147891381412877
0226121             121701171211476114251151911868123031290013756143031457014648
0226122             145701429714011139841443615634167431644315832148901372212682
0227121             120061166811553116221205313254151321613416241161861611615980
0227122             158011566715464154541591616965175371708816296151551373712453
0228121             116411119411003110011135612530143831537515577156401562315510
0228122             152881515214953148661517716284172871704016411153391394212679
0229121             118751146511276112661162312798146701574415995160801620916294
0229122             163221646316478165331697617927183331784017027158151433813046
0301121             122081178811575115791189512940147121584416344166621693617030
0301122             169801689016760167131703217858183711798217272161421468613392
0302121             125871214411911119261225213386151981628516611166981675816660
0302122             164791638316191161121641517169175261707116431155521438613200
0303121             123741186611547113801142611804124891332614352151081545415524
0303122             152961485114400141081416414899158411549015004142621333212366
0304121             115901111910856107481083011125115981227913266140421438714519
0304122             144891426914129141331448015456165231626615647146551344912390
0305121             117061139611290113721181213043149261597616186162261624816145
0305122             159021572715462153981574516805179961775617121160491463313417
0306121             126541231612188122431265613862156991667116760165831650416375
0306122             160791589315630154301571716606177591758516984158801439513077
0307121             122611184811628116351196213125148791575415784156781558615402
0307122             151731504314770146341483615666167421648915854147481331312000
0308121             112051077110549105021081911928135981463314861149421499614980
0308122             148381477214604145021468315460162991600015328142411280111545
0309121             107281030610088100471037311477133701463415039151811525215169
0309122             149541481714608145311470915331162441597015443146511354412410
0310121             116241122211024109821113911603122561322014139147071482914718
0310122             144561413713856137511396514647157261551915090143931343412490
0311121             117671155111335111151106711239116461210512799134281375713839
0311122             137441346613133129241298113358140131517614942140351286811647
0312121             108811043610268102921059611695137701497015133150741512615090
0312122             149361484014612144011434414533150181580615335142261280011478
0313121             1058110064 9820 97601001910999130031435114718148581495814976
0313122             148931486614716145691457914739149701569615264141771270811356
0314121             10451 9961 9714 9703 993110936129591420614497146651480014825
0314122             146921466014503143931450114842152021575915355143381291411609
0315121             107701030510078100611034311397134771479915102152391536215296
0315122             151051497314699145521465515022155201616015749148031339612074
0316121             111841068810474104191068311692136741489915279154741564615674
0316122             155611549915310151571511515163152991567715253144631333512117
0317121             111781060310306101651023210590113151214413171138621418214139
0317122             138861356013226129491288912941131871404313935133431248311518
0318121             107361025910011 9883 991410164106621123712107128141311413170
0318122             130321278412570124521261412934133521444314249132661201110866
0319121             10059 9644 9456 9452 977610868128971408314418146091484814970
0319122             149761503314916147421463014627147371555115191140311253111197
0320121             10322 9868 9660 9595 989710912128891403914321144681467214803
0320122             148621498014940148691485814897149151570315444143221277311430
0321121             1051110024 9743 9672 992210884128471400414460147421504715239
0321122             152881537615331152531521415212151531587715607145061299111587
0322121             1073510173 9890 97911001010948128901405214521148791524615447
0322122             154991567515671156451562115559153951606015836147581319411813
0323121             109191036310017 99091012011002128371401114469147691503115104
0323122             149851502014883147041460614447141621475314481136451251411318
0324121             10414 9848 9527 9356 9371 9685103261109512150129031323513297
0324122             131471288512672125711265912977133041383313580128861195110987
0325121             10189 9661 9396 9266 9289 9499 99971066911731126481322113558
0325122             136741353713384132811346813847141581474714448134421223011106
0326121             10321 9901 9727 97411008811199132651447414888150611514515077
0326122             149211483014613145021461115004154031635916228152591384512587
0327121             117851139311230112491161112733147551586815994159551590915803
0327122             155771535415027148091478614994152211614116068150841364312324
0328121             115021104210829107601105312113141071526415484155111560715621
0328122             155471550615209149611499615168153361591815640145921308211752
0329121             108811043110205101651047211514135181468815020152461542215449
0329122             153441526615026149351505515327156001613315830148151334912068
0330121             112381079510599105621088811945138271490515103151361516915052
0330122             147941463714344140761396913959140451482314819141471307611908
0331121             109871048510227101481023310614113141229113403140811446614533
0331122             144071407913770135771359813773139191451214448138731300412000
0401121             111841068710449103571040110692111231175912563130821327813312
0401122             133051322113134132111359614171145871507214690137361251211386
0402121             106451024010089101121047511647136491484515202153531542815315
0402122             150961493514663144481443614642147951561315681147401331211977
0403121             111521073210557105781095612123140641512215218151941516915038
0403122             148381467514455143051429514433145751538415473144491298811653
0404121             107761034110116100831037911473133561442014602146461474114743
0404122             146141458114456143021430414437145681527015237142431282911494
0405121             106911026510075100761042811531134631457514800149151499414944
0405122             147911469114434142271418114277143681505615213144221311011847
0406121             110011056010358103471062111513128931395314434146671472714588
0406122             143571415013850136001355913646136991430714464138071277111685
0407121             108751040410166100861021310628112271215613072135531366213575
0407122             133671309812853128061304313388136511419714183135301255211478
0408121             1059810088 9783 9672 9721 9997104751135212352129741319013315
0408122             132011272712249119831192312060123871333613811130641193210885
0409121             10187 9844 9717 97251008011205130441428214720149061507115072
0409122             149501483814598144321443414602147471537115396143281286911511
0410121             106961028610098100831043111513133011442314646147391483614802
0410122             147121467614478143081433214446145451518815247142041274211421
0411121             1060610185 9997 99981033211414132231443414737147891485914819
0411122             146711460414432142821431814471146181527215271142561283011527
0412121             106801023410030100241033711432132131436414655147421479314805
0412122             147481473014554144181446214631146771520915286143561297511654
0413121             108241041010212102131052911581132931440714625147031477114676
0413122             145091441214190139361382513747136321409514367136201250511302
0414121             10458 9965 9685 9626 973510153106891165212508130321323813184
0414122             129901275012541124681251912675127511324113470128071181910823
0415121             10031 9533 9242 9128 9148 9362 96641038811379121381253712762
0415122             128091271512636126621286713167132841376813982131851207311009
0416121             10231 9782 9553 9506 975910627118741323914255149831556515955
0416122             161991636516412164021637616245159411604216217150811352612071
0417121             110631048310128 99791019811045123671383214690152121559515789
0417122             158711603216049160151597715836154381549215635145021296511596
0418121             1060810042 9736 9611 982310655118951317413815141691444314569
0418122             145301453514398141861414514206142121459614692137481242411162
0419121             10329 9864 9605 9557 983410710120821334413930142911457314699
0419122             146731467814573144521442914377142051447514814139071255311250
0420121             10401 9936 9701 9602 984210629118751312213862143861477214955
0420122             149461496114833146531452514323139731412614352135371239011204
0421121             10330 9817 9522 9390 9463 9780102531117412204129421333713470
0421122             134641337513288132681336013494134371368413954132541224011199
0422121             10346 9828 9495 9324 9316 9483 97141041311377122141273013076
0422122             132521325913205132661354713867141151430914089131421200910949
0423121             10259 9895 9731 9698 997711034128581423814813151021531315400
0423122             153021523415024148571492115097150661523115188141181266911346
0424121             1049710092 9873 98311012811118127611400314402146301479114779
0424122             146661461314452142971432114410144361484515224142791279711461
0425121             1059910160 9960 99021022911237128821401914317144981462214670
0425122             146001456914373142431427014360144191475215023141431275711463
0426121             1059110135 9950 99501026911310129651411014418145471466114724
0426122             146681467814522143991453414841149351515015147141591272911416
0427121             1054010063 9811 9751 999510937125691384814332145641471114681
0427122             145291443714208139801392113892138471423014691140541293311756
0428121             108801038410154100671020410563110791209812943133861346113355
0428122             131221284612599124501252112699128161315513661131181217211172
0429121             10340 9875 9647 9573 9639 9843101661092611782123991265812769
0429122             127111254212359123301251412863130841350314113132991205410918
0430121             10192 9824 9690 97401011811193129941420114440145731467514664
0430122             145601453114374142251421414312144281482815123140531256811237
0501121             10388 9987 9773 9723 997010996127881421214775151291533915546
0501122             155111538815215150841518715402154021549915488144491291711568
0502121             1068410213 9974 99191018411180129581429214682149081509215100
0502122             149931494314768146191467014847149761524615354143761286611517
0503121             1062310163 9915 98561013211116129171429014727149581513415185
0503122             150671503314815146671473914902149611519415303143391284211478
0504121             1058710094 9838 97711001610960127201408714648149271519615231
0504122             151421508914863146641464914607144731449014662139311275711526
0505121             1054410000 9666 9515 9565 9873104491146012523132121351613575
0505122             134411321913005128581284612926128981304413536130361208311062
0506121             10243 9730 9428 9281 9283 9415 96991048611444121711255312704
0506122             127081258112409123741255912892130961337814037132611201410840
0507121             10006 9588 9407 9377 970410616123761373514195144901477714905
0507122             148971493114804146341456614506143991463115053140811255111164
0508121             10285 9823 9576 9508 978010704124671390314419147191499015075
0508122             149871501114870147931495815208151961527515223141741270711366
0509121             10464 9999 9754 9682 994410921127371423814789151201539115503
0509122             154461543715264151631527215404153201538115355143651286211507
0510121             1060910114 9860 98021002410919126651409614611148651507715150
0510122             150871504514857146791462914600144591452614948141911279911404
0511121             1049310000 9734 9672 995110758124911378814218144731466014733
0511122             146371456914380141891408913971137731374214211137141259411345
0512121             10411 9868 9566 9457 9503 9710103231135312361129681317813207
0512122             130991295912844128681300013159131861323313743133001229911175
0513121             10291 9690 9348 9161 9135 9150 95071040911521123541280213040
0513122             131511312613100131581331313505135541377814410138131255011300
0514121             10408 9942 9681 9610 990410782125151399214634150821547615710
0514122             157871578115655155121550415547154341543315529145461303611620
0515121             1070310195 9916 98471009510972127051416514816152331561315777
0515122             157901577915583154361549315616155591557315554145541306011680
0516121             107851027910015 99341018211121129151440815072154681577415916
0516122             159051594415931159311597815953157391564215991151241355112019
0517121             110031042110091 99421010910823125111385714411147431503315177
0517122             151761526015195151361511515025147761469315146144691296311526
0518121             10563 9998 9712 9614 985510589122891371114334147251503015169
0518122             151531518615070149531483414612142671406614428139411274511437
0519121             10464 9902 9567 9391 9450 9574102221131212440131441349413663
0519122             136571357213532136001375113884138071363113979136021254111378
0520121             10451 9851 9474 9313 9298 9274 96581059811746126541320913577
0520122             137661379213818139101409814285142751420314656140221262311306
0521121             10365 9907 9660 9599 985510640123871393614663151591557415813
0521122             158651597015877157471577815803156991564315694147181317411789
0522121             108741037110129100331029711164129461441315023154341582916010
0522122             159991601115889157861579115834156651555315634147851332511922
0523121             109171042110160100721033811132129481448415201156751610316381
0523122             165171669616676165601658416551163061611816396157101408312500
0524121             114131075910393102431046511255131191469915483160661654816830
0524122             169161698716942167891671216474161251594516223155461393312345
0525121             113071073910398102921051011284129651442715142155841591416137
0525122             161721623416150160721606615937156491540715610151621395212583
0526121             115421091310530103361035910515111161225313590146841543715922
0526122             162111630316365163661648116481162511594716101156461436312979
0527121             1182911088105911029210153 9996103491124912377133781402314460
0527122             147191476214792148701501015074148311454914825145211351912339
0528121             113921077010419102471026810366108411181313123142131504115660
0528122             161031626316373164961672316888166971649116716159691434512789
0529121             117651114310800107091093011772136241531316305171041786518511
0529122             189761938319538197291987019720191881878818540172101539513768
0530121             126271194611554113971161812422142661585416590170811748617732
0530122             178091794417892178481789617792174181714417348166181493713300
0531121             121021141411007108321101211735135261517715978166421722317613
0531122             178301811518208182751827818021174841693716976163521463012926
0601121             117511103910641104881061411207129181444615191156841609216289
0601122             163191640516341161641592415500150011475914971144891326911962
0602121             1094310340 9995 9852 989210109106361161112790137181432614570
0602122             145511438514211141201421314347142951418714240137661278811689
0603121             1080210188 9822 9619 9582 9564 99191076411899127891334713709
0603122             138511379213726136981381513984141001413714304137061251411311
0604121             10444 9940 9684 9640 990110724124611394514596150061534415451
0604122             154181536715203151021518915344152131503415065143121285411484
0605121             1059610115 9874 98051004410817125611401014589149091517215311
0605122             152801528115118150251506715099149361488615045144831303711663
0606121             1066610138 9884 97821004210782125171397014564149101524315407
0606122             154431549915387152911528715231149641484415134146101309511663
0607121             1073010185 9910 98361007810821125351393014578151151557415872
0607122             159071601315906158311578815659153361516715420149041343011956
0608121             109291039310073 99311016010841125281405314836154411598916330
0608122             164631667016665165381642916140156631535815492150541378112409
0609121             11355106751029810044 999810047107351190313126139171435714540
0609122             145521445014357143781453114641145371437314580144541344912248
0610121             112021054910142 9907 9798 9699101411116812440135061422914707
0610122             149961507515128152331543915582154831526615386150351359912157
0611121             111441055910268101791040611152129241452115380159801644516734
0611122             168911704517048170581707716926164611608216159155571393412371
0612121             113601074110453103361059011301130881466015491160091645116689
0612122             167961699416953168611682516669163331612216221155101397912520
0613121             115461099410695106001081011640133501494815703161331646616615
0613122             165931662616501163761640816397161481589915931154421396412475
0614121             114441084310469103541055011287129791454415355158261620616370
0614122             164291655616597166141663816514161271576015800154691396212418
0615121             113311065110292101611033010921125651415515120157541623016458
0615122             165261666016661166211658116340158351535415270149861370912298
0616121             111951053010158 9949 9900 9913105981178713058139251438914557
0616122             145541442314303142721431714351141771391114012138591287411673
0617121             1073310140 9788 9580 9538 9462 98241070911833126941321913522
0617122             136501358013537135801373913906138711376114039138651266611384
0618121             10498 9981 9767 9724 999810739122901384814761153551583316083
0618122             161311635416283162461627216178158481553015578151291359812115
0619121             111261052910218100931032511000126011421915139157111619316526
0619122             166821689116917168541685816811165571636116573162371477713238
0620121             121471149911158110131122611939137431585617540190782054621701
0620122             225732336623914243162462924656243062377923489228612079918712
0621121             170891607515381149221484915300170591917020880223052348224320
0621122             248342524925479256022567825468249772425323789230092088518740
0622121             171011602215291148211480115234168831894920659220932326824206
0622122             248232517825109247772399922967217132069620226194651789916205
0623121             148361398413386130181290312964134311435015585167121769118415
0623122             188611906619196192461908418491176171684216433160451489213553
0624121             125061173711243109431081210657111211217613479146201544216009
0624122             163721660916869171371737517382172051691017033167951548614034
0625121             129301226011880117451195012615141321581716786173191770417777
0625122             177101765317583175441743517320169571653216461158991438912894
0626121             118361119710846106731083011407128101429815229158291640016708
0626122             168551694416891167241663816499161291576715770152841389512431
0627121             114391083310471103731055611196126141416015154158481645316830
0627122             170301727817361173401731717186168161645816420160361460213103
0628121             120021133610947107451090911521129951475115985168801767718249
0628122             186581900519345195721984519873195021891418722182651662214852
0629121             135091268112192119691211112763141581585716966177331855119455
0629122             203592133322094225352289322902223872153020911200851824016230
0630121             146291352212775123141212012035127721423215921173921854719298
0630122             197462009120346206042080220738202781962719231188581749615927
0701121             145911365012981125711233812134125851381815469170771837419400
0701122             201122059120793205092018720100199551947119162186561705415299
0702121             140111317312631123681249112963144311626317677188211971820285
0702122             205932087421033209642089620757202831956219073184511672314895
0703121             135511275012205119311198012413138381564317020181171896119518
0703122             198912025920506206692077820569197611882118440177521645415032
0704121             138381301612488122441226112408128111354314552158151710918151
0704122             188941926119482197051995420078197271912318841183401735415977
0705121             147651392113384130771313513565150131691618457196262051121056
0705122             213882166821838218532180021632210652029519828191941744215583
0706121             141951329612713123831238512777141681602317587189032000520764
0706122             212572177722104223632250022424216752082520536199071833316628
0707121             153011440413792134071325113229137821509816771181941917419856
0707122             203212031719883194721946619584193621883818548182141699615542
0708121             142481335712738123421212011905123271348815028164681766818631
0708122             192591959819847200832037620539202451962919423189611732915502
0709121             140811312512521121821221712657140891581717018179741873619245
0709122             196142000720242203862051720441198781911718704180381627114470
0710121             131611233911813115711164212080135191523616454173981821918768
0710122             191601962719991202602043420341198411911418803182821656714822
0711121             135371272312228120011209712605140551582217162182151915319905
0711122             204182083821056212102139221345208212002919643190891733615495
0712121             141521327612692123881245012959144931631317729189122007820991
0712122             214752200622368225992276322575219392097620518197981795416059
0713121             145941365813082127671282913347147851667718207195402073021670
0713122             223562291023108230722292222408214902059920261196191798716270
0714121             149271407613516131841309013245137931487416335176441861819413
0714122             200262053121017214042166121687212742052220174196851820616551
0715121             151761420713543131061286112670130311424415921175561900320169
0715122             208382096620977210092104921036206962039920467197281818416584
0716121             154301468814215139661406314702162411828019864211372225723156
0716122             238522445024577246262457924397238302308122788218821979317725
0717121             162601531114696143131434914929165401863420312217972308323962
0717122             245692511825465257262588025667250772430723867229962102519069
0718121             176921683716298159711595416512179742012221630228452409625048
0718122             256492566725065238942300822628220532150121337206431889117061
0719121             156571464614003136101358714067152341665317479180531861419001
0719122             192361957419695198472000319947193731868418568179241636214717
0720121             134841276612311121051222812846140811554116500170011733017387
0720122             173021728417115168671673216555161541582115956155601435212997
0721121             119351124410822105891055510633111721229113630146471529315670
0721122             158591595416041161751638316483162751577215718153761426413033
0722121             119861131310888106261052110417107361169513009142011518215975
0722122             165381686217163174661786918120179261744717458170191569314250
0723121             131641246112059119181216112935143241597217180180801892719601
0723122             200712074821276216642190021811213012076220801200251828616501
0724121             152091440413897136681377614388157101751319069203472148122220
0724122             228602341423624234182301822507217012087920516194081737515405
0725121             139071294112344119951204012567138371546816618174041802118421
0725122             186931908019406197041996419953194201872618753180371640114723
0726121             135611279412334121521231513090145151606617103178131834418648
0726122             189101946519953204052085821105208802056920360193501767616006
0727121             147811395413408131361325414000153091682317904187911956620125
0727122             204762071020708206032047920301198061920418985183951698815447
0728121             141781328212693123361225612364128371397415409166921760718091
0728122             182771829018146177281736617195169301670516710161161506113879
0729121             128491218011741114871142611517117161247813564145371521115715
0729122             160201605816007159311608616308162161598516159156831449613207
0730121             121891155511196110511128011961132851498916297172711812218744
0730122             192111972420058202452040220287197451900918834179731620614468
0731121             132041241911955117221186312518138161543316586174111812418562
0731122             188161910119105189031870718499181611790818023172171571314245
0801121             131371244112017118421202512775141251579417032180581896419628
0801122             201292057020721205262035620110196511922119251184921683215186
0802121             140051324712767126071276713519148891663318049193142051021442
0802122             220832270623086233212343323323228002207721899209651904017172
0803121             156791472614068137321379814461157951754119118205292189322906
0803122             236022420624608247512473924411236222282522638217782003118195
0804121             165781556014810143321412114182146701599917738193402074321778
0804122             224232280323018230392284122413216562091920828200571865717145
0805121             159081502014447140811395113999142941534516858184691980120890
0805122             216992207822189221982205321599211542082420708198681842116883
0806121             156321485614392141641434315075163701816419591205972117821627
0806122             219082217822285223292223221857210222013819908188071685815061
0807121             136881283512293120461214212762140111566816852178241870619382
0807122             198522035520636208202090920692200901947719550186401690215195
0808121             139141306512512122371236813053143471607717541187771996620861
0808122             214962208522402225492249022173215592103821107200871826216403
0809121             149741416213615133621348914265155821730318793201462144822442
0809122             231072365623860238862374123314225162196321934208371900917197
0810121             158531502614485142431437015145164801818919599207392164222248
0810122             223852226221802211732079420366197991938719384186591735515905
0811121             147221393613413131201303113185136251475516154174411852119170
0811122             195471977619901199992007920043197251939919514187971755916175
0812121             149961419513630133171320213307135311422215406166281768818513
0812122             191411953519906202372048020529202131976419850189151730715663
0813121             143991356813040127671287513560147311640817816189962002220746
0813122             212122163821923220472215321997213152066720599193501745315634
0814121             142871339612819125371262813357145711624717563186911963120264
0814122             206282088720957208802083820607200991977719929188811717815509
0815121             143421357713103129061305713873152611663617504181381896319783
0815122             204002097021253213682127320938203872015920100189851724415529
0816121             141971334712834126091271313484147931622117388184461941720136
0816122             206012100821237213312136721145204421980619751186061685315082
0817121             137871292212382121121219612847139841551716920181101922020067
0817122             207632141321817219542193821557207452027120166190791744015808
0818121             144611355312944125491240212550128631363814655154591597316283
0818122             163331628716224161671621516210160001578515973152341409812861
0819121             118591115610674104241031610386104961126312420134461415414580
0819122             148211484314855149411518915371153361541015750149891376412573
0820121             116901114010817107061092311661128911430215432163851718717749
0820122             180891833618388183551838118322178381758917745166501505913547
0821121             124651185811466113101152512368137201513316208171091790718439
0821122             188021916419359194221942419108184671810618189170641538413793
0822121             126531195211504112711140212149133101484816022170271790618534
0822122             189151932519575196431968619446188461842318520174161572014126
0823121             129611223611748115591168512488137061530616624176871859819329
0823122             198972046620735208632089920659200301957619612184581671215028
0824121             138161299112458121741227212987141371564416944180461904319777
0824122             202572072520922208712077820364195941918719083180151650414937
0825121             136731287912341120321198312236126881370315033162191709217652
0825122             180021821618323182861818517925173961715717113162521502113706
0826121             126631192111453111511105711168113031214313428146251554616258
0826122             168201713017410176921797518119177891758217632165421502113656
0827121             125721191711528113541155112397136951523916531175981852419297
0827122             198782048620782208232077020501199882000419980188461719115649
0828121             145651387613464133061354314551162791773718577191071963120235
0828122             207522133821711218372187821572207292036720102186251665514853
0829121             134511259412000116851171712504138231511615922165011698517282
0829122             174841774417901180021811918030175241735417250160131433912790
0830121             117491111110730105801075811621130621441115378161681686517311
0830122             176041798818202183461845418258177211774717719165601494913497
0831121             124171170111295111171127912122134501484516020170081789018623
0831122             191431975920107202962033420151195211927919124180941669915172
0901121             137791311312654123341218412370126921366615110163481719217763
0901122             180531808918030178781776717469168901676616605157441456213305
0902121             122831161311172109351083710947110981182012981139751465515123
0902122             155051566215748157771580715830156031567915594148341376012605
0903121             116831107010691105031051910819111601185612978140741484915353
0903122             156271579715911160181621616358162191655716488153181380912489
0904121             116301112610893108521112612204141581557716351169781748617745
0904122             178521797417944180151817718379184381876818499173921583214422
0905121             134661292512662126061292514065161681768218512191681949819588
0905122             195681971219861199302010520080197201980419415180181615514480
0906121             132391247412035118461202712988147331603716799174361802918383
0906122             185511895219261194121942519175188091916518903176321589514306
0907121             132061252712116119161212613115148891625417206181061898719811
0907122             203902090521275214392143220970202652027419844186471706115452
0908121             142361342212935126641262012987135541450715912170861794618418
0908122             186591870418666186121860018588186161872218160170771553913951
0909121             127791199311430111021095811063113291187812845136911421214556
0909122             148191483614920150621534015565155091590715621144971311811863
0910121             110001048710205101321039211381130471420814879154041584016044
0910122             160291602715878157191569415669155331593515524143131278711433
0911121             1057910071 9794 9730 998010972126321375814310147641515215407
0911122             155251571815742157521581615816156561611115724144881293111570
0912121             1065810146 9886 98121004411017127511390114453149801553815931
0912122             161401641816497165531661916555163081677816352151141355212117
0913121             111701062310338102301045211408131461433115105157661641016900
0913122             172091758017742178591793017738173641775117289159911433512828
0914121             117751115510789106551084111773134751467215495162321691717432
0914122             177661813618272182501810817609170691728916780157651440413033
0915121             119871134410970107671077011106116391245213502142111454714649
0915122             146391453614413143531438614388143121471014352135241247511373
0916121             10533 9995 9657 9468 9455 9654 99611065611736125581304613321
0916122             135111350513503135781380714153142971489314432133401206510930
0917121             10188 9770 9548 9530 981010822125151366014309148281532215619
0917122             157701598416044160601610316130160961662416000147331317511809
0918121             109311039610110100561033511383132511451715224157571624316503
0918122             165981675316702166741687017150173571752916887156691414412834
0919121             119241137811048109111106311961137151480715199154691574815930
0919122             159761608516016159281590515776156591619415634144351286711528
0920121             1060810106 9833 97541000710997128071387414351147031505515216
0920122             152151532315250151321510815101152031581715326142061272411384
0921121             1050310019 9763 9696 994010904127571387514384147371502515116
0921122             151401516615099150051496114853148841532814837138951268411449
0922121             1055410020 9715 9607 9635 9979106351148512570133221371113823
0922122             138201371913675136731380514005143381479214367136501264811569
0923121             1081510243 9912 9745 9699 9893102411083911853126461310713346
0923122             134381338413350133991359613943142671486114294132001200710865
0924121             10034 9557 9331 9304 959010636125321369814221146011492115102
0924122             151291518815067149521496215112154021593015234140121250811201
0925121             10354 9904 9658 9618 988310921128591396914373146651499315130
0925122             151581524815209151501522615292155761607515388142391273711454
0926121             1059210125 9892 98391014011159130491424514881153701580015985
0926122             160191607015971158201591516172165191668015989148311333011991
0927121             110811057110254101651039811462133981449614979153051558515732
0927122             157441578015683155681552415450157031614015494143501288511544
0928121             1063710111 9828 97601000010949128771410514681150191527815394
0928122             153641536615212151281519015337155741550414831139331277111567
0929121             1064210097 9783 9631 966110039107521165412728134821386613938
0929122             138481362513447133431346913774142291435213872131491218311122
0930121             10296 9769 9469 9313 9316 9543100381071211783127221331113635
0930122             137811364013542134581364913941145061484414253131811197110844
1001121             10037 9599 9414 9381 969410783127551388314340146811498915126
1001122             151391514715051149561500215252158241613015431142191271311361
1002121             10461 9980 9741 9694 997310970129621406814539148861524015452
1002122             154791552615412153301542815761162751629315567144201292911606
1003121             107041022710006 99651023511258132831457215030153961571815865
1003122             158321586015757156931579416115166251660215979147681336512018
1004121             110211048110213101421038411402134531476015263156221592216057
1004122             160171598815823157031579316094165781651915861147661333511950
1005121             110111047110163100841032011237131211428114825153151576115998
1005122             160401610816041159371581315613159491608115436145151331612065
1006121             110921046710109 9950 995510270109591175212863136771412814352
1006122             143701426214165141111423214505147911464114031132731223111161
1007121             10305 9771 9467 9331 9333 9533 99851061411630123541274912947
1007122             130871307813081131401338213722144311439213845129691192310888
1008121             10106 9645 9428 9400 963710356116031268313557141461448714598
1008122             145061443514337142461443414957158201587815174140081256811284
1009121             10401 9926 9709 9677 997111037131201435314729149611514415220
1009122             151631514715009149161504915492162571622815500142931277411427
1010121             1056310089 9857 98011007211098131601445414820150571527915382
1010122             153581536015272152171538515734163241627615551143721286611503
1011121             1060310121 9858 98341012511168132261431614615147541483014816
1011122             147211468614504143931444714773157171598215413143071296111661
1012121             1071210220 9969 99221017911215132351436514699149941524115291
1012122             151481502214714144841450614823156441573815204143941322312039
1013121             111331065110410103211044710906117201260413521139361399513805
1013122             135121319512944128741308813640146631468814251135351256411537
1014121             1070510138 9858 9709 9710 9957104931123112273131331362313893
1014122             139531378613567134621363914072149671503114448133351211111004
1015121             10232 9846 9677 9671 998011067131261432314709151571546515595
1015122             155731559215449153411543815902166811644615648144261292911625
1016121             1073410221 9930 98151000610952129431417314406145751478014829
1016122             147241468114493143731450714958159941601815382142041289211650
1017121             106971024410046100291035311446135861470214900149081494814888
1017122             147821474614597144871454714977160171600715379142641273711475
1018121             1061910170 9974 99271023911311134531461014807148861498814296
1018122             145741456314942140331466215007159611595415308142151278411465
1019121             1056910079 9849 97961006011050130581441214886152261550415578
1019122             154941547715346152601537915760161271573415107142201303211787
1020121             1085210314 9999 9862 990210232109961189512922137191411414219
1020122             141081387613598134241346213751145831439613873131191213111097
1021121             10248 9697 9404 9246 9257 9481100121062811596123531272012914
1021122             129851290012836128711318713802148701461214103130491181410703
1022121              9928 9536 9377 9387 969810789129051405814346146171485514943
1022122             148741485514705145911468615150161781600415207140281262511339
1023121             10397 9903 9659 9632 988310986131031422514449145961476214833
1023122             147861480714666145701470815296162641599215242141031261411317
1024121             1047610018 9781 97241000011044131961441414657148251494414956
1024122             149041487214712146011476615394162431599415295142021268811407
1025121             1053710079 9861 98351010611186133141444214600147531488914903
1025122             148071476914599144761457015097160771590915277142111277011457
1026121             1058310085 9848 98121006711097131291430714575148101497914993
1026122             148731478914619144661445014808155271518814589137241255811357
1027121             10464 9935 9644 9503 9563 9957107781165812638133051360513609
1027122             135131332613120130241316213806146761435313819130741213511123
1028121             10318 9785 9465 9312 9309 9548101101089211916128281335413673
1028122             138641383713788138131418815001156821533214607136141247311368
1029121             10451 9924 9648 9583 981410691121881339914266150021541715524
1029122             15328150071435113669133241335912980120601126210506 9665 8895
1030121              8353 8061 7904 7892 8122 8813101071121511909124571290213126
1030122             132491328713183131931348014222146861429813678126251146610416
1031121              9713 9315 9098 9056 929310207120211320813502137791401214096
1031122             140511402313908138551401914412146891438614032132251200710866
1101121             10105 9710 9493 9446 972010701126171379213995141671429514288
1101122             142011415514023139771422615030157241546214841138281248111277
1102121             10438 9974 9721 9671 993010920128541411214351145131463014515
1102122             143921437014229141471438015039155651519514625138181271911583
1103121             1072010188 9931 9811 989110277110831195512805134021359913528
1103122             133531311512931128601317114026147981448614040133871250911588
1104121             1074410059 9761 9746 991610339109401181312684131091316113116
1104122             130331293812901131331436015463154991502314518132301199310951
1105121             104871017510056101261055611819139081502715300154271546115404
1105122             152731516514909150291613417469173851690816178150431367112430
1106121             116721130311176112281162712869146381551415673156521560215505
1106122             153241519915067151141604617503175211717816485154061405612893
1107121             122881178911460113741181712909148881582216185163951655116680
1107122             166771674516805171481795918792187191799217322159461438613106
1108121             122031177711556115591190213017148111590016375165201666516693
1108122             165481650116357164651734118089178481737716638154041393712605
1109121             118081136211124111071146012590144301533315493154761544915310
1109122             150381489714730147251555216634164151589215290144231329912176
1110121             113051084610582104881062611084118021265113494138861391413748
1110122             134971323613082131881422815370151671472114218135151260211628
1111121             108901040410133100131007610349108381155912494130351323713289
1111122             132621308712934129871406115307151121460813977130721201111024
1112121             10333 9941 9755 97631006610994123861348414205146121485214907
1112122             148391477014659146731572116826165541596615165139761256711381
1113121             1055310088 9841 98211011711212131701433414657148951512715208
1113122             151801519015115152671616317140169871651915823147381331412077
1114121             112861086010685107041109012303143541533715451153991536315234
1114122             150601494014860150201609817409173511695316335152591386712596
1115121             117581134011146111951156212708147361575715919159291588915736
1115122             155231544615321155061664117650175501713816479153751396912677
1116121             118591142511199112171155312679146161561815809157611569715502
1116122             153001521915095151571615217036168041631915774149431386912722
1117121             118361134411118110581118211667124451328114039144021438314200
1117122             139201362713441136021473915884157201529414834141601331312368
1118121             116091117210959108851098011340119151261513409138261392713913
1118122             137991365013581138991524816444163711593915371143671319012141
1119121             114521111010996110651148412688147661582215990159161584115685
1119122             154361529915135152521640317599175271712816485153591396112655
1120121             118181138711240112741165812873148491578915907158081568815517
1120122             153341521815067151871637817391173081690016259152511383712517
1121121             116291115510925108991123212293140881518215566157191573515623
1121122             153731525815104150591607317081168521637115721147831356412302
1122121             113501079910486103761048710986117331264813664143331462014617
1122122             141141329712572122031266813211132201319413132127771222211458
1123121             107751040610267102511049411113119251261413286136891381613753
1123122             135481332313202133441456915493152441476614218134841251711446
1124121             1062610118 9859 9755 985110257109791180612873136051385513899
1124122             138311366613617138561511716072159421556515133144751353812533
1125121             117211122010967108801097911302118111243713437141811462914851
1125122             148701471714706149991634917372172391677616209150041369812521
1126121             117371132911160111691158112758148331588215972160001597915885
1126122             157571564315482156481693818213181911780217102159441442413060
1127121             122161177211561115501190613034150971619716463165801670816760
1127122             167371672216628168421799918764186201812117336160811451313108
1128121             121941170711508115061186913015151111621816340163691641616288
1128122             160891604015999162331750518522184171801117365162551474413362
1129121             124701202711840118401218013358154681645616453163371627916156
1129122             159141583315692158781710118204182761791717216160791454313131
1130121             122191175611531115451191713100151691622116480165541649516367
1130122             162091616316110163591762118287180021754116961160751483013539
1201121             125631200511717116311173512174130631405415147158701619816243
1201122             161601601915897161051717917657173501678616211154171431413116
1202121             121761157411227110671107911348119131263213666143801470514809
1202122             148211465814515147251617517048168641638815676145411313511836
1203121             109691051110285102931068411864139691499415118151901524515176
1203122             150631498914864149731633317604175371712316442153041379012401
1204121             114611099810820108031118512347144431557615818159481604416034
1204122             159451587015727158701709917934177551723116464152611360812120
1205121             111531062110327102661055211626136751479614978150091507115054
1205122             150131504215017152601672817916179151757116971158961435712954
1206121             121011168411504115241194613184153591638616446163921632016123
1206122             158971577415662158741741618632186141830117708166411508813608
1207121             126691219811953119351228013398154551653816714166921662616446
1207122             161891613516057162311743917931176111704116381154741417812774
1208121             117371113210778106621073511167119891298514079148121516315192
1208122             150281481014708148891603116645163401579915265145131347612279
1209121             113221072210401102631034210651112531190412876136311402914245
1209122             143211423714164145431624617211171181671616063149911357412210
1210121             113201086310662106381100512135142111555115865160771624316266
1210122             162221620116064163171752418243180201747916701154641392412390
1211121             112831070110400103491068211811139051519815474155511556115512
1211122             153641533715277155321704918278182531789817282161731457613090
1212121             121541170111504115201192813140153061645416539164461636916264
1212122             160801600915889161801772318848187711842817804167271513113596
1213121             125571202811812118361219913384155331662116672164461623116007
1213122             157691565815553157591725518581185941828417731167041512713611
1214121             126061211611902118991224813423155181662216665164791629816070
1214122             157471553415418155761700518011177901735116813160111474713347
1215121             123041168411415113371146411947128771382214724151741525015081
1215122             147781448614370146191622217311171751676816325156441461713381
1216121             123791175911430112831132811625122601306214232151721567615980
1216122             162131628816332166791790818516183681787117187162251480213376
1217121             123291171911489114551182712958149811637616811169851714817182
1217122             170701700116879171231837919119189341845817726164881482013224
1218121             121331159511301112331152012605146371592716136162291631316281
1218122             161311603515909160931735118295181601774117069159471436512812
1219121             117031115410927109241128912437145291575515936159641596215890
1219122             157421576015746159631733118458183851800717417163521477313191
1220121             121381156911320113231169112892150101612816281162271612315957
1220122             157171567615728160761746118393182861793517426163791483013277
1221121             121971158111281112811155612572144911586816360165761667316600
1221122             163081605815747156621680017630173481686316291154731427712931
1222121             118781127610955108581095711377121921315614253149401521015276
1222122             151581504115024152751661817692176301725916810161571508413813
1223121             127641211311742115791160911921125621325714166147561495615086
1223122             151321503114914150141636017505174941717716745159521482013477
1224121             124041177511466114061165612342134071434615185156581580915732
1224122             154781527515236153821658917245165621588815453150451436913408
1225121             124261171011315111741125311621123031318914177149271519215307
1225122             152071479314372142201502015690156881561915446149791404212988
1226121             122091177711599116411198512857142641535016102165351676716845
1226122             167731673516683169281819318916187221822217547164781509013698
1227121             126801212811837117431196112698139361502015779164351686717053
1227122             169921688316725168321790818771185251797717272162131482613509
1228121             125691208111842118171210912956143081531015993163951652116416
1228122             161781597715807158511705818249180731757817002161311494513691
1229121             127471217411916117781186312236129491374114713154801586615956
1229122             159551589915916162211741318213180391749616822159371478813592
1230121             126481205811758116311170412023125881316214034147791527815594
1230122             157161559815472156021701118279182211777117282164071525914060
1231121             131731266012413123761260113282144211532216083166861691916874
1231122             166131631716149161951736918420178901701916148153381447113635
