0101131             128251216711697114401145011743122271259213213139571459014963
0101132             150591499915029153231674718116180401762816974159411461213460
0102131             127931243612313124181284614081162101737317567176871769917635
0102132             174811741617363175441870519989199131949618823176751613814818
0103131             140211363413478135291391615085172191835518483184441835618177
0103132             178641762217430175731864020020200591966718887176771605914637
0104131             137231328213071130511337514443164361740317562175781749317277
0104132             170071683716691167251764018687184581793917272163351513713873
0105131             129211237912065119381200412428131591394914767153331551115423
0105132             152621498014765148601597317341173001690016430157631472813609
0106131             127451220511903117991180512094126271325814117147391500515062
0106132             149841480214650147871606017485174691695016281151961392812778
0107131             120111166311544116021200613163152831642916496165011652116414
0107132             162011611015975160851707418530185881832817629165211507613780
0108131             129231248512321123261269113810158671686816867167271659016410
0108132             161511600315819158861693518346183011787417151160001447113141
0109131             123541193311772118321224813429156211673916799167761671016596
0109132             164541643316370165751755418438182921776117008157991426312901
0110131             120571158111392113471178312907149691602316040160071604315933
0110132             157411562215445155861652817899179641754716892157891431813035
0111131             122421178211671116831211313224152861641916560165901661716582
0111132             164561641316315163711717417887175581699116316154141417712979
0112131             120081145311139109901107411466122371309314046147631518715243
0112132             151041485514685147231557316468162791570315100144261340812310
0113131             114091085510557104271046010716112761195012951137981426714502
0113132             146071454614477146541557516392162551558815083140301277211628
0114131             108701047410275102731065811819138451506315346154621559515525
0114132             153371515115018150901599517327172671679916065149801360612310
0115131             115451120411002109851131912490146201584315992160651615416232
0115132             161491606515964159901686118177181241766416914157511426713002
0116131             120891169211519115631197913134149721617216543168491715817329
0116132             173681729717135171731790518914186571801917186159501446513153
0117131             123421192611740117471208813228153181630016347162871632616210
0117132             160641597415901160471710018311183011787917262161541475313463
0118131             126751227812123121201259413849160031718717312173111738017286
0118132             170441692516741167801749818792187371826817682168491567414451
0119131             134981297512645124921251612868135571432615126156961587615771
0119132             154431503614737146731535716659165471603615495147391374812720
0120131             119031135111057109181098111252118521243913263138561413414258
0120132             143321430314209142691505016566166191600515593149011403113008
0121131             123631200611883119351232613264146281575616522170741743017393
0121132             172211724517196173011817519296191091856317830165501515213858
0122131             130971269812544125811298714201162961739517562176021766117624
0122132             174921740717314173951807219626197991951818858178681632915083
0123131             143001393213811138791427615376175511874718793186221870918745
0123132             185531840918224183231901920596207332048119709185801725415849
0124131             149981465114513145261490416010182841932119448192161921019019
0124132             187471860218318184951910120549208872034819843186771721015883
0125131             150571463014447144651481315870178741888219028189861888518592
0125132             183121812217774177341839119551194481897618288173501615314949
0126131             141391368013487134391362614115149241573216620171361726217114
0126132             168291646516261163281707718561186561823017756170151602415015
0127131             142661381013586135051356513853144711508615901164031659116590
0127132             164401612615914159981683318508187821836917729166281537014236
0128131             135431322213089131241348614627167161779217931179541807018070
0128132             180271797417835179961873919764194171873717827165911512913826
0129131             130311259112411123741269213817158461690817049171201712417071
0129132             169531681216621167221737418574186081811817321161331460613256
0130131             124491201611753117151199713048149991616916394164761653116464
0130132             162901619016056160391664417666175251697116205150311338812324
0131131             114321093010676105831092211845136561482315016151771528215330
0131132             151261518114993151971587517320176991743016892158701443913278
0201131             124441202911918119831235113569155611664016783168611690916809
0201132             165861658616566166111711918357184581801317462166591552814370
0202131             135591309012844127591290013331141181493715764162101630716188
0202132             159081561215512156001628417580176721724916692159171485013843
0203131             130451257312309121681223212552131491382414780154671581215961
0203132             159701589515816159731668417997179061713816556158311482813820
0204131             128761244612351123931279214040160361714117234171171741417348
0204132             172281712016984169911764119181194631906518433171891561014358
0205131             135441310912905129001324214383164841756517737176961775017686
0205132             175171741317190171841782419114192561884118104169311538714066
0206131             131911279712607125531286514009160561702917085169911683316565
0206132             164801647016317162771677318240187351842917878168411538714072
0207131             132951295112815128341329014507166961767817871177611762017388
0207132             170461685816651166611713818397188361860718160171281576214398
0208131             135361301512775127091301413921153581649817321178981822118268
0208132             181141791017533172561763318754184661766316534153751419013158
0209131             124131204211804118141188012123126551310313888145151483014973
0209132             149551482814812148651538116928175281706316447156881465413805
0210131             131371275212600125471264212992135361409514799151751526515211
0210132             150151468214478145711520316806175301721016568156691459513750
0211131             129551264512472124781278913721152901627116837172561756717651
0211132             175851737717074169441722318278184531785417009158291439313128
0212131             123431191911720117391212013188149871586316076161411619516154
0212132             160341592115842159211636017524180181767117053159691456413310
0213131             124771204811879118801227213441153971627816310161911611915940
0213132             157151559215398153691585317209177981751616926159151449413186
0214131             123781191411707117221208213247152441615516193160861603115867
0214132             155751540215198151391549616758174311717716641156741433213170
0215131             123511195011771117641207913156150501598116070159851585415651
0215132             153581518414947148491510816180167291635415819150561397712818
0216131             120251157011328112471139611863126161350514543151981544015435
0216132             152141492214711146961510016294166171620215667149761405813140
0217131             123981201111829117811192212334129681377014886157751626016525
0217132             165621632816114161231659717868183851794717361165381551714519
0218131             138171345613305133261362214415156061648517119174301752817398
0218132             170701675616453163741678118141188011831617638165761528714066
0219131             132551283912637126341297813976155901655316737166421657316430
0219132             162261621116128161281655017639178931741316638155541414112875
0220131             120931165711483115581193413012147161584916261164201657416585
0220132             164951646416385163131671617890185921824017625165841525013996
0221131             131871273912516125191288313942155991665217030170511702216874
0221132             166851656116140164231671817927186931839517757167651541014138
0222131             133121286912645126201292913919154341642416717167401664616440
0222132             161411591215676155851587116835173351690616323154851439613241
0223131             124351194111631115191160811954127281356414606152641555715593
0223132             154741528315118151111551716491168291635415724149111395612913
0224131             121371160411305111831122711478119661256513598144631495615325
0224132             154811536915196152051562116810173211683516101150731392112874
0225131             121311168311510115511194113097149631588716032160841603715956
0225132             158051572215648156411609017207178221739816696155041412412897
0226131             120841170511515115131189213065149641594316018159071589415763
0226132             156841563715511155651598217120177821740516710156431420912928
0227131             121171169711496114841181012942147901593116339165401675216826
0227132             167921676516663166991708417901181441763016827156671423612922
0228131             120791166211389113621176412836146991572416020160621607215953
0228132             157101551315301153181569516655173441703616440153931391512740
0301131             117901142211210112231159612681144561547915735158581591515807
0301132             156611561415524155311585516610169771655615969151241401212864
0302131             120561155011313112351131511771124161331014153147411488914832
0302132             146241442414317143431470215558161121574515242145611364212632
0303131             118701140511174111281116411496119741270113630142121441414463
0303132             144181425414135142351476515873167061642315752148121360012487
0304131             118281148711381114521188713116149911601116186162131622916144
0304132             160221588615702157841611917180180671778417086159171441113117
0305131             123361194311800117651215513290150901607016175161241604915834
0305132             155841546215292152621562516545174051715916466153711392612678
0306131             118621146511219112521166412801146941583516120161781630116265
0306132             161071609616023161531660917472181011774317047158991449513112
0307131             123101189911719117391212213278151821629616627168271696216986
0307132             168621677816650166771702417836184601810217341161341466513389
0308131             126691214511992119861236213357147751582616552169961724517342
0308132             171971701816664164041648817016176181711616419154821429513150
0309131             123201185411603115471168412157127261353914257146201463914467
0309132             141581380813514134141364614447156091538414951143281344612535
0310131             118631163711452112751125511478119621243113180137721407714194
0310132             140661377213473133381346913943147921586115597146661347512297
0311131             114981109210926109181124912295143331556715786157851577315651
0311132             154391528815015148451500215496160891668716207151181370812374
0312131             114841100010756106901096211985139771524015479156191576615835
0312132             157841572615580155641584916284165661679416203150491355412169
0313131             114131089010602107381091112155141811533615454153701538715298
0313132             151231499914736145361463314969154321634916093151851380012524
0314131             117401133311175112191154312679147941599516209163021628916163
0314132             159931594315788157531594216318168341763417394164601503413689
0315131             128631246712279122831263113682156581673916888168561674916511
0315132             161011580315527153461543715629160031649716134153461429713115
0316131             122561175711491114221153111949127331354414436150091523315202
0316132             149041454014295142121420214440149971560115340146631372412755
0317131             119941154511333112781137711691122991296413835144711472314814
0317132             147471449714287141651427214606151841624516093151861400312938
0318131             122621192711941120011241813581157151683116958168831679216554
0318132             162371604615800157411597016580171671764517139160451461613367
0319131             125561213611959119151227613199147341584916588169971724717426
0319132             173891734117043168591685917079173211774217200160571459013296
0320131             124321203211864118731224213323153421632116488164311645716377
0320132             161761599915713155031557415917162871714316947159321450813202
0321131             123881197411808118081214713276153401639016504164001635916245
0321132             159731582215603155091569716062164571718016874158561444613173
0322131             123601195211780117841212713218152421631416450163201616615987
0322132             156691554715355152241526915458156751632016149154131434713184
0323131             123861187911643115591167612072128181361314461149561516015066
0323132             147691440214084139061394314178145371532215254146231369912722
0324131             119101142411194110981116311450119701259213401139491414414104
0324132             139631369713415132941344113884144171538315276143221311812002
0325131             113011095510850109151131112465145421569015873158591583415752
0325132             156151558715441153731561816091164531690316457153301387512578
0326131             117671133111147111461148512618146531573515930158521577715594
0326132             154071524314965147621483415124153991621616116151281372912460
0327131             116911131211162112291159812754148011573015717155551542615300
0327132             150751500214840147491488515183154271615615989149961359912313
0328131             114531103310851108441117512252142941536615595155741557215430
0328132             152021514415381147471441415295155051603415813148871356212308
0329131             114191093910716107201099211862133231431114746148791488314735
0329132             145291435814180140041404114264143961491814795140511301111911
0330131             110911058410332102671037810765114661235113253137311384613738
0330132             134851316012887127311279913065133411414414270136901280111765
0331131             109421046610247101981029610637112191202512918133971345813383
0331132             131441266712257120901219912542131741413614130132831220211193
0401131             1050610139 9989 99681029411443134021454914771148561497614937
0401132             148191475614626145641474415200153941599015884148581345712240
0402131             115101111910971109861138112599146221568715832158391591415829
0402132             156531554815323151881532115675160071678116749156971417912874
0403131             120421162911425114191178412970149281594216014159561590515764
0403132             155351535215062148651491915182154991640716454154831408212751
0404131             119501156511394114111178512957149181589815917158001566215453
0404132             151261491514614143961439014573148871577015862148821342512156
0405131             113511091010691106811100112094140561518715478154771539515226
0405132             149011464214328140821401114046140681469514849141261307211968
0406131             111531071110497104541061811112118801285513748142711439714326
0406132             140021362413286130781306713280135541426414521139511303612061
0407131             113101084910625105511064110939113651207112925134661369913762
0407132             136891339413117130571326013677141341478314791138111255011400
0408131             105971021510050100541043511584134791459714847148981492214806
0408132             146481454914342141941415914259144151518615219141101266511403
0409131             1053210027 9826 98041010211200131191431714581147171486814946
0409132             148891486414678144991447014516144831511715186141101262511311
0410131             10450 9936 9725 9705 995611002128921409914459145631468614710
0410132             145951459314482143981440814631149061543015152140741264111358
0411131             1052010076 9829 98051008811154130481425414564147221485014838
0411132             146961464414456143151437914619148841547215345143601292011637
0412131             108451038910179101731045911537134501477815332156451595616079
0412132             160771600715792156621571515836157911591715667147631358012366
0413131             114701096010685105741065811038116601262413578141201423014029
0413132             137091333313047129121297713226134211392614026133801245111440
0414131             1072310241 9979 9890 992110201105451121812059127491312513207
0414132             131661298612807127501292013186133631395714345135381246111442
0415131             107581038910241102861063411589129451406414544147161480814745
0415132             145121437014094138411380813946140821469615006140801277211584
0416131             107891038010191101691049411488129171405314503146401473414702
0416132             145481449814355142601439014557146601501915020140271271711489
0417131             1064010166 9919 98621013611022124361361914168143901455214543
0417132             144531441614289141671413614159141281448714858139601258711341
0418131             1048910045 9822 98141015011129125221367914214144651460914643
0418132             145371455214392142321422914359145371495414986140331268711461
0419131             1060910127 9882 98191002510970122821354714186145791488214971
0419132             149131485114696145061441414411143281449314454136831263011488
0420131             1062610086 9752 9574 9579 9876104131132212341130841340213413
0420132             131971290412678125031253612707127951315213617130551217611240
0421131             1049010053 9833 9759 984210118104511119412053126461289012941
0421132             128441262512399123111249112869131741376514332135281232911229
0422131             105031012110022101241049611631133771451214701147491480114750
0422132             145881451414281141051415714372145501501915459144691307111801
0423131             109841056010367103421068511769135701488315304155251570415757
0423132             156771564915506154811565515946159691609916013149621346612122
0424131             112451076410521104911078011829135691469614874148771488014808
0424132             146801467114522143761430014282142481469915080141181267311360
0425131             1050510041 9813 97781002011000126751391414364145111461714592
0425132             144571443014268141031407414072140201435014897140311266311400
0426131             1052510104 9914 98921019511192128361396914265143751447814425
0426132             142971423914049138371372613672135651381514266136041249811366
0427131             10493 9998 9749 9667 977610147107211162512421128751301312938
0427132             127621251612317122071229212475125751290713408128351188910897
0428131             10104 9635 9382 9301 9352 9550 98821064611519121321241812494
0428132             124091225012115120841226612624128531335913870129691168910502
0429131              9770 9393 9242 9262 958710594123941369414075143071452514614
0429132             145611456014384142451426014353143321461114911138481235311037
0430131             10207 9757 9521 9491 976910773124691366013996141711430614391
0430132             143411436814303141741413414139140481426114809139171244311088
0501131             10248 9795 9583 9573 988110876125701372614060142361445014534
0501132             144961453414425143211429814277141571433414876140061251611136
0502131             10244 9805 9581 9566 983910758124511365714106143811467114847
0502132             148601492014837146711453614454143551458214881139451249011167
0503131             10296 9828 9594 9546 981610685123391357713992141581430814354
0503132             142751427014108139491386313774135931367314192135601244911230
0504131             10320 9819 9564 9447 9520 9778103621135312270127831296212965
0504132             128141261612434123451240712581126221280013417129331197410934
0505131             10145 9668 9418 9325 9388 9535 98951067611554121801244112501
0505132             124601230112160121441234112679129041318713826130801178010616
0506131              9880 9508 9352 9349 969410664124591374814166143411447814597
0506132             145981466214576144751451314530144301453515038141001251511149
0507131             10286 9822 9596 9574 982910722124341369214188145251477515055
0507132             151051521315191151211513015063148901492315414145101291911492
0508131             1057810046 9774 9680 992610789124881392414519149401533115511
0508132             154971554215433152851528915321151821524215373144041286711493
0509131             1062410106 9843 97781001810932126171403214585149121519015287
0509132             152581528015183150741509215136150221502115166142651277811432
0510131             1052310012 9753 9662 990010742123771372414370148081521115422
0510132             154381551215471153531519214940145971458314943142351301811709
0511131             1069010081 9731 9563 9595 9865103961143912589134231385613999
0511132             139641378113556134241352713716137321370713941133661239111294
0512131             10395 9845 9530 9358 9359 9506 98431068911766125801295413029
0512132             129541278612613125161258812736127861301413653130771184910656
0513131              9855 9438 9259 9256 957910459122131352514038142851450014567
0513132             145211450414334141981419114287143261450314927140291256111206
0514131             10367 9968 9795 97571001010935126711388014166143151453914619
0514132             145431453814376142481429114388143681447014916141211263011270
0515131             1045410029 9864 98641018611100128591403814345145361474514856
0515132             148161480714683146481477214942149901502115145142401271511348
0516131             1049910031 9764 97421001410859126011393714482148051512915284
0516132             152591538315408153661536515256150581502015396146441313711662
0517131             1067510120 9799 9696 991510648123041365214201145221477114884
0517132             148551485814764146301457414422140761391314301137791260011364
0518131             10445 9883 9577 9434 9487 9668103291136712390130071329413389
0518132             133081312212964128571290713029129921303913507130921210911053
0519131             10154 9625 9339 9195 9211 9270 96171044811456122471269512957
0519132             130331293012852129131317413531137621384413994131371189910775
0520131             10004 9603 9427 9422 973710705124971395914611150751550415815
0520132             159961622316299163611641516383161231598616333154901381812266
0521131             112241065110345102071041811215129981447815199158031645816989
0521132             172841752817563174481726316986166981652916414153421365612179
0522131             111351051510178100511030311157128231418114724150431538415592
0522132             156971587315907158901595615934157361569815882149881344411982
0523131             110561048910246101691038311293130781456515212156451607316255
0523132             163961656816569164751642516387161781608816165152591373012263
0524131             113281078310491103501056711369130411459415320157851608916207
0524132             160641593415637153551520015082148341459214570138211262411425
0525131             10540 9967 9688 9537 9568 9787102711122412343131891365513799
0525132             137441353713346132211328113506135601355113788133481240411359
0526131             1056310060 9736 9610 9632 9689100731083111841125731294713072
0526132             130261279012562124291245812650127211272813162129381205511047
0527131             10278 9795 9535 9462 9558 9662101701095511869125541286112952
0527132             129011270312528124871269513025132031334313863133791201610761
0528131              9938 9528 9347 9342 961210379121701360214242146631503915221
0528132             153091541615316151941516015111149501487615187144401293211562
0529131             1070610227 9990 99321020611032127241418214802151941554615737
0529132             157941592315985160521623816309160851601316268154041374712266
0530131             113461081310511103851056511294131741490816006169361780418456
0530132             189781948919734200002023220222198511947319525187751677614857
0531131             134811265912114118321194712578144591629817627189502013120978
0531132             215662201622286224572247922188215322078120450196451783015885
0601131             143921338112729123171212112085128851438816107175881881219631
0601132             200932039520634208302093820851203761960819398187841731415673
0602131             143251339912778123881219612000124631366515245167031787818760
0602132             193481962519791198621981219596190001847518347174781585814254
0603131             131511248512120119801220713088147851616916768171791747217631
0603132             177651808918327185301866018626182511779217627168391497613159
0604131             118871113510627104431058611196128761426714847152921562215839
0604132             159001603616031160591620016204159291563415699151481360112054
0605131             110331052010210100731028510905125771403114719151871559915865
0605132             159521615916231162631628716111157481546915621150951361612179
0606131             111871056910235101101033511005126961417514910154571591016191
0606132             162621636616214160161586315677154631538615554148261339712014
0607131             111201057510254101521035811096126811412614816152471558815710
0607132             156621561815435152491522615221150581485614745140751296511807
0608131             108991034910036 9863 991710079105871157912756136331414214370
0608132             144261441614420144741462414761145811439514546142851328512093
0609131             111211044710055 9781 9718 9625100931108112299132731394814345
0609132             146021469014751148821520715526155651543015565151881380912322
0610131             113171068810383102611051411203129281444715261158321624916420
0610132             164411648016328161511611516195160661592015807148771339912008
0611131             111081060510342102531048911282129561438815043154611586116078
0611132             161811634716339162851642016531164011612015878151261361812192
0612131             112081066510357102581048711215128881433515021154711581315990
0612132             160001607216007159521598215933157131546315537150611366212195
0613131             111941055710206100951029710964126791415814911153601571215886
0613132             158471581915633154941553315575154811528515188144111302611721
0614131             108461035510089 99901022411002125811399214661149581522615379
0614132             153491540815379153471537615304150201474614814145861343512138
0615131             111371049210110 9941 9903 9958106651179013012137941420614382
0615132             143901433814345144431466814812147501447514469143301335812188
0616131             111731050210080 9844 9763 9650100671096512098130451363014010
0616132             141881418914098141131429114549145861461415007148161364912394
0617131             114371087110539104481064811350132131496616118170041782318397
0617132             187421916319291193401934619089183091769517299165651488813231
0618131             120541139511013108411101211663133601498315924166391729517757
0618132             180371832218099175981727817043166321625616101153181384312437
0619131             114501085410477103171051311167127741427315035155911606616345
0619132             164691667616699167471682116724163481592815866154251389012390
0620131             112671058310231101181030310937125461409915006156431619916607
0620132             167901706417207173281742517313168821642016336159721444012902
0621131             117811109010684105121067611243128231446315501162761699517537
0621132             179261839618585186741869518490178921725217007166461521313663
0622131             124551163811146108521077110791114311265613992150911588516460
0622132             168431705717239174501760417563171571659616468160891491113550
0623131             124561174311271109991088110776112371229213703150831633017422
0623132             182691890219387197882011320265199921951419346188751732615655
0624131             144611372213276130661321713909157251780019436208722225223276
0624132             239912461224902250712512924840241352318922330208691879116740
0625131             152381433813765134371351214152157531756518966202972162422695
0625132             235062416524454246522465024345235212264322162211081912417096
0626131             156671474314138138311391814566162771819019605207622173122231
0626132             223182240022235220002165721275207252020419817190901731915479
0627131             141331331612817125671266213325147411622217078176621821118630
0627132             189171922019251191041894318723183271800317939172081568714165
0628131             130431237111986118191202412765140941583016979178911857019033
0628132             192061950919706197871991719794191751855518295177721643514931
0629131             137271299412516122301216812305128961409115403164881725517742
0629132             181771852118796189521910319065186721802317768174721631214959
0630131             138211303312541122421211412040124311344614848161651732718283
0630132             189751932219363192361919819241190041861518595181681678215263
0701131             141591347613110129661318613895153961705618159189501959220025
0701132             203052053220471203002021920135198361953419429186581707215439
0702131             142561351513103129721312813902153911701218106189111955420026
0702132             202952055520669207882079120634199811925318956182121660314943
0703131             137091293312447122431239413058145381635917708188101986120593
0703132             212972199622425225382263522396218682105320583199661852716925
0704131             154531448813850135041340313462141831553617268189472030921264
0704132             218002204022131222632242422406219002115220705201321901917565
0705131             162421532614717143741434314598158711779519638213152269223646
0705132             242792463724803249502503124850241772322422646219362032518568
0706131             170841602815330148661466714549152611687118811205132174022551
0706132             229762312423192232382332623261228792219521676211341968217987
0707131             164811545014751142401395313709141561547717229190032053121616
0707132             223462285423210233532312122806223482185221661210571942617640
0708131             163221548114954146891477315377169471889720412216752266423367
0708132             237702414824219242722419123824230232207721505205401854416591
0709131             152131432413790135151360314226155861715218151188771962620141
0709132             204452068220673205252050420465200511957919506188771723715592
0710131             143671361713183130091320613976154561709318176190511998820891
0710132             216022218922409223862226922046215812112620971202111850316741
0711131             154511462614126139121407414764163491803819085197392012820475
0711132             208362128821550216632170121601211222053220272196601790716109
0712131             146661372813157128901293213448147121620717226180371860319098
0712132             192361951419506193891918518762180221744617328168101553914159
0713131             130451234511915116631162911812123581332714465154201610016515
0713132             167941691517075172601748917672176251740417503172821627515039
0714131             139851325312783125261244012448128551401715745174631892820083
0714132             208622131821651219802224022397222362179621663211611946717611
0715131             162361534514773144591455515150168081898820824223642376324730
0715132             253632580225992260872611125941254422470024208232572105218863
0716131             172471620915428150141498815472170131910020753222402363224666
0716132             253532591926116261822625226066254532456324035230512087218696
0717131             170341602215346149751500315534171171926620974224142379124775
0717132             255162609226376265412664126521259132511224718237112159219410
0718131             179111694516331159741601816597182212045622267237362500825861
0718132             263562676126884268532669726320256292489324595236722171919677
0719131             180391708016481161601625416856183842049422392240332544926475
0719132             270352736427370273742737927088263232550425174244762275520841
0720131             191841810217356168791659316511171251856120176216812298223861
0720132             243852465624668243542379123562230262231221938210941941717614
0721131             160941508214377138851360213443136621457215796169311784318515
0721132             190021924919399196351992920085198151924819224187011724515692
0722131             144871373913288130971328813956153741701818207190841993720647
0722132             211712173321931218572166721363208522035420284193901768816052
0723131             148411414413724135671377014559160041752018521193232018220922
0723132             213892176322092222772206521609211162056520371196091798316268
0724131             149821420713745135171366314329158181766319072202092123221908
0724132             222252236822387221902198021756209622006019645187361685514927
0725131             134991260512029117341181812412135291476715481159091627516437
0725132             164091640416265160841602116024158451569115722150231375612507
0726131             116121108510795107181094511694129491438915347159861644816709
0726132             167621686016807166791667716662164381617316146156441446213145
0727131             121181145211027108061078310943114771264513974151661610116738
0727132             171281731017490176911785517917175831706917080166131542714112
0728131             130191233611873116301154011607118331259213741148611582316650
0728132             172641760117767178221781817816176241746417527168221550014158
0729131             131911258912254121621242413220146351627917508184791938920181
0729132             207022113921481217172167821444209392017319805188191698915165
0730131             138221297612458121531219412743139071552216678175481829018799
0730132             191381949719722198601997319848193481864518514176771600214328
0731131             130921233111861116511177312370136561530516523174161819118786
0731132             191551952519775198971997819797191811859418639178551621114569
0801131             133491256612095118591199012665139631559216921179281877319289
0801132             195011960719526192291883818492180581783217806169621550814057
0802131             129931233311959118121200412745140211545916583174861831818895
0802132             192921972119929199861991419678190451831518184175251614514679
0803131             134951270312160118341174311932123541325414362152251570015911
0803132             160501609516138163091659516750165791617916307158311474513462
0804131             123971164611165108371070410695108171168712942139981479115337
0804132             156891582915973161401633516345161361575715899152591398012647
0805131             116511103710694105981079011453126631419115212158191627316505
0805132             166191682016911169881713017179168371634516375154881394912539
0806131             114981088310550104141059411247124221384914954157111639816834
0806132             171081744417564176061768717619171911671416810160001451113001
0807131             119651132710954107961097411646128681439315517163261693517338
0807132             175671782917986180221803217833173311699717181163781492413540
0808131             125751194811633115721185612668140221548716563173881805018500
0808132             188231919719471196771984019772194001908719306184721694115435
0809131             142881360713216130551326514071154281694918019187491924419486
0809132             194131939019218190601909819075188211855418690180021677715307
0810131             141491338012853124731230612385126711376015092161601689617340
0810132             175501761017646177171785617839173791671716678159461472913360
0811131             122491149110991106921055710543106891152612683137081441814893
0811132             151871539715617159021626016507163671609116367156551437213098
0812131             121431154911228111341137312119133101479315956168641759518099
0812132             184781892019185193561950619506190561850418585175471586814285
0813131             131141244312043118731207212845141331557116594173341789518155
0813132             181751816718041179531805518117177851750717659167271524613801
0814131             127491210211704115151162212239132861458715520161351661916917
0814132             170031710617150171441717217057165951621216376155071406912656
0815131             116451102910675105181067311347124921393514979157321634216687
0815132             168311706517130171581719417083166331629716479155861418512782
0816131             117321110210726105521070111381124671392215089159391658716963
0816132             171391732117358173021731417157166661625616348155551431512996
0817131             119191123910820105631052310724110761209713394144371510115489
0817132             157291576315806159111608316126158261557815810151341403612839
0818131             118741122510806105681049510575107291151412608135911439614991
0818132             153181545715424154301552315720157021579415978151751395112720
0819131             118151123910916108211105011808129841449815782167791764718249
0819132             185991893519009189081876518608182791812318215171751556914080
0820131             130041231711868116571177412505137231521616503176101856619319
0820132             198842037420680209512107520956203541981319747185131668814960
0821131             136821287212347120831219412898140911565817026182501930520332
0821132             210422170022065223282241622196214252087420710193771746415643
0822131             143151347312932126751280113557147731635817742188811990220611
0822132             210012121821259210922094220774201721995619999189591726615633
0823131             144131361113144129121299513632147141611217201178691838618816
0823132             190551925519219190061879518396176411716917149161721478713378
0824131             122271149911009107211064810856111811212013330142311479215085
0824132             151911520315228153641555015630153901514515191143781328712096
0825131             11222106261026210044 999510121102771106612247132921405414602
0825132             149701518915420157251608116331161831614616264153311402712800
0826131             119521142211165110991137812279136891506316015166541725517807
0826132             182771856418685185871857318548184231864018540174321582614348
0827131             133221266812334121701241013331149321632417313181741888819392
0827132             197082020320568208612107620965203792016219973186131672614960
0828131             137181294312487122291238013234147241605817160182111927520140
0828132             208072137221607215962133020788201001998719695183111643714757
0829131             136061288412468122831246713392150391626816958174011775217904
0829132             178801788517729175781749417366170801718317041159341444513000
0830131             120341143911122110041121412081135251482815734163841700117506
0830132             178541840018795191181932119220186571854018416174061604414654
0831131             135621283612374121261209912407128881377215010161121697117546
0831132             178971795217955179481797718007178821806017968172221608514841
0901131             138321310112642123341223712323125961324414396155201640816982
0901132             173651753417687178041800218058178881803317951171571604914845
0902131             138551320112789125971263612943134011400915040162841732017990
0902132             183121845718382183191849618687186061889818683174971590014447
0903131             134481282112459123231256913576152801667017634185011925819670
0903132             198521979019574193831937919257188171882718459170151516913550
0904131             123981171411335111371131612191137991497715810164701705817463
0904132             177911814818425186051875518616180901808217779164851479313223
0905131             121861155911211110661127812206137641498615745162331656316734
0905132             167681682516717165111644116360160321623416017147841327411888
0906131             109411041110097 99901020311070125671367414277147341509415260
0906132             153081543215365152551520015087148321502614819139391276311573
0907131             1070710135 9830 9663 969210042104781134112458132681375213994
0907132             140901410314127141741427214383144541487314664139251292411869
0908131             110521053510203 9918 991210080103751105412287133291406714518
0908132             147361471614608145331458914737146531497714725135911228611095
0909131             10315 9863 9640 9606 989110864125201368114263147241513415323
0909132             154061554115466153791550815498154451597315569143831288811569
0910131             107811033510121100881042311459133751466815280157841626016531
0910132             166131676916825169391722017425174511798817742165781499613562
0911131             126181205611787116471191212993149471643717541187592008921289
0911132             222892322423791242612445124168235782368222917211251889916736
0912131             153221444813911136001366514585163301758118447194612050921291
0912132             218032219922114218742167021326209022090920092185841676215024
0913131             137921305812594124401261513547153891657317173177191822018494
0913132             186761882418688184121811217638169981699516396152771390712516
0914131             115261090210516102971028010518109841182612887136211400514149
0914132             141161397413846137651381813955140061442914146133691233211241
0915131             10434 9913 9586 9396 9382 9584 98841054211604124171292613165
0915132             133221335113373134491370614058142651490514484134211217211029
0916131             10286 9875 9689 9656 994510976128261409814692150881540815515
0916132             154881554415456153161529915408154421591715352141081257211253
0917131             10395 9921 9681 9638 991210908127031376414131143701457114648
0917132             146171468314614145651470814862150091567015215140621257011284
0918131             1045510016 9817 9710 998011008128161389814289146071489515081
0918132             151341527215281152691535015397154121593215405142371271911406
0919131             1053610049 9821 97491002211004127561383714354148011524815512
0919132             156561584815904159561605216015158801632415812145971306711669
0920131             1077110266 9982 98861011811034127001380014447150311556315871
0920132             160071623116246162341614315923156551596815396144101318211947
0921131             110071043110070 9923 992910247108431169812836136271406814268
0921132             143081426614178141931435414529148081530414928142151324212247
0922131             114781097310632104571039910591109281149012441133061385914126
0922132             142771427014155140551414514370146161510414497133711205910956
0923131             10189 9779 9564 9516 982910843126691374914201145191479214915
0923132             148851492114822147631486215117153121583915190139751250211236
0924131             10409 9958 9743 9690 995911008128641393914286145121471014782
0924132             148031489014856148421497615221154141591715209140331255511260
0925131             10416 9973 9741 9690 995210953128241387714275145631484914978
0925132             150151514815102150261506215218155401596315325141401268011422
0926131             1057310106 9860 97931006911066129221398114410146951498915091
0926132             150581509214987149141497015073153121579315232140891266611382
0927131             1051710045 9799 9739 997910947127901391214410147121497215065
0927132             150201500014838146391458914595147541507814529136541249811309
0928131             10464 9924 9626 9494 9535 9906105711143212460131671349013578
0928132             135721343413286132861338813599139271432213844130621208311042
0929131             10250 9719 9451 9299 9293 9506 99331058011585123721276412962
0929132             130751301812976130711334313796143491483314238131331197210895
0930131             10115 9656 9456 9451 973310770127161379914225145401486515082
0930132             151581525615173151121518815371157431611615359140951263211323
1001131             10452 9987 9757 9691 996310990128891393014360147191510415379
1001132             155091568915722157411582515883161091646115676144601292311613
1002131             1073110246 9988 99211015611139129731402114565150971561515952
1002132             161721642316520165451656616500166731697316259149821336211964
1003131             109961043010123 99991019511124129021392514471149651542315679
1003132             157691594815952158771582315758161361635115660144881299411673
1004131             1077010255 9999 99041015111081128901397914547150061537715505
1004132             155191554915439153111521715219156021563515005140781287511658
1005131             1078010251 9951 9803 984310212109151175712790134971379913870
1005132             138281371413619135761369713973146211470514194134491248411444
1006131             1063910117 9809 9652 9624 9816103091097911998128791340813700
1006132             138931389013803137501410714557150901491614261132621205510962
1007131             10238 9818 9665 96571000711117132031458015154155831606116359
1007132             164751659516526164641658116818172071700916174149361337611897
1008131             109211035910030 98941008811068129701393914301146001481014905
1008132             149061495614855147601478214952156641587615179140331257711319
1009131             10488 9955 9717 9668 994810999130101404314338145121467614705
1009132             146591466514585145031458014861156941579415197140581259111299
1010131             1047210003 9781 97491002911078130801416414465146541487314913
1010132             148661487314762146991478415132159161596115318142201280111484
1011131             1057710099 9821 97621001910975128521399314371146601491415038
1011132             150171504414885146651457014675152561517614598137051256311329
1012131             10461 9925 9636 9478 9541 9902106181147312461131951352813572
1012132             135461337813231131961338913738143681428313752130261210511109
1013131             10297 9747 9450 9306 9310 9520100271058111550122731263012775
1013132             127801270112601126441293613366142551422913783129121188710859
1014131             10121 9690 9490 9465 971810469117511275413607141611443814492
1014132             144211435314245141801438314878157591570614997138141240211145
1015131             10346 9884 9650 9593 990210962129481406914401146421490915029
1015132             150141507014939148291491115229160581592915241140421254211292
1016131             10430 9976 9749 9704 999411019130391418014522147291490714994
1016132             149511495414869148211495715432161841601415306141511268011391
1017131             1051510050 9774 97331002411066131001431014670149221520015320
1017132             152611533515257151991521515389161931616415490143961297211701
1018131             107901027110007 99491020711179130781412214476147461497715032
1018132             149491492814765145571449214567152051500614377135491242911287
1019131             10395 9857 9580 9452 9548 9916107031154112474130171324713244
1019132             131311289312566126921300613605143401409913583128771198711062
1020131             10322 9730 9419 9302 9295 9542100861060811507122011254312713
1020132             127971270412601126321291313592146941462814018129791179410708
1021131             10013 9639 9492 9498 985010956131031427714492146061477314820
1021132             147521473714599145141462315120161121593615182140161252611253
1022131             10424 9976 9725 9697 997811066131531422714461145701489814981
1022132             149641496014870148321499615526162181594015201140251254911339
1023131             1045310075 9873 98611012211330134901459014694148191499115020
1023132             149331485414730147171498715668164351622815511144321302111702
1024131             107941030410094100571038911525136751476814907148951493114885
1024132             147491467114513144271463215272162981622315622145771319511877
1025131             109701049910283102671060011689137941491415073150751512415108
1025132             149531483614591143911448214996158921567615183143931330512115
1026131             112711078010525104351054710966118101271813614140311407513941
1026132             137191345013217131221336314040149451471614183134681256911607
1027131             1075910180 9865 9736 973110001105761126512109127201301613138
1027132             131571308313002129991339914221153021511914529135111240211387
1028131             106101022610083101131048311676138811507915232152011522215160
1028132             150001493614779146551486715613166601639915678145561319511924
1029131             110631062910464104601082111980141901539915484154201524315187
1029132             149851484414653145721482315678168231664616052149531347112205
1030131             113851094010719106761097012091142531549115619156971579315726
1030132             154911529715018148561504915794167351652415870148231353612353
1031131             113811081010555105171082911914140091520315349154291558015581
1031132             154851549915411154611575116125160641563715166142101278211581
1101131             107831035010105100011024711201131721456014924152151551115524
1101132             153491516714912146801464415048156931527514607137201261911490
1102131             1058410033 9713 9529 9603 9995107861168112557131371337713379
1102132             132091301912844128021306113845145941421713662129731205511108
1103131             10312 9680 9394 9382 9528 9978106291159812581131871345213547
1103132             134751329513249135501455215922159331540714799136611249311420
1104131             109751069710608106971117912509145021546615535155211549315383
1104132             151691504614917150851608817541175031705016299151081369912508
1105131             117481138511207112261161912819146611553115599154701537415230
1105132             150101491814775148471576617062170391657215803145941317011951
1106131             111781075410550105431092512138140361488514951149381495314890
1106132             147531469414584146781559116722165511605115289141221270011456
1107131             106681026010038100151033611456133481439714757149941525415363
1107132             153671533315194152791600716707165051603715337142671290111708
1108131             110051061810431104531086712045139311491115119151551519715152
1108132             150481500314904150011588016922166551617615551146801356412418
1109131             115841110610861108161097111471121911304413795141861427614211
1109132             140991387313703137391478515828155691503614491137351276611778
1110131             110091050510251101461020910514110121169712578131471335313455
1110132             135501361013674138851477515786155661505314427135061247811497
1111131             108271047510318103331068611665130381408714683150151513715081
1111132             149071481514739149501604817173169181636815579143861295811715
1112131             109391051910311103091069311902140171523015664159321617816265
1112132             162221622016126162671728718350181931776917071158751442013159
1113131             123401195611800118651225613470154231629716324162271619216053
1113132             158081571815661158851702718287182041783617176160071449713208
1114131             124151196911729117591206313208151351595815909157451562015459
1114132             151931507914968150851616517279171571677616135150721365012385
1115131             116031122011048110541143012591144831544015505153721533715194
1115132             149471481514639146871565516573162781575915173143281322412112
1116131             112931081910559104661058411023117821262913557140221405613813
1116132             135211324413066131871428415381151441465914221135211263211709
1117131             109691053010288101851024710517109991170512689134091375913927
1117132             139941396713967142631540316109158171521514521134111220711103
1118131             10391 9979 9810 98191021011347133491444914677147681486314852
1118132             147441468814543145511549516652164481591915218140801276211576
1119131             107241034010177102071058911761137781487515165152131522715174
1119132             150671507815045152481646917724176301724416584154691403612796
1120131             120241164711503115331193413139151261606716119160301595115813
1120132             155891549715357155361676517991179361757216954158381437713109
1121131             123491198111826118701230713525155711646516420161691594115720
1121132             154201530915211153991663017576174471698416328151881372512406
1122131             115361108610873108331115112222141551527715599158221599116001
1122132             158421571615539155951647516961165841600615309144091325412104
1123131             112221074110470104031054911050118911276013651141381426514200
1123132             140191385213799140851540916380161681573815306146551377212882
1124131             121771179211628116011174812156127901356014548151971552515671
1124132             157141563515624159851741418562184591798317362163701521214139
1125131             133681288212712127701320214413163811737717479173881731317132
1125132             168511666816483166801798219058189311850817774165351497113582
1126131             126761220911980119681229513416154411650916705167821678216674
1126132             165241647016341164891754718130179751752516870157191426512940
1127131             119711146311165110801131312250138861512715762161611642116509
1127132             164511639216212162241691617303169611644715797148841363712418
1128131             114971102010786107721097911555124561338614520153671582815880
1128132             154471464913951137311437214866148351487214834144581377312976
1129131             123421197611786117671200112606134611410714724150411515515129
1129132             149801483914813150681635217332171151675716341156441467813643
1130131             128891245012242122221236112819135551431515133155421557915425
1130132             151741494414868151371644217259170671663716147154101437613249
1201131             123271180111499113611136511640121351279313748145321496315129
1201132             152071514715091152651648617173170111654715900147781346412294
1202131             115231109910950110021141612607146541580816098162911645616466
1202132             163491624216099162431743018331181951772517040158361428512870
1203131             119831154011323113091166012833148901603316166161321601815801
1203132             155481543615313154971680417986179601757816961158621433912966
1204131             121021170411560115821197913188152681631816330162431613316041
1204132             157621569415569157501711118183181081776117143160141446812996
1205131             121281165111383113391166012769148071599216204163211642016403
1205132             162591622816119163081739418011178041733516618154801395912489
1206131             114991098010710106371091311949139091517515535157351584015859
1206132             157941579315683158971698917511171861671316194153761428413063
1207131             121311159011293112071131511812126601358714503150131516515206
1207132             150661486914759149851634017364172191682116397157251474913638
1208131             127251220111935118581192912327129261359814562153091563515837
1208132             159941600415937161451746618528184051801217357162181474313403
1209131             125921220912073121551254513677156781695117390176501777317754
1209132             175571744017263173881852919321191031856417817165981501113511
1210131             125121204811866118731226113444154291659416955171981740217405
1210132             173381738217389174941865119600194721904418391172101560114152
1211131             132631283312658126841306014283163711738717422173191724817116
1211132             169801699716964171941860919697196021928918695175691595814471
1212131             135291308312898129531333214589166941772817764177171762117497
1212132             173121726017198174951890220077200721975319269182041663715164
1213131             142081371613464134561380314929169961805418208180861791317729
1213132             174481734117232173951863419540193051887118383175951641715113
1214131             141241363313389133161344013965149191595216952175511776917777
1214132             176681754017590179591934720052197041910218421175111631615070
1215131             140221341613041128861287913097135181417415136160891669316991
1215132             171201700016755167781824019228190651856517881167381532413991
1216131             131541272612545126221305214289163771743917571176351763217487
1216132             172791722917190174711891420179202081990019342182411668415220
1217131             142801385713711137731424715457175551866218873190031914319207
1217132             192211920719157193912060021453212682078119962186101689815322
1218131             142801376713556135691389915002169541798118029179031770617497
1218132             172501710316981171881856519726196601935118857177511619814663
1219131             136841318612944129031324014341163751743517454173601720816948
1219132             165621642716319165421793518957188771855918005169651542613843
1220131             128041227011995119621230313379153781650916605165061634016091
1220132             157421565415632158641708717939176971719516627157681457713222
1221131             121791154811212111001120311642124481336014293148361496514832
1221132             145531430714172143691567016585163681589215388146781366712511
1222131             115101091210575104161044010703112931210213133140051446314740
1222132             148431476714689148741603716767166461622015762148651363112366
1223131             113961086710623106121091611861133321472215657162331651316608
1223132             165301648016446165961753318077178221739916863159591465913240
1224131             121151152811243111801146612267135781480415734163491657816467
1224132             160461574615696158991702917561168041614015751153531480413986
1225131             131081257312289122701240012871136051441415223156691576815760
1225132             155671518714927150501595516594165641650316375158661494513866
1226131             130401260512386123531257213316145131561416458172121759417711
1226132             176541750817293172151813919110189381845517824168531554114254
1227131             133161281812577125651285813670149461595316606169021700716999
1227132             168171663016404163911755118682184291793017336164571524814015
1228131             130631255012284121641227412686133681404214817154741580615769
1228132             153561484114564146441577416916168281645815983152451426513182
1229131             122931178211466113381137011654121651278213641144491492815194
1229132             153801546015514158241693617486172501668816165151471395012772
1230131             119141144311251112761161412465138531493615638161031639216445
1230132             162551620516205164021765318932188811848917938169731573114496
1231131             136251319812969129731327814159155021658117208175771767217539
1231132             172771713616986170761816819220187821793917135163751555014799
