0101141             140041345013084129321298413347138451416014718152441563415850
0101142             159191579515745159601724918514184631803317412163941515514013
0102141             132531290912750128111318314255159701720517781182901869218982
0102142             190761909319023190442010721053207572012119349182681701315891
0103141             151001463114461144611471015391164221723017994186131900519105
0103142             190511889518704187601982121060208872034419743188161764416535
0104141             157301523114966149031504015440161471684217663181651822817997
0104142             176401726616991170351807019285191101858218053172321619315093
0105141             141971364613354132501331813579141231467915412159671624816354
0105142             163131619316121163481756418517182911765116951157611444013256
0106141             124321196911744116971197212953147841592516160163391651916556
0106142             164261634416286164541740018508184991814217535164621511313945
0107141             132201289712837130351361414881171081830118486185441860618572
0107142             184821843118356186491983321235213342096420299191461762116292
0108141             154901506814874148751520916301183271939719378192681909118839
0108142             185011830518147182701933220671206982029919633184431689215525
0109141             146621424214051140651440915503175581858018506183041813317881
0109142             175731739817219173481836819764198221948218928178471646715220
0110141             144551408013846137931407915122169721807618225183311841518313
0110142             180811788917576174831815518902185691796517282163341515413891
0111141             129601242712089119481199612318129911381114738155071591416029
0111142             159401570915499155961628616766164531584715215143471343112461
0112141             115471094810624104921054810862114601210513008137651424814434
0112142             145711462014561147511586117160171311662515993149361377712687
0113141             119651166111535116241202913228153621641816393162301614616003
0113142             157751571115569157181670017936178561733816603154011394712648
0114141             118141135711102110821140212459144661568215871160161621816281
0114142             163111631216194163571718517882177001718716464153151384412603
0115141             117781138311240112881169312860149351602916049159581585015675
0115142             154711545115406155321640217772177791735516720156251424012926
0116141             120831166411476114621182312951150101619516347164721663116661
0116142             165631651216396164771718118178180661759816917158181439413077
0117141             122441182511602115911194713034150541615716260161811609215928
0117142             156711551015355153881614017382173001682516277154781436413227
0118141             123471187111599114781157312001127271363414647154431588216078
0118142             160871592415706156111620717221170781653315951151631420613231
0119141             124091189611608115091156211868124461321214210149821532715546
0119142             155521537115265152471596917099172461678916250153541432513293
0120141             125291209411898118891218013004143001531016081165911686716824
0120142             166521653416432164441718618507184741801217357163351505513891
0121141             131951284912741128041325014493166561779817987181121827818392
0121142             183721844618492187041952020679206692009519302181071672515572
0122141             148241446214298143111468615692173021840519000193131942819381
0122142             191571892318663186531933120812209032046219845186721725716000
0123141             152521489314732147781515916272182421926419347192421904118758
0123142             184181819518012181211885520291204672013819566184231703615816
0124141             151211476214636146801505016160181341917419209191481899018845
0124142             185351831318061180431864719935199741956019024181101692315728
0125141             148571435814071139531402514394151171584916699171871730217271
0125142             170761682616658166391720618208180851755917014162181526514274
0126141             135361309512897128421303813469141451483015710163291663916747
0126142             166921663416744170551784619165192291873118025168711555814352
0127141             135841314012946129461326814372163281735117384173951743817392
0127142             172791708716823170311792119260194111903118410173141587614645
0128141             139541360913524136421413115348175091848518538185041836918168
0128142             179291787217857180331876520126202671985819196180441658315237
0129141             144031400813828138361422615381173731845118568185591830617967
0129142             176251741817259173441808419639199531963819009179001648315206
0130141             144881415114013140591449015689177641872618663183781814117769
0130142             173671719817020170801774019293196031928718717176041615214862
0131141             140231355513269131991351414551164711747017543174621734217019
0131142             165841637316295163161678517903179151740216795159331479413628
0201141             127961230312065119781209112500132851408514905152551526915091
0201142             148161453914450146051526316470165351610815616148821393912945
0202141             121341164311353112231126211540121171273313590142021445314523
0202142             145711474114871150531574216779164611564815105143351340912275
0203141             115381118511057111191149812646146811588116282166481701517153
0203142             171481716317032169931739918710189411843017633164141497613756
0204141             130521270112573126301307214312163831730717313171101695516718
0204142             164051623216112161551671518224185801817817540164821510213861
0205141             130111258112371123751271813657149751589216654173111775717956
0205142             179751785117640175231793519162192301854517682164791505813866
0206141             131411278912667127111311514306163581730817435174461743717238
0206142             169211670816480164761699218487189791869518128170851568414454
0207141             136901335413205132411366014845168791779517799176451748017257
0207142             169251672216491164231687118101184141800417434166191553714431
0208141             136281322313026129981320613697145321539116206166141663716413
0208142             160391575415602156591612917384176241717016647158981496113982
0209141             132531282012575125011257812868134571409614944154201558615628
0209142             155101537015388156331641217835180721762016945158911468913597
0210141             128861260112541126291305514253162891723817362173531739017284
0210142             170821694616756167821732018773193181897818389172611582414642
0211141             139431363613555136201406315293173711826718222179931788117683
0211142             174131721917027170081758619023196531939918853177391634515148
0212141             144191406513980140651448515722177421861918507183251808817747
0212142             173571717817017170651758118881193361909018551174751611314835
0213141             139941355613338133431359214535160901705317642181381849318652
0213142             186451847918124178701810519106192271850417621164351500413801
0214141             130021255012342123611267913574150461601816646169981710517035
0214142             168491668616455162661648917490178951738616799159621484513795
0215141             129851252312269121851228412731134641425415178156721583115851
0215142             157821569915690158491635617461176861715716486156001458713603
0216141             128881252312355123301245612767132951388314683152471550115561
0216142             154331518515001150751565717009175681717616663158241488313916
0217141             132671297912894129891335714214154441636816977172771734717246
0217142             169641671716466164051688218240188291848717926169271570814629
0218141             139271356813435134491378114808164001745217955181851834218351
0218142             183801829018040178011796418880192901879418044168681548014280
0219141             135231313312947129651330414361159871689417115170901711017090
0219142             171181719617165171391735418208184981804217375162561485513616
0220141             128281239012174121841253513585151291605516265162081606415837
0220142             155761541915300153851584316917174221709316540155911426713114
0221141             122841185311665116551195912939145361562716217165491676716820
0221142             166511653516332162381657517263172321670116075151761411213035
0222141             122411177311554114731160312066127531347214178145231457114427
0222142             141051380113567135441389714950157631544115009143241342412483
0223141             117681134811130110481113711446119111249913295137661398114085
0223142             140791390913762137481422915472163021595315360143331318812167
0224141             114751113511005110781151012749147171567515858159191605516079
0224142             158961592815851159081644517705185251822017628165261515313974
0225141             132181283612683127141311814309161181703517239173061723717013
0225142             168251677316668166791707918151189341860518005169101553114327
0226141             136131327213129132301360714758166271763017856178291779317458
0226142             171451700616791167221712918246191921895518412173341597314793
0227141             140761374613609136901406715257171051800017992177581757517363
0227142             171781717517106170911738518299190991884618356173691606614983
0228141             143051399413880139531436215482172341816518225180851795317692
0228142             172891704316810167431703717882187221843517990172141618515149
0301141             143841397613790137591391614391150391578316417166641658616314
0301142             159091554515303153471568716502171491674216235154831448013482
0302141             127211227011991118841190812176126811340914413151181544715536
0302142             153761518515061151431568116702173381699916339153641422713272
0303141             125841224512182123131283214110161191722017550177501788917915
0303142             178421772717543175561786118740196951937318759175981614114981
0304141             142771398413874139481440515567173351814718103179031775917569
0304142             173341709416783167631719618171189431861517945167601529014091
0305141             133581295212759127771316714315161551713517336173081726617175
0305142             170291698516876168751723118162188991864718078170111563614472
0306141             137941352213469135621402615288170961798817943177761756217296
0306142             169521669116423163271668117633187311860018100170991573014581
0307141             138751357913461135241392115085168711778617780175231727216938
0307142             165701635616088159951625716923176111726616686157851463913530
0308141             127301228212076120301217412656132321397314645149581489214646
0308142             142591391213669135781385614681156281540014953142711336012457
0309141             117781159811417112601125711483119871254713218138131419114372
0309142             143601416413928138151400214531154051636816136152451405912888
0310141             121091173811556115721191712989150281634916597167001671916539
0310142             161951596515599153971547415900165111717716720156301422812922
0311141             120521163111421114021170712751147371585615907157771561815415
0311142             151331497514695145491459614879153641622615882149381357612320
0312141             115521110410909108751121012254142771552115683157101572715661
0312142             155741565815604156471594216414167731688816315152541386712671
0313141             119491158911516116291205713240152821668417211175451775517736
0313142             175251738817118169611710817506179901877518473174961606014783
0314141             140141359813415134091374914793167391774917779175971747617225
0314142             168281650616110158171576015945162881692316599158401469513527
0315141             125961205611735115811162111946126521343514306147741482114655
0315142             143431392213698135741359213793142001491614742141801332812425
0316141             117091131111118111001121111561122231288613780144261474014816
0316142             147441449914255142071449615085157951673916503155691439813329
0317141             126551232912255123621280213998161221740317701176781755417319
0317142             170031674716346161201612216448168951777017518164751507713903
0318141             132051290112799128561324814389164521741217349170551681716537
0318142             161821591715578153621540815758162581719116986159801460113373
0319141             126161227512144121901257913710157741674116626163961629716162
0319142             159201576915558155321574316119165431711516713156591421212946
0320141             121561173311527114701173712772147531583816063160831601915777
0320142             154501531615107149661501415270156091633016103151251376012565
0321141             117851139811221112181156512633145841564215858159001593715770
0321142             154931528615034148371484414956151631590915764150301400212959
0322141             121741175511533114771160112047128101361114565151031515114929
0322142             146821434613921136041354613706139821474214683140891324612352
0323141             115921115210955108861094311258117971242213353140641437514490
0323142             143411414413951139401423714826154391626016125151771403113010
0324141             124231218012151122841273413957160481710717156170541697416795
0324142             165001626515914157191580016167166651757017383163661492013714
0325141             130011263612530126241301014214162581721617111168651673316513
0325142             162081598615717155851579616230166671736717055159761455213257
0326141             125051210611928119491233713473155551672817102173131744917407
0326142             172171704616765165921666516921171891796917820168321544214203
0327141             134291305612903129311328614396163531727317195169981678416487
0327142             161271582815464152411529715636159901682616690157131430613056
0328141             122271178311576115321182512853147361577315990160071600115880
0328142             156121548715312152591531815479154211562615297144551337712243
0329141             114811099210738106241069511057117781259013457139541415614161
0329142             139941382713736137881400214356146451499214686140231312512199
0330141             114411097910734106181063810902114691220713193140691455914811
0330142             148861476914637146421487515354157071607115726147011347912369
0331141             116731130011177112291160712783148051605116466167201687816897
0331142             166961650816234160621617016448166661714616794157571431713020
0401141             121971177211574115441205013033149181584615787156621553515336
0401142             150421486014594144191446814737150551583715782148541345012210
0402141             114741109510962110011136412534144591545515501154281543715397
0402142             152061508814809145401448114678149051567915770148301347012216
0403141             114191106410891108971126512456143581532715326151841508414928
0403142             147071455814320141201418414434147471553415572146641327612035
0404141             112531083910667106621099412092139871503115199151201508314981
0404142             148311478814673146281485215199153801565215404146361351412393
0405141             115731113010877107401080311198119101282213796143081439614257
0405142             140151372413479133811341413593137841439914519139911310912185
0406141             114111094510702106381072411060115111219912938134011350013443
0406142             132521296012700125891277113176135881442814620137361256011415
0407141             107631041210301103681076511981139231494114973149551499214974
0407142             148851483014692145891484115352156291601215698145771316911915
0408141             110711060210403103391065411712136591484915196153221544015351
0408142             151591502114801146751475114930149921545815376143751296611712
0409141             108801044610251102771063211817137361475314790147941481214792
0409142             146521458014352141671417814374145191521515452145241313311898
0410141             111021074510627107011107212287141201508315067149571485714720
0410142             145261441814177140191403014204143921510015334144341300511721
0411141             108811041110199101391043211454132491436914710148281483314724
0411142             145621448514320141471414914245142991459214434136101247411327
0412141             10476 9990 9727 9642 973110147107561166412543130291315513071
0412142             128911264712424123411241212580127111325413490128151188310872
0413141             10111 9664 9411 9326 9359 9633100131082211874127391320313361
0413142             132641300712749126381278113060132861396314175132531201410907
0414141             10140 9707 9532 9502 982610902125131374314216144541471714841
0414142             148001480114647144881445614506145151500015042139671253911264
0415141             1046810016 9791 97491001610984126961400114576149481520015279
0415142             152691531715159150921520615430153931551515171141401274211573
0416141             107981041510232102771062411753135731480615162152421527515211
0416142             149831485114588143881441614608147881539915816149931365612400
0417141             116331122811052111051147812536142021524815416153941533215167
0417142             148951474614474142761427314453145921519815628148611359412392
0418141             115521112610956109771126712172133831440214915151881520614999
0418142             146601443814185139961402814202142851466014839141541309511953
0419141             111291067510459103821059310894113751223512994133541343913321
0419142             130991277412558124441250612715128781331813782132321231911300
0420141             1049410035 9848 9776 987610181106061138512194127171282512779
0420142             125311204311591113861139111526118421259513331127401178710863
0421141             10274 9952 9879 99531031411274126571372414164143351448314463
0421142             142861420114020138651386313957140031445714738137571238511174
0422141             10385 9946 9745 97311003010951123961357114070142891445414516
0422142             144851448414328141861417514334144411485214742137241236211116
0423141             10320 9898 9693 9660 991910856123251365914325146361490314981
0423142             149401486714610144071446114646147681509315123141671285111610
0424141             108271040710237102501058011544130181415914565146851474114673
0424142             144671436614125139081389614033140391441614896141021281211594
0425141             107771031510120100941043011356127041374814121142431432514233
0425142             140971399713795135951350513459134461380714114134151233511221
0426141             10419 9953 9701 9609 967710055106461160812742135101392014069
0426142             139601370213456132811327413467135681375013847132281227511262
0427141             1049510031 9781 9669 9722 9961103261110612026127351313713304
0427142             133011310212895128291304313435136001389914269134021218811066
0428141             1039310044 9898 99371031111416131301418914373144201452914504
0428142             144201437114178140821418014378144391476514989139761255511307
0429141             1051010081 9896 98561015111218130331431614677148591498114964
0429142             148521481114600144991465714935151501550715553145281305411739
0430141             109371048610277102481056011643134121472215144152621545715462
0430142             153161528215155151211530115651157541590115750147061326311968
0501141             111161066910420103721065011681134361468015036151851525215214
0501142             150491491014654144941450614531144311460815011141551279011489
0502141             1055610057 9795 9731 998410899124971369314101142491432314346
0502142             143031423214025138141371113651135121366614131135291244011255
0503141             10384 9847 9589 9495 9557 9841104521141712307127521289712913
0503142             128061264412457123791243612617126741295313343127671181810805
0504141             10034 9544 9292 9176 9203 9355 96681045911384120871247712651
0504142             126701254312405124161265112969131641339613828130491182310712
0505141              9987 9609 9457 9469 980610806125201372814101143221447314527
0505142             144431437514188140501408214159140971426814702138311238311109
0506141             10286 9854 9650 9641 993610893125621366913958141161418914339
0506142             143221432914201140411404014115140781424614739139231246111146
0507141             10349 9923 9730 97371006611009127361378614036141181423214252
0507142             141901423714155140471402314055139901415214690138661242111096
0508141             10262 9820 9626 9606 989110831125301367814065143201455814637
0508142             145531454814387142561423614240141861440214828139531260311279
0509141             10385 9916 9664 9580 980310636123461368614196145141472014741
0509142             146581461114434142701426514281142051427414349135991247011300
0510141             10414 9917 9633 9493 9547 9890105171159112666133541364213691
0510142             136001347713366133441339013510136381374213998134351241811294
0511141             10418 9854 9510 9303 9238 9307 96011047411498121971247912574
0511142             125231241912345124171263312906130731327213974133811210510858
0512141             10025 9571 9335 9282 956410409121311356014246147771522215518
0512142             156581589415945159431595815936157351573916075151241347511890
0513141             1077610177 9846 9698 991610697122601351213951142091443614556
0513142             145111455414425142951433614382142821430514709138821238011085
0514141             10220 9774 9544 9482 975110644123011354713944141651437214482
0514142             144801459614531144461450514544144371453614916141101266211318
0515141             10466 9989 9757 9727 999910876125981399414559149201529815529
0515142             156731581615719155861551615441153281533615604147221321511834
0516141             109171041110121100281026211071127621417414840153021563215750
0516142             156661561515424152461519615163149851494514926142031307411861
0517141             109741041610096 9932 993210188107561169312749134471373613793
0517142             136641348713348132971334513450133661324813583131821218311071
0518141             10200 9637 9318 9147 9135 9198 95721036311287119931235712573
0518142             126431254912464124861271013049131991330413715130941183210655
0519141              9854 9456 9257 9224 953410345120401339113915142421454314734
0519142             147291474014599144581447314578144961447614688138281236311027
0520141             10171 9719 9505 9448 972310519122191356214030143661465514781
0520142             147981487214861148251481114784146231454614881140991260311244
0521141             10350 9856 9565 9494 974310514122121355214091145041482614977
0521142             150751521215178150941505114941146971462714932142061270611325
0522141             10421 9929 9673 9585 982910620123161367914248146331494815121
0522142             150951510314933147691476314842147631470414792139931257311279
0523141             10403 9937 9685 9616 985410667122731368114264146071483114923
0523142             148401477614558143251425614262141291404314142134801237711199
0524141             10320 9823 9515 9388 9431 9641101631112412117127631308613134
0524142             130391286012693126121270412881129651304913335129191193610933
0525141             10109 9601 9314 9180 9188 9242 96151041511387120991247812655
0525142             126821257812465124771263812846128811279913198129311199310959
0526141             10147 9650 9372 9272 9348 9479 99791084411894127041324513600
0526142             137531362713454135151377314082141981437114785140931272511414
0527141             1053410067 9833 97791003810831126371418514956155151594316123
0527142             161391622216137160111600616051158631575515621145591301411603
0528141             1065810133 9860 97811001110861124751385914380146821494615030
0528142             149601495114795146831473514855148151476314890141191266511346
0529141             1044510009 9779 97531004410844125461373614080142851445714529
0529142             144841450214425143261434114287141171407014495140051259911238
0530141             10353 9861 9611 9551 980310546121961352514066143981472414924
0530142             149531496714818146811462914530143151422314270137031256411327
0531141             10455 9928 9611 9462 9516 9680102811124912265128991321713266
0531142             131511296112769126901272812862129051286213188129451200710971
0601141             10149 9626 9330 9209 9219 9196 96221046211463122001260312828
0601142             129231288012865129531320313535136611367814001136211228511039
0602141             10181 9757 9528 9493 976610487122501373414438150091552015825
0602142             159841623516323164011655016564163031598016058153711370812152
0603141             111251055310230100981030611005127111423115030156501622816719
0603142             170111732117391174451745617229167301637316283154071378412265
0604141             113051075310446103261053311340129651429814884152371560715849
0604142             159771613416108160741609415946156051545815620149021344812037
0605141             110991058910293102001044011284129901445815051154471574515825
0605142             157531571015550154551548115475152451502015096145561319311797
0606141             108481031710038 99361014610864125201394914566149921531215494
0606142             155121561815580154841542815265148991464714700144611327311939
0607141             1095910328 9971 9767 9778 9872105911175012912137031422614521
0607142             146751472314786149201514015290152011496514953147541364712403
0608141             113911070810257 9980 9878 9782102571126012528135881438014943
0608142             152721540415517157561609816382163331609916300158091431312814
0609141             117611114210789106601086011614133461483015547161091662116945
0609142             170661722517154169981689616789164801626716240154271389012447
0610141             115261098710672105781084711702134051484815601161731672917046
0610142             171971740617462174811755217421170031658616523157231407612517
0611141             114491081610466103351050311216128981429814910153131569615917
0611142             159881606415930158081572615622153311509915239146921326911860
0612141             109171040110116100531028411070127551418714793152291558115797
0612142             158421590215812157131570915701155481543015553148501345112101
0613141             111711063010336102551049411288129211443515147156051596516094
0613142             160671608215973158941583915741154591520015161145891343612169
0614141             112321063810286101411016410356109691200013167140161451014703
0614142             147071466314625145581456914609144531412614119138951285711687
0615141             1073210135 9775 9572 9517 9473 99431085111922127161320313479
0615142             136281370013813140231433514626146511449814778145161321011864
0616141             109081036610056 99621021210872125281408614972156091611916437
0616142             165841676317019172101741317440170431652016401158301420612665
0617141             116381104010733106191085111568132511475915663164661728817983
0617142             185241911719541198602014120130197761931919215184811658214757
0618141             135021276112335121481228212983147821666917902187581941619821
0618142             200522034120506206132071820550200261939519111184231659714789
0619141             134971273812230119901210512841144521584816522170241758718013
0619142             182641862418798188951902818925184141772117261166491497613245
0620141             120251128110856106391076611271127841432615274158821627316481
0620142             165651670916752167141671316464158831533915159148031360212242
0621141             112051057310153 9936 9938 9981106341166012778135411400014184
0621142             142511422814219142511438214461143461406314067138971292111776
0622141             1085210280 9909 9704 9638 9547 99811083811905127971339613793
0622142             140281404814051141831448214811148391458414642144151315111822
0623141             109051037510093100161025510843123931406915133159111659917049
0623142             173331766617782178171785017723172261661616432158521427212745
0624141             116681107610731105981081211468129361455215611163591708417613
0624142             179481831518471184581839218225177361711716937164641495113385
0625141             122601163811263111281134612044136181536016562175461848719320
0625142             199692061620927210982119721030205541991819654188611714615459
0626141             142481352313057127911293013675150941665517737186101948119992
0626142             200992016219993197181955319255186991801717642169881536713707
0627141             124771172711255110491116711688130891470215754164821709217425
0627142             176051785117987180231804817845172731656416147157151440012943
0628141             118251114610713104541040110422111051228313587147171556916102
0628142             164401662116759169401712117178168691625915998156741446813150
0629141             120621132510855105811045410304107231169812938140971509015853
0629142             164521679917060172961758117710175111700816751164461499613446
0630141             123501166811261111151131811911134141517216424174881846819259
0630142             198782046320845210842126321233208302012419743190211719715375
0701141             140541320912692124361254213102146661648917894190822028521227
0701142             219512253322821230132309922952224172169421256205011858016652
0702141             152481440313848135651363714214157621761919154205802185622870
0702142             236482426324443243532398223300223072148420945199731817316432
0703141             151511435213862136561377214364158771760818932200932103621708
0703142             223812304123412235422351023159222892130620597194271771015885
0704141             145471360813019126521253912560131151399114998159631658616982
0704142             169951666216185158041560215530152651489814760143451345212375
0705141             114811085710451102121010710159105551140712510133891387414062
0705142             141311410414164143671468814959149111459714469142731357912599
0706141             116281096010517102561016010050104291130512423135141435614957
0706142             153481562315920163341679117171171371675416627163591518913807
0707141             127751215411804116561187612553139621555516761178521899219915
0707142             206232126521727220082219121944212432067420352194631763015868
0708141             146301383013298130281312413674152041706418308194132057121515
0708142             222342297823445237012379623616229972207321563207161874116798
0709141             154271458514004136741368814184157231754218807198252063421295
0709142             218122225522505227412283722677219542113120698198551798416068
0710141             145621370513181128811290313406146981616917160179361860919064
0710142             193741974819841198972017820249198181909318633180391640514635
0711141             134001259612109118611195212468136641505016201171051785318394
0711142             187471914619342194341945419230186201782717369168631548213960
0712141             127641201011484111551106611080116831288614240154091633217014
0712142             174561779118121184411869018776184621780417463170401583214429
0713141             132971251012020117251159911536119011283614123153561636517150
0713142             177141806918355186961895619033187321836518363177721639714972
0714141             139661335213019129031313413925154011710318373194882049321174
0714142             215902196821951218892188021616210982065120322193281767416034
0715141             148381411213688135381374814574160421762118683195612041021153
0715142             216532211922225221052174721425210112063720376194701773416044
0716141             147971401213529133641354814286156901722118149185661883419096
0716142             192611940219331190961927219412191231869518567179381633714648
0717141             134161263412135118981198712565137801523616165169011759318106
0717142             184871891619129192541935219114185841799617814172731567414055
0718141             128291205411543113061141211918131251469515806166461731117750
0718142             180281842018626186751869118498179131722016988164191506113614
0719141             124911174711270109681090011007115071255013692146011520915612
0719142             157511578815706156281557715575154111515515257149501394812804
0720141             118841125210846106271054410552108041157012566134011401614524
0720142             148761509115274155171582816116160461575115817153981411012763
0721141             118001121610894108011105711747130221456615635164791720917745
0721142             181691860518910191261934019395189591832518134174351576614142
0722141             129961225711812116191180012434138081553316842180001917620174
0722142             208902162022116224962274522850223212157821251203601844816594
0723141             151521425113684134091347714032154621727918659198762117922221
0723142             230512378624150243382438124092233792248422015206711856516685
0724141             152791439213848135841367714327155641699317930185201894119255
0724142             193441951419565194881944519300187801809917875172041565214064
0725141             128311205411553113391139211910130391453215609164461710617589
0725142             179081832718618188371899618865182741761317434168401543313936
0726141             128071204511564112711118911302117621283014098152111603516583
0726142             167901679316740167051684016932168271638316401160841499913774
0727141             127471208811684114561138811461117861262913789149271585116396
0727142             165021649716608169301738117814177741747517537169701562714205
0728141             131791260012300122411253413397148231641617470181691891819514
0728142             199372041120688209132111120931201131917518696176751601314376
0729141             131431239111890116581175112318135601501115906165791705417463
0729142             178131813918284182081811617923174421700417039162601472813189
0730141             121211147711103109231108511768129861447615480162031682517269
0730142             175281779417936180171807818018176091706417014162551470413188
0731141             121041142811044109031107011725129591452415645165181723017716
0731142             179851833318487185731867318590181081753117540168901540813940
0801141             128071214311707115581170312432136661525016496175231848919238
0801142             197482014720112199411968819147184791793417898172001585314432
0802141             133271260612145119181187612097125231340314454152821572315839
0802142             157831563815435152681519215186150161477814960145201353012429
0803141             115751099210631104331038110473107051141212420133071393814403
0803142             147211488714916149901525415614156251554915850153061410812887
0804141             119791140311114110661132812170134741502516205172081810918780
0804142             192151966219975201292025220227198071928319251183241666114951
0805141             137451297512490122441235513028142661592817175182981937620168
0805142             206802125021608218782201721874213122059720408192631738715518
0806141             141711334312781125101262213327145331592916913177131855119191
0806142             195541986620011200432008219858192241850818368174021572914095
0807141             128741206311574113081142012021131581462415703165091717117673
0807142             179791828918334182041795117728171941663716661157841433612851
0808141             117701113310770106091076211422125401403815196160381668417129
0808142             174291780218060181751825518140176031699516938161361477213361
0809141             122831156211082108191076110902113071239513699147681551616030
0809142             163661653716677168611706017135169021640816502158861471913424
0810141             123741165311153108361069610707108611173612962141191503615800
0810142             163821673116977172381753117726175321711717174164121499113588
0811141             125531187911498113461151412231133771494216163172101819418975
0811142             195462004320244202622026320086194431882018767176621593914353
0812141             131531243511991117791190012622138711537316484173431802618459
0812142             187421907719156190821895318723182911805518220173441584014398
0813141             133801275312361121801233913099143971571616599171721759117798
0813142             177961778617710175951764417748175461728317168162041475113333
0814141             122801161411193110181114311827129581433515238158121627416570
0814142             167091691816991169861699616899165071610116213153241392812565
0815141             115811098810648105431070811409125011384214799154881598816256
0815142             163091631216106158081559215404150791488515039143401323912038
0816141             111161053710202100461005110300106961167312792136411412114385
0816142             144461438814363144151448614552144351449714692141201317512144
0817141             113371080110479103031026910385105871138112471134451421114725
0817142             150581509315139152711549315720156181540715598147621346912182
0818141             112591072410418103181056311362125111394715007157681635516669
0818142             168041700117121171541732417162167251636016418153581381812382
0819141             113861080310461103091048011184123111369514651153631591416304
0819142             165671688417102172691743917446170531665616714156661413812731
0820141             117511116810800106431083011568127741420815230160511677717313
0820142             176461808118338184551853718390178191742417363162801468513179
0821141             121311151211147109871118011978132051454115522162831690817305
0821142             175661781517862177781769517515171691714717072161041468013308
0822141             123371172111362111911134212109133331463015590162631676917003
0822142             169891703516906166861653816333160161599915964151711402112780
0823141             118191122010846106231061310894113011224413361142261472514985
0823142             150511495914833147401474314812146701459614752140551302011881
0824141             110331047510156 9963 992310054102551101112113130621375314275
0824142             146241480114950151781556415931159041581316004150571373512432
0825141             115201099410689106111086111715130131451315704167261762018364
0825142             189591957319957202502045720427199011948919252178691601214290
0826141             130761232011858116371176012538138551527616416174391846319370
0826142             200502071821090212752137321238205932006619814183491641414660
0827141             134531271512235119941213212995144371582616966178781898820107
0827142             209082169622206225232269422466217412135520938194321746815743
0828141             144421366513136127711277613529148601608716928176341821818587
0828142             187501893518899187881858818219176071736917253161001446312950
0829141             118851122510848106771081211574128111409015032157371622616520
0829142             166291675916753167471675416599160841584515716147901356312289
0830141             113071070410340101281010810359107061159012774136851418114463
0830142             145731460914645147351489915023149351508815143145011355012524
0831141             116971121210935108191083011038113431211913287144321538316081
0831142             166341701317283175781785018023179901812117837169521578114581
0901141             135531288212468122611224712535129841370715069166221797718998
0901142             196432000520160204472081521060207492067720455189961710915464
0902141             143351360013148129421313214142158931737518574198592118122268
0902142             230652357323715235532348423413229212278622303206291856716722
0903141             155031477614286139401390214593159641706117686182381872419157
0903142             195651994720245204772060420444198311950519073175631565413953
0904141             128171208411653114531158212454139601517716071169111771718365
0904142             188691946819919202392043220347197861965619363179451614314488
0905141             133471262112159119511214213095147001604917131182221930820279
0905142             210292176822160224022242922032212222100220610194121784716319
0906141             151781443813984137151365313951145241563717210185891973020658
0906142             213122171521950218882149020846200061969319057178601630414722
0907141             135051264412068117441160711694118721248313539144321500515393
0907142             156841583415926160681628116441162451632516027148351340312088
0908141             112031068910408103221059611608132081437815119157091622716503
0908142             166321678616747166751655616395161961648516096148311331111969
0909141             111001059610321102461050011456130811418214788152121560515841
0909142             158881597415918158191578515756156701614215843147271323911926
0910141             110871057610296102421051911533132961441514930153451569515906
0910142             160291624216306163551640516362161941663816219150381353212217
0911141             113691088910631105731087711912136811490315586161281653516777
0911142             169021716017253173341749717571175191790417607163721469013021
0912141             118731112110709105451071511583131051417414723150871538615541
0912142             155901574215801157861575115559152071540514998140291281811558
0913141             1067410131 9815 9668 971510014105561139712404131041351413699
0913142             136881357113453134501365513984141621430513932131931221811177
0914141             10371 9922 9573 9398 9341 9530 98471054311497121621251312696
0914142             128001281412797128611315413475137641438014000129581169010574
0915141              9883 9488 9309 9323 963510682124441356513976142631456414752
0915142             147971483614742147101479714992150711557615026138371236411076
0916141             10272 9842 9641 9589 984410826126831382214330147121499215111
0916142             150281507114998149511504015162152741569315137139401247111191
0917141             10385 9927 9682 9599 987910898126371371914133144201468514834
0917142             148861498214955149311504615141151481564515133139491247511189
0918141             10372 9893 9675 9624 986510907126781370114161145041485615030
0918142             151181526715224151591517615177152121569615212140571257611279
0919141             10438 9943 9689 9616 987610830125311357613962141301423914239
0919142             141691415414030139021392913996140941459214174133411224811094
0920141             10305 9841 9568 9428 9504 9902105591144112442130321329013345
0920142             132971313313004129871312213379136701413713763130111202811005
0921141             10307 9862 9610 9509 9549 9807102791100312088129721363314123
0921142             144841461414634146631499015347156991607815522144231313011979
0922141             111721074910520104211065411555132261428214820152401553915661
0922142             156271563015475153511533315391153951577515029138051236111080
0923141             10275 9842 9630 9557 983210811125961362913963141921440514543
0923142             145941472014712147171486815050152191569315025138791243011164
0924141             10341 9869 9641 9602 988310903126891371814137144531468914907
0924142             148751497814876147821481914907151851565415026138761243911231
0925141             10388 9949 9732 9657 992210871126631373414268145551479114865
0925142             147971482514711146221465414826152551558414975138671247411247
0926141             1042910026 9796 9737 998910939126781371114146144801480014979
0926142             150381515715125150591508215027150111528814702137991261211440
0927141             1056110055 9752 9621 9678 9995105901142112479132111361413852
0927142             139841406314157143411459914787149081519414649138151273411636
0928141             1076210225 9879 9689 9649 9819101851080811852127761343313960
0928142             144051471914994152941564515933162811658015799146561327412008
0929141             111111058510343102601054211539133801446815006154471581916036
0929142             161801635916329162081615616333166861668815867146051312011797
0930141             108841042710152100721031211281131781434814759150341521715266
0930142             151981516515013149271502015289157591585215125140081258411342
1001141             1054610107 9876 98361010511094129861420114676149911524115311
1001142             152761524715087150041510315431157901574715079139791259411378
1002141             1054910114 9881 98371008711076129771412014508147811493714942
1002142             148371484014699146151466414873153651560915002139491255111310
1003141             10440 9982 9712 9667 992010906126811373614130143781451914536
1003142             144711445514268141681426014403148341492414381135411243111311
1004141             10421 9964 9690 9576 9616 9952106031145312511133011373813913
1004142             139361383213721136831384514142145161440713904131771221511203
1005141             10294 9784 9472 9297 9271 9477 99371055411465121151239712498
1005142             124881237712300123861273713328141171446113936129551183810769
1006141              9998 9599 9454 9468 979910884128761398314245143781453914587
1006142             145561456814480144391454314866155651579915053138761242811176
1007141             10379 9973 9743 97201002511068130391417414551148631514615243
1007142             152381524215100149641501915258158851599015302141831269411500
1008141             106941027710057 99961030511347132181433314691149901525015321
1008142             152701526715135150591509015190156891578515095139971250811244
1009141             10397 9931 9658 9600 986110861127441375514054142051435614411
1009142             143831442014343142851440414675153211545214835137511236411143
1010141             10312 9861 9639 9600 984710825126951374614086142101432514332
1010142             142461421514075139401393814145148101478714208133871228011158
1011141             10331 9841 9554 9457 9503 9877105861147212532133671380913901
1011142             137621340913078128881292413233140501408413630129651214711118
1012141             10363 9915 9642 9553 9600 9862103821105311906123961252512489
1012142             123841224012142121551246813052139481409013586127301178310787
1013141             10093 9742 9572 9538 980210565118651289613701141891451714603
1013142             144831440514288142551449815088158241565014881137591236311163
1014141             10385 9943 9724 9630 995011026130071418814599148801518215360
1014142             154081547515416153071534715549162981627315498143491290311629
1015141             108091036310101100351029411314132651439714878153461580316048
1015142             161641628016237161211612616342170531692016208150921362412338
1016141             114531095310692106641092911965139861523215748161051642316569
1016142             165341653316347162001621116433167291645815726146001325211988
1017141             110201051010221101081030011215130931419814588148681511015254
1017142             152161522815096149441488714890154151522814603137331261811501
1018141             1059410082 9776 9613 9648 9999107581157212496131971355413652
1018142             136201345813247131891334013760143611410813586128771196310960
1019141             10177 9661 9349 9216 9219 9432 99351059611512122311251712645
1019142             126571260612560126981313913908148291470214121131121195310864
1020141             10278 9868 9691 96961007911245133851454014729147481477314667
1020142             145001444514331142991453615204161631600115295141431268511385
1021141             1057410151 9938 98971017911214132341438714598147051481814867
1021142             148431488514757146711483215385161061587515140139791250511246
1022141             10426 9989 9746 9695 998811019130451433514671149231509015127
1022142             150791507214972149941530515943163671596515236140911266011440
1023141             1063510210 9984 99471024111278132801452714824151091528315349
1023142             152231517515043150221528715804162601596215293141771279411594
1024141             107431030010042 99801023111269132161442614744149231505215011
1024142             148631479614637145051462915033155221517014631138261272311588
1025141             1069410167 9878 9753 983310255110491184012663130681319013132
1025142             129761272112576125371275213254141251391613460128091192911006
1026141             10238 9763 9462 9326 9323 9554100821072511606123291269712910
1026142             129771286612766128301319613883148991474014125130931190710867
1027141             10131 9766 9588 9585 990211034131021426314407144651454814513
1027142             143731432714192141501436915022159621568214989138531245811267
1028141             1048010035 9821 97981011011203132921442214541146101453614617
1028142             145381453114498144601460415264160871578315042139201249211227
1029141             10406 9968 9714 9664 996110994130501426514495147121493915011
1029142             150051501714937148891510715671160321565414941138301243311235
1030141             10399 9978 9742 96991000911072131791439814516145381452714444
1030142             143321437414283142351439914969158131563815100141081272211480
1031141             107041024910015 99771028611366134131457914692147221471114608
1031142             144581439714274142801452614905149951454814162134541244111391
1101141             1064110204 9948 9846 993210308110831200812937137401422514439
1101142             144851434514244142401451215085153201487114338136421270211723
1102141             109661031210065100441021110660114301241713500142251454714720
1102142             147021451514373144571512516042159241533314762137061243511476
1103141             108421061710496105471101012278141491501915091150311497714871
1103142             146541458314495146631544916742166431614115405142241286911706
1104141             109371056810395104081079011922136291452014736147571476014677
1104142             145681453814436144771523216330161751571814999138321246411325
1105141             1056410142 9947 99051024211304132191421114447145551467814646
1105142             145301451414392144151521516299161431563214884137441239011268
1106141             1053510112 9914 99141027311406133841448714797149571515215251
1106142             152021524315207153891615516679164291592515217140761267311522
1107141             107501030910099100641038311420132791430514651148631497014883
1107142             147241470514644147571561816447161701566015078142251315312095
1108141             113611085910629105671073711242119771280413520138031380313635
1108142             133551310113033132511428715348151301465414180135081252911590
1109141             108751039410116 99991004710340108551154612446129641312613158
1109142             130861297412931131371421215519153741494914330133091219111243
1110141             106241031610195102551070111907138311476014874148131479514722
1110142             145861450014383144411529516481163301579615114140481276911638
1111141             108891047810284102871061211519129361390314340145221461914529
1111142             144191437614328144221528116430161821563414876137621239211250
1112141             1051610079 9848 98301016511249130741415214475146381474614789
1112142             147211451214607147511544116388161571567415014139041259811450
1113141             107211037110241103231072511931138551477614808147681471614622
1113142             145051455714607148751596416783166341619515553144801316612044
1114141             113091093510740107511111912221141351517315370153531529915198
1114142             150411500814922150651597716938166791619015665148311376912705
1115141             119051146311240111641133011828126081342914149144781455314403
1115142             141241388613838140961516716218160531562015207145091361012689
1116141             120101159311383113111139911708122001287113782144681470114675
1116142             145981456514536147891592416672164171593515226141651298611921
1117141             111431074310556106141104512214142291542415877161461632216361
1117142             163071625716191164201720617664173241672715941146951326512024
1118141             112191083110636106801109812293143331532015452154361545915189
1118142             151031531915424157901704518214181561781117212161431470613530
1119141             128071245412290123621277013981159541683416749165581643416242
1119142             159931590315857161361732118369182641793917309161371464613337
1120141             124931202111799118021217013315152521613816127159231577715616
1120142             154361539015333155701668017653175581720716620156281425713074
1121141             123291194211790118661227113461154251637316420163621632416217
1121142             160661601815987162001721518001178141734716813159651482613745
1122141             129421249512296122401237312863136631444315158155311563815472
1122142             151281476214612148511598416691163511581315247144851347712442
1123141             116451113610854107071074511037115701223713100135211358713531
1123142             134941336813321135501487715908157451530614704136731254311539
1124141             108391047110298103451070011842138231505115448156671579615778
1124142             156481555815357154011625816925166671613515382142261287011613
1125141             1071410240 9949 99031020911258131711421814511146391478214779
1125142             146881467014580146821562216417162801591915347144031315011949
1126141             111111065210382104071073211721134221469615425159361641316724
1126142             168561696716876169131765017939175031678215990149161371712490
1127141             116181113110826106761076611193119041266913727145861508915243
1127142             149331431613711134191385414095140301396913890135421287312105
1128141             115261121011066110851133311922128181348814234147251491914972
1128142             148401468714604148741601216840166281627115822151611422913235
1129141             124661206411854117951194412392131161383414622150231508314961
1129142             148231465514653149091606016776165911619615750150331404012982
1130141             121011156211240110591107011312117661232413179137381396414004
1130142             139651388613891142841562016261161301561915006139131264111494
1201141             107531034710184102111059511749136951474714900148761496814940
1201142             148801491714890151291629917146170551665316038149611356212334
1202141             115541115811002110481146812683147921587016092161351619416156
1202142             161331623316254165511773618415182751786517174159981442213024
1203141             121451163411401113661170212775146901578816039161271621416229
1203142             161001604115967162341723617801175791710616462153731394812668
1204141             118691143411271113111170312905150051595915966158471573615586
1204142             154041540115440157521706218114181251777617277161311470813434
1205141             126261218911996120341243813615156581665716667164811632816084
1205142             159101593015962162151736417857175011696916410155951440613143
1206141             121981164711305111471119011592123921327414339151081548615575
1206142             155041528615172153181629116745164361590515375146521367812620
1207141             117951131111036109521104811387120541283013838145341478914782
1207142             147121462514627150431664117925180051774317262162681505113881
1208141             129891258612469125221298614175163121749217745178441798417949
1208142             178491780117734179921913419843196401918918476172311556414085
1209141             131461260912312122371254613615154161664617066173091750017597
1209142             175361756617493176431850119049187121808117196159121430912952
1210141             120491155711334113121164812760147191593016176163301625316536
1210142             165371652816310165611762718372182171776317083159411442012995
1211141             121141161111410114291177612907149151607816313164211651916547
1211142             164851646516440166301778918636184881809417502164391490313479
1212141             125761209711875118591222913362153301642116594165171644116328
1212142             161491609316091163621750018208179191744216861160211485713600
1213141             126011203511759116801180212271131051397514895153611543615299
1213142             150261472914620149011619717064168491640315944152801432813214
1214141             123041174111444113341139011714123221300613873144171455614513
1214142             144651433914317146161607617219171781686116325153111396812719
1215141             119061150411355114051186413101151961627816300161471600915830
1215142             156091552615447157011709318362183671799817383162381468413283
1216141             123581188211667116601203213183152411637316554166041665616629
1216142             164781646516384166341777318485183031783617172160131444712957
1217141             119491143611177111571148612598145701578315971159781597615891
1217142             157031565315561157791702517878177351734016773157251423112792
1218141             118281132211102111151149112684147651593116092160331595515924
1218142             158051579815737160081728918215181281774017208161941473213275
1219141             123431183511589115691192613038150301619816436165311657416474
1219142             162581617216068162871743518279180651761717097162931514813854
1220141             128731232412049119401206012518133661432015277158191598515936
1220142             157851560315558158251693217569173171683716386157011469513535
1221141             125991198311676115531160411922125371334514371151301550415650
1221142             156781557915534156651693017728176161726216711157631441113109
1222141             121991170911504115031188712971148371601316338163641629816201
1222142             160351593415859160801726618112179941758116988159641453813054
1223141             120161142611119110711140012420142191551015915161081621816211
1223142             160711601015939161041710617711174921704816485155721423212854
1224141             117391108710746106201083011575128631409014956155971596216011
1224142             158081570315667157381635516368155101472714238137361302712105
1225141             111601050810090 9896 991910227108111164112613133741365713648
1225142             133741310312832127551346514122140471391213754133241252011584
1226141             108571041110209101951045311121121351292913608140851432714348
1226142             141661395413870140571522116379162031579015325145771353512453
1227141             115991111710840107411085411222118841253713296137861395413875
1227142             136421333313168133401453015621155241514014737140731308412052
1228141             111881064110320101661020910497109771161512464132841377413997
1228142             140731398013834139741520716107159941555215010142291310812076
1229141             113161087910753108211122612173136281468915295155221555015565
1229142             154791541815396156051676317910177961733816776158301454313328
1230141             125331209311928119341227513216146441573116298166071672116585
1230142             163621625316187163961753118734186221820917662167341544514229
1231141             133811289212677126601295513800150971610116713169021688916747
1231142             165401634716208162911735618443180371725516548158441506214362
0101151