0101151             136621306912645124251245412774132471353713966144291477114887
0101152             148691479614714149491615117326171551668816134153281422713154
0102151             123611185411618116151188112616137631467315267156081576115808
0102152             156991554115407155221657517673174211693416394155991453713486
0103151             126481218711933118641198712386131251385714644152171553815728
0103152             157311568015729159581697617710174861695816342154681438713283
0104151             123631176311404112451121711431119161252713337141931480515202
0104152             154251544815358154751637917000166951605815372142101296011863
0105151             111331079110672107471120812419145041562715772158751600016031
0105152             160151609216146165181771719163192241886718277171631574714529
0106151             137431336813240132871366414793167491791018047182161838218401
0106152             182731816718017181001899420011199561955418877177451627015010
0107151             142331382413645136391395114981169311801618072179211781217718
0107152             176611767017688179771906220293204392015919706186901734816129
0108151             154151509014955150161542016446182531941319647195561939719187
0108152             188331862518406185031946820583205432014319473183171678615442
0109151             146461419313965138841413015059168161794618121183411850518371
0109152             179331761117337173151807519111189281845417883170461597414835
0110151             140411358213357133291348613961147951564016418168661695916804
0110152             165101633016223164351736318376183671789917615169661599815000
0111151             142511379313576135031356613862144171500515779163351653116660
0111152             167091664816626167581763118668184791787417154160191471413568
0112151             127941236712182122311258113691154971660816879171301737917497
0112152             174861738217203172331800618797185771799317218160361465813466
0113151             127131231012193122711271813961160791724117367173441732317202
0113152             170231699316918171161810319521196141930718749176931631415118
0114151             143871405413938139801434615423174041853618656187171878318699
0114152             185131836418171182121893019803196821921318524173441588714612
0115151             138031338613202132051353614640165911763217701177071771417615
0115152             174131728617137171741790919000189421851317895168451546814276
0116151             135061316412967129691331614361162511722717363172011696916725
0116152             166031663616574166761746918650186061821917740169811596814915
0117151             141771376813600135631372214237150681591416726170931712316893
0117152             165381614015898160251685718122180491757417054162821529014289
0118151             135151302312703125541256512806132771384314658153531576915977
0118152             159901592115863159041647917072166751592915308145021358512511
0119151             117401132111140111941150912388136801465115294157201605416174
0119152             161121602815943160711679418025179331744316746156391430613149
0120151             124541206511892119181231313466154571647716467163631625516088
0120152             159151583615813159991686418261183391791717294161741483313644
0121151             129441259012449125131295414161162301729517197169671683616731
0121152             165691643616259163791721618521185201808417404162391478813566
0122151             127811237112195122161260113722157301678716887167571658216380
0122152             161731607015902159731666418011180581768717100160581469513550
0123151             128531248412360124291284013965159831702116997167661654416290
0123152             159941579915616156641632217523174821702816461156341454913454
0124151             126251214511877117551186312286130791387614749155231601416200
0124152             161911603415827158051635517403171831653315844149901398813041
0125151             122811182911556114581152111850124681310113949144461462214623
0125152             145151434114298145931557017210174251712516590156771456213584
0126151             129441262912541126421312814408165881772217899179321795317896
0126152             178261781517737177661839519531194251869717769166281541614359
0127151             136221321913044130531325613727144431506015785163991669616822
0127152             168701674316605166281731818727186321803517290162991515314165
0128151             135451323913111131331345714313157071673417410176891783117816
0128152             176661747717181171271771119186193611889618214170991576414630
0129151             139751366013544136521407515201171421809218089178381758717272
0129152             169151666716451165161715118521186611826817611165151510613840
0130151             130771265812464124351274713738155191661016915171051719017100
0130152             169171683416669166261705418040181141771117248165311553814570
0131151             139051354413412134361363914191150721595116886174231750517379
0131152             170801670016444164831707518452186861829217790170321605115037
0201151             142961384713621135221360613894144521504115750161321613216037
0201152             159311574315713159231664317999176471674316265156311501314306
0202151             134581302912888129591331414155153541623117027177191824218537
0202152             186131852818399183791884419916199111932118477173101601714882
0203151             142761396413889139921437215392169691795718367183601828218191
0203152             178691763817371172931775419174195991932018725176901628615088
0204151             143831404513886138851421215246171031800718021179171784617648
0204152             173441717216971168681722318401185811816417487163711492713711
0205151             128921242812215122011253713618154521650016815170921734117437
0205152             173831735517180171491763619097196421939718915179441657215423
0206151             147261440314280143421471015815176881857718594185301848418374
0206152             181151784817512173391769518829191121877318266174491636815251
0207151             144121392313637134981352813897146401547616271166321682516721
0207152             165521644016320163151666417643176801717416607158111483213861
0208151             131251267912430123171240012650131601375814767155581605616340
0208152             164661643816404166071724318401184911798617293163261529314366
0209151             136911332413175131921352914391156191650717287179201838618662
0209152             186861853718252180621841319585196581905718211170451569814563
0210151             138461347013294132861360414543160341704217546176831764617506
0210152             172901708216843166901702618296188221844217802167321535014196
0211151             134761312112959130461351014623165271744917607175601744317285
0211152             170831692216713167211720518463189641866218122171161575714573
0212151             138741347713306133501367414737165611749917692177851778217613
0212152             173811726417054170421745418424187921849217948169901567114537
0213151             138081351913480136331408015292171741818818390184441842818256
0213152             179561773617480174291777218826193431903818623178791683215792
0214151             150341460714413143541449514942156981651617286176851772417524
0214152             172691702216855168951728718300185321795217247163261533314409
0215151             137121333813157130961316913434139291451415496163301688617163
0215152             172041707416887169501747118929195901917918609178061688915993
0216151             154041509314989150361531916029170831795518664190431915319037
0216152             187461840518131180931855419713201081965918989179471667315508
0217151             147801438814208142151456015494170471807018609188391890818751
0217152             184331813717769176431796219018195141912318477174211609414935
0218151             142141387613728137771417115199168391778618010179681783017551
0218152             171911700616808167821717418304187631838017739167251541414279
0219151             135491315012999130461339714407159821695117283173331736717451
0219152             173561729017192172931776319007197051947518954180081673715669
0220151             149881466714546146101499216017175751860118944190221895918769
0220152             184781823417951177891806018952195401922918714179031687815834
0221151             150761474614603145751474815216159051667917340175761749917265
0221152             170081686416776168331715618013182231767916991160771498013954
0222151             131801269012392122601229112553129971359314450151111544915499
0222152             152851493114668146781513516476172701694216306153091424413274
0223151             126531231512175122241265013803156991681917273174661750217501
0223152             173041719017059171851771418940198621967019172181901689315773
0224151             151181485114768148511524616370181271896218920188701867418416
0224152             181021787617680176471810619254199831964918960178181632515045
0225151             142761390313730137481407915163168781770617669174581729017026
0225152             167291652316292162861670717763186051840817835168401551814393
0226151             136911335613217132781363414728165251752717856180441812418062
0226152             178341751017272173601775918605192061889318276171981581814627
0227151             139391362613520135841397515073168121765317697175541738217144
0227152             168081658716335162621658717461183131802917623169001589714889
0228151             142201386813724136971386714367151101588316454166911659316298
0228152             158701544315150151001548316452173371709116703160961526414418
0301151             138211350913370133311342313757141801487715622160561625716310
0301152             161681606716054162501672517681182151776617026158981468413645
0302151             129801263712508125411291813960155181650716840168511683916735
0302152             165931647116326162961668117698186021832517726166111523814109
0303151             134391311412999130701353714711165001724417156170031689416731
0303152             165601656216531166451712818218188161846817799165841512613882
0304151             130371256612310122881261813636152651618516465164901641716290
0304152             161141598015762158131623917145177221736116689155841421213057
0305151             123111194011786118061220013337151511621816637169401722017310
0305152             173111731017152171591752018323188481852917964169001559614491
0306151             138861360313520136131405515226169211775917763175761741617142
0306152             167691651016236161401643217209180991785117373165931552714495
0307151             137201330013120130931328513774144251519415769159881590115614
0307152             151931477914570146281500015777165881628115800150471412413235
0308151             125561237812200119921199712215126961320613945145921485714887
0308152             148761474114449142601438614823155211641616146152521409113005
0309151             123181199511868119391231513397153411647716583161001610215832
0309152             155251530315001147981485615244158461673316388154111409612922
0310151             121791179511648116971204513135151361620516252159851573215448
0310152             151911501914841148211508015570161631662716141151111371612514
0311151             117271134811122111041141212423143191539815351151101503814900
0311152             147001453314283141661424714594150431585615599146501337912213
0312151             114631110510955110051136312494145461564215730156331556915408
0312152             151871506414864147581490615347159581685616639157521446313312
0313151             125611222012089121421248813564155311655716577163741613915881
0313152             155511526414933146891474115006154501611715832151281405812986
0314151             121921173011485113661144111801125581342714381150921548315579
0314152             154531521714995148751496915207153881550415109144251351512540
0315151             117781133511043109161094111181117231237113326140651439814584
0315152             146131440514257143501476215274157161629615929149941383312794
0316151             121081179011649117141213313285152961626416268160501586715614
0316152             153201515814885146901474015125157001649016154151271376712586
0317151             118411139811194111711150512574145511571016016161521623416096
0317152             156701540515175149781521015592159951684316628157401445913327
0318151             126051226012146122151262313750157591678216813166311651716371
0318152             161801605515847157901599916481170211786917590165811518613987
0319151             132461290312763127861317814308162811721517096168531670916479
0319152             161631592115587154151552715888163721722917022161081481013618
0320151             128791251112379124141277613866157811677217000169371683416616
0320152             163521628916168160841619816406165911695416565157411461113493
0321151             126791223211984118401193412314130851391414879155211571115487
0321152             149781445814065138441394614265145931512114894142771343512534
0322151             118391143211240112031135711721123251299813767142431448214559
0322152             144711425014016139851423414813154501645716352154991436213343
0323151             126851242312360124481292414139161431713217093169071678216565
0323152             163001603715713154851558916025165111734917134161041474313540
0324151             128291249612411124451284013990159791696216871164731612015835
0324152             155251529315006148641498215349157461659016464154821412412946
0325151             122941197711849119311235213526155141637916188157731545815152
0325152             148601466514447144591478415343159061646516072150511366312471
0326151             117071131011100110561133812395143091527215436154161531815209
0326152             150801515915128150981533915661158191604715615146011323312052
0327151             113041086410664106601096812007139641513015457156371570015573
0327152             153391524515022148961498615088151281546415239145011344612392
0328151             116051115610925108351094011347121501308514132148641522415218
0328152             150441477914490143701444814699149531541915236146171375512834
0329151             121371174611526114541155111874124041306013759140821408913946
0329152             137191341713133130161320613724142571518315254143881325912246
0330151             116061130111184112461162312750147251586416226163701652916494
0330152             163191608215753154131549615828160241640616128151021370612489
0331151             117291133411169111781156212690145681546315407152441510514873
0331152             145801447514348143741463615092153961598115776147781339012248
0401151             115371119011066110951152012694146531553715467151951504114876
0401152             146251446814205140731418714537149131569315783148971360512476
0402151             117651144311342113811177012903147871575515818157171561115264
0402152             148471451714182139521396714220145281519915113142391295811748
0403151             109211047410227101731041511219126081356514190145311465214561
0403152             143221419714054139391401714138141391440414185134551243211397
0404151             1060910155 9888 9761 985110217109111177312811133561358113608
0404152             134131313712887127731290013224135381420214370138431303212082
0405151             112611080810593105101058210900114141218112911133371337913359
0405152             132231284312492123361247912808132341407514278135621250611502
0406151             108191052110451105381095912117140031506715274151871510614940
0406152             146761451714276141061416514444147401541015373143561301411814
0407151             109821058710407104011073811830137301483215091152171538315379
0407152             152871526015096150611525915601157451602115744147331335012128
0408151             113631098310825108411119712325141561516415250151341510815103
0408152             150771520415182152571554215959161591644116095151381374312563
0409151             118101139611227112401157612673145721569915990161201622316173
0409152             160131589015724156401574716023161711645516180152151383012592
0410151             117821132811103110901138512398142211533815599156671569715581
0410152             153711523715044148911491814959149111506614871140711297911854
0411151             109931051510260101731027010677113171214212873133121342813313
0411152             130571277612518123591244612711129671354313799132411239011439
0412151             107611036110175101111020310509109131154512141124861255812499
0412152             123351209211908118991214312572128861357313853129521181310732
0413151             10128 9783 9647 96921011011255129411395214129141721421914161
0413152             140241394413783136691373613949140571458714644136021223511017
0414151             10290 9861 9663 9645 994010948126461385514207143141441014305
0414152             141611412113943138331393514145142981474514624136171223611053
0415151             10283 9881 9678 96741001511085127001368313826138581386713826
0415152             137171371313571134951353513725138111427214493135401220510989
0416151             10229 9834 9650 96991007911184128231380613908139171391813835
0416152             136871362413442133681341713620137671429114485135551224211058
0417151             10265 9860 9645 9619 990710869125321374214296146291478114726
0417152             145331437814103138651376313733136491380013963132251215511022
0418151             10220 9747 9489 9395 9477 9859103841123411983124511254112479
0418152             123041211711985119551213112410125161275213032124261150110579
0419151              9864 9442 9194 9097 9160 9417 97531040811153116271183411853
0419152             117781161111476114741171612147125081307413353125321148310490
0420151              9858 9520 9378 9394 973310698121161336014101145891491715076
0420152             151241512814985148971502415272152761528814909138461254211359
0421151             1058910172 9945 99031019111077125911374214247144121454514565
0421152             143921427714013138241382013894139041422014471135991229011116
0422151             10326 9908 9730 96851004011005124201346713759138571393713934
0422152             138811390213796137101385414123142411444814431134761218211039
0423151             10281 9878 9669 96741000111003124311352313899140741423614277
0423152             142501424114025139101402914276144361475914939141071285911709
0424151             109811056010373103691066511607129871405214430145021452914429
0424152             142541411813927137521376913926140581438114577138981288311826
0425151             110421062110385103281045210835113891214312748129961298412795
0425152             125481232912101120381216412467126881298513287127301187010956
0426151             10283 9876 9663 9580 9643 9882102271086411575120291220712366
0426152             124171237112286123171255912975132311356113679127881164110594
0427151              9940 9567 9420 9454 980110881125651372714005140641412314154
0427152             141171409013903138451397014271143571453614635136671228111079
0428151             10317 9897 9715 97111002911068127381380114022140571403713797
0428152             136831372313566134631355213725137821407214470135551217610946
0429151             10157 9746 9532 9520 983710827124741348913717137561385513879
0429152             137921381713700135651358813691137371407514357134421207610858
0430151             10081 9657 9451 9456 976710780124411357313844139291396713889
0430152             137891377313658135771361713759138321412914359134661216310940
0501151             10175 9755 9551 9529 982010754123691350213853139311396013884
0501152             137431366513491133231330113298132391342913807131901214211057
0502151             10249 9785 9561 9484 9592 9942105661146912139123691237512277
0502152             121301195911794117591189112118122171247812974124431151710577
0503151              9849 9467 9200 9081 9132 9304 96281034311100115961183511929
0503152             119781192011863119271214612517127451304313460126651143310330
0504151              9615 9248 9084 9083 942610389120371316013566138731419614425
0504152             145521469614677146291468814751146141467315035140671257711223
0505151             10355 9880 9625 9540 981310733123861369614173144411461514823
0505152             148631495714984149811498314926147161474515037140701255811216
0506151             10346 9869 9595 9506 973210638122391344613862141501435214423
0506152             144001446314416144041448014536144071439114769138451238211030
0507151             10160 9677 9430 9363 965210491121161332313806141971459614838
0507152             149571515215214152411533515277150221489315202143341277611406
0508151             10490 9951 9628 9527 976410575121391341113983143851465014816
0508152             148331488714797147151468014536142321410414354136611244411198
0509151             10274 9758 9436 9292 9357 9647101791112712023125371268512717
0509152             127221268112722128351300013236133071340813831133331234111239
0510151             10422 9883 9567 9427 9443 9557 99001079611868126991322213559
0510152             137871400714246145231490915256153481543915908152201383812477
0511151             115281099410646105201079211664133471490015705163131677816955
0511152             169341695216840167641673816585162891611216175150941345211984
0512151             110731057210294101961046011351129801427814806151921568816184
0512152             166061695517073170121707716968166131634416359152631348611858
0513151             1082910235 9905 97891000210757123481356213991142351446314543
0513152             144741448414358142571430314302141661413714464136841225510965
0514151             10127 9672 9449 9433 971910546121791328213632138601405814157
0514152             141271420914187141951430914362142451417714510137811234711013
0515151             10165 9693 9472 9424 970510468120471320213682139951424514355
0515152             143411439414277141081412314020137781367413971133881224411070
0516151             10196 9673 9390 9277 9352 9618102191125812230128391314613215
0516152             131411305612980129491300913164131871326513564130791213411088
0517151             10278 9792 9503 9361 9364 9409 97981070511749125771314813590
0517152             138691399214148143881478915160152621514015349145911311711704
0518151             1078310264 9961 98571010310950125451377014214144701467814832
0518152             148591500615032150221506615068148691475714965140971263211264
0519151             10416 9955 9710 9639 991910775124051372014223145651490115050
0519152             150331501414978149741516015346152651515315353145441309611763
0520151             1082310256 9878 9730 994910672123091349513909140981425314297
0520152             142461427814151140071402614092139821395614285136511230411013
0521151             10167 9747 9486 9458 975210563121921332613758139491416114203
0521152             141881421214108140771410614142140281402714381137351235911069
0522151             10202 9736 9489 9445 968810494120291327813787141161434814472
0522152             145071451414368142331417714128139031366713824133511222711044
0523151             10137 9639 9349 9220 9264 9400 99791081511630121011226812241
0523152             121291194311799117991199312303124551245912796125161160510609
0524151              9856 9411 9162 9046 9083 9120 95021024111073117411209112293
0524152             123571235012356124831271312969129711287213198128731194210910
0525151             10099 9608 9317 9183 9245 9380 98741069111761126471320613622
0525152             138731390913923140561437714720147141467114992143361290811607
0526151             107451027110013 99671021911030127691429515089157941645316830
0526152             170881754417913182291847018462181301778517785168901509713446
0527151             123031164311241110691127712042137271516815992167331751418155
0527152             186231910919354195241954419254187001821117996169731522513615
0528151             125031183711405112481145312241140301546616175167631736117900
0528152             183241883119143193631929618925182801776617654167801494813222
0529151             120281130910879106731083011510131691458715435160551654816890
0529152             170711734817534177381785317602169281630316202155461417112756
0530151             116771098610547103311033410443110581210313300142961507615726
0530152             161771648416790170761732417405170841649416383158831465513343
0531151             122841162511201109281086510855111661196313000139991468815162
0531152             154091540115141148371470914768145501421813963130891184810734
0601151             10030 9636 9430 9422 973110652122701358314164145041478314880
0601152             148011474514586145321470214984149531480414623136971232911137
0602151             10349 9923 9724 9664 994010836124951377314275146071482014864
0602152             147781472114545144991463714850148281468414649138981250811246
0603151             10409 9968 9755 97081001710798124511357013890140291424214302
0603152             142461424714157141281418614261141691406214352138761247611163
0604151             10272 9819 9589 9563 984710635122731347013886140871430114419
0604152             144131446014376143421438514413142731418414406139431256111243
0605151             10366 9866 9610 9559 982910569121641342413922142151450714664
0605152             147221484814840147861473114622143471411314262138551273311538
0606151             1062410088 9781 9637 9676 9854104181136112367130481340013514
0606152             134501330013170131391324713403133901324213358131271215111072
0607151             10181 9640 9330 9166 9156 9139 95371029111180118881227812503
0607152             126161260412612127061299213372135161349713703132611202910855
0608151             10026 9614 9415 9426 974710595122451356714235146901507315308
0608152             153821545515472155701572415801155921542015496147761334011995
0609151             110821056610304102491052911412131651460015268157091613816413
0609152             165561673216629168071705517105168271644916250155761402212515
0610151             114691085910468103431053411247129551439215140156941623016589
0610152             168531719917458177161796017945175521709317067164291476713136
0611151             120651141011067109661122011977137551524916049166821746718194
0611152             187241933919705199872022020117196481915918963181741631914488
0612151             132011235111815115501166112296139111530916154169001763118275
0612152             186641922419552197201975519420187001798317856173431604914618
0613151             134901277112323120341196412008126451375214842155931612516497
0613152             167151683917033172961760517740174961690816562161191485013451
0614151             123041156411071107661064610530109461181212928139621469615210
0614152             155701575415933161821644716648165021605216045154401397912588
0615151             116331103710707106121087511727132461454215190155451584415928
0615152             158541580615615154691549615550153971519215036142571291911679
0616151             108281034310137100811035111098126911404914725151581556515835
0616152             160481636116426164271659416707165931643616412159341443612958
0617151             118981125410862106681079711420130781447515145154931576915963
0617152             159971619516272163851642316257158621551615525149771348112054
0618151             110531047110159100431024910924124651377614498150041542615743
0618152             159131615616335164471648216374159981568415689151841381912439
0619151             114341086410568104711072011463130231445515355161001680717393
0619152             177341803418230183281827518034174941684216445159341455813028
0620151             118411104910542102581015010175107621176712806135721400614235
0620152             143071427914190141291413014134139951387613987136941283811835
0621151             110381053110238101221014810280106671151112612136101433814833
0621152             150721516415295156281610716613167181650616459161441479313354
0622151             123021165711239111221134212066136651526916405172591795918511
0622152             188631927519518197792001219999196871909218653178931604414276
0623151             130081221711684115181168312356139321556416681176011859419322
0623152             195431998120512209232086720511200081945819049182721656314777
0624151             133531250011935115981163012166137641531716242168911751117937
0624152             182341856518869191681939219338188661819917743171331547113778
0625151             125201175611267110381113611661131381466215634163481700217513
0625152             178591825618452184721840218178177041729317190166631519513692
0626151             125991191911505113211144711995132591452115268157631612616363
0626152             165161676616878169211699316865164271583115467150501384912493
0627151             114351077510363101411010710158107441174812729134811393514170
0627152             142271411513986138621384613876137981370113798133881249211470
0628151             1066110149 9871 9703 9691 9798100961079511740126351325413587
0628152             136771357613405133411349613700136841354813502130461199210914
0629151             10196 9761 9534 9514 975510471118011317213994145651506015400
0629152             155581572715750156931575015859156761548015388149571360012221
0630151             112441066710341102041039010993123651387014854156081630016840
0630152             172071764517842178971791217771173691688116705161811477513268
0701151             122321160611258111261133812061134881487915792164221696017323
0701152             175451792118203184361865018681183041776217403167661524813652
0702151             124601165311187109621102211537128611438115390161031669717090
0702152             173451759817682175851748617311168451640416290158331457613194
0703151             120831133010835105401048710603112621230913328141271467715007
0703152             151911537915596158821623016376159711532315056146131363212529
0704151             114721077210342101231006510057104031119812143129741351913817
0704152             139921387613631134441340913510134551324513173129521244111646
0705151             1080710220 9867 9693 9629 9575 98661069011775127971364214302
0705152             148241518815505158951632216688166921643816382160681481813336
0706151             122771159211212110231119511729130611464215836168971786318640
0706152             190991949419717198772005820106196961912618786180361627314563
0707151             133291254012091119061208812777142721588016967178901881819588
0707152             201072060420868209772098820903204812001619803189801732015656
0708151             144571365913155128981304913683152331689917992187211951520261
0708152             208082131921603216382162121397208662011419668187471688815030
0709151             137171278312229119261199812543137691508015866163851685917166
0709152             173701772917857178891791717761173621705917020163711492613530
0710151             125011189111551113951152512107133821476015737164621704217575
0710152             178951822718461186631884418800183201766717272167951544213924
0711151             126781187411337110261090910958114831264413974151171597416635
0711152             170541737117651180251837418602184341788417534170581581914414
0712151             132321242811881115091133111181115181249413780150921627917331
0712152             181091865019080195321991520162199831957419469189421733415595
0713151             143291351313016127491287113508149091653717709186641952620171
0713152             206812104221122210982111120992204541971319238183841653214778
0714151             135261278612370121771236813045144831610817211180901873819090
0714152             193381979120048200481982219676195161918019108184361692215374
0715151             142141351313075128831305713765152601691318010189171975220351
0715152             207262109421117209582075520327196221882618339173561564313947
0716151             127121193611410111471121211729128881425115015155041590516171
0716152             163281659316752169211715417211168841636616170156471425312789
0717151             117051105010670105231068011207124341388314877155861621716702
0717152             170021737617583176861777317717171701663016559160821486113563
0718151             125241190411487112831126811476119691287813957148191535915609
0718152             157471588515967162101654916838168301664616707164061542214223
0719151             132411261112222119591187911915122771335314896164371777218898
0719152             197582027320478206552104521368211322077720677198351825516655
0720151             154981473814201139721415314894162931828419917212432238323213
0720152             236892414324291243572443724365238132297122463213431920617170
0721151             157461472714061136551368514265155811702717946186111932519963
0721152             205042120721741222682268322622220242123620760197591786515969
0722151             145811364212967125701256913082143691589316886175781819318657
0722152             190011940219631197391975519595190041834418037173591577614195
0723151             129751222611737114661154912123134201496716012167571739917855
0723152             182061858718782188341894218843184321786317692170501552713987
0724151             127781201011541113051141311923131111463415743165091715517631
0724152             179031812718199181951815217923173761675916584160451476413402
0725151             123071159011132108731079710910113971239713456143231489615240
0725152             153971543915483155711570515778155381518115280148951392912855
0726151             119651136710980107961076910899111891193112930138691458915112
0726152             155681594516179164141679717080170441688916952164561523213884
0727151             129471235612006118681210412842141691572016834176951845619052
0727152             195222005620467207502087720790203461974019549186521693915298
0728151             140621331312856126521277613473148281646917725189012008821071
0728152             218952259722989231622317123032224302168321364203331835916400
0729151             150091410213546132451330813901152621709918597199662130122374
0729152             230942372024029242162443724399239462327722875218011974617763
0730151             162861533314662143281440415018164421818119627209372204122736
0730152             231812362623865237022329722747219892132620989200531833416633
0731151             153171446913857135251352414019152051686718186191912010320707
0731152             210462143121690218302188021649209301995219330184011678115085
0801151             137691289512302119821191012037125291371315148164451734018038
0801152             185881883718939189321882618781185301797117756171231581614383
0802151             132261240411829114561124311172113701228813522146711559816388
0802152             169691741217772181991867019003188801838018299175891612214660
0803151             136251296912530123691258913323146791646917852189601998220820
0803152             214432207722476227432291922715219972120820936199691818416449
0804151             152051441313960137431389714620156951682717595185311954120477
0804152             211372175921920215492106020887203741977019531184901676815053
0805151             137861295312413121251218412756138741537416506173951810318701
0805152             192631977420099201702021220006193571860418435175081579514126
0806151             128941212611627113721148112105132451467315705164471705617501
0806152             177951808518263183001832218163176821726417314164821507313666
0807151             125431181411379111611127211830129261435615453162311684517271
0807152             175721785817999180251800817842172901665016550158521457713189
0808151             121371145111004107361067910799111801220513311142081481615208
0808152             154501553515591157281591615982156741536215510149551392812761
0809151             118141120610775105421045710517107031146912519133881398914376
0809152             146621478614854149871531115622155971536415527148771365412401
0810151             115291098810663105601080111524126911415915284161421685817467
0810152             179141840518733189011898818882183861783317792167931528013864
0811151             127941219211844117101195012794140951545216351169391739117586
0811152             176201767617596175381761617745175981749417429165341514813834
0812151             128491226711895117291189312631138061526016407172471800418585
0812152             189531935219573197331989819834193061868118510174821583714208
0813151             130651230711830116011169812366134501488415944167301742317952
0813152             182931870818951191111925019154186471802617907169501537513814
0814151             126511191211430111701128711923129631441315618165901738817990
0814152             184231898019455197962005119981193861865218475175061603514556
0815151             133521255612045117481167111861122631333414680159801715718157
0815152             189351950119851201152019820056195221895118761178221641715012
0816151             139081311712599122551207212115122701318714550158641710118149
0816152             189581954619991203672069420923206732019920170191031742715815
0817151             146481388513397131641327913995151911683518357197442106822105
0817152             228492350223790239342404723991234702285722553211171910017163
0818151             157461487814281139371399814698159011751918898202192153622642
0818152             234842411324216239392370023295225302199521731204071850316695
0819151             154811469514185139581407214814160561762718918200022102621874
0819152             225102309823456235982362423406226642191121645203621848016677
0820151             154031459114143139201408414870161831766218815197442062821314
0820152             217702225222484225132246822146214102082820667195221787916296
0821151             151161437313931137431396914794160581743218414190461949619811
0821152             202172067120940210612116620935202531973819493184391698915472
0822151             142911347712938125821242712565128691371614781157481647316923
0822152             171791733217413175411769717706174231710017107163261518913982
0823151             130151236711930116531156711678118871254813581145031526215855
0823152             162791650716664167931706117355173851737417474166281535814100
0824151             131881264512364122801255813462148291619717212180181879719404
0824152             199022044120707208332088020856203701996419793185361687715268
0825151             141101339212917127211294413778151551657217584184471931719997
0825152             205422104521454216602173321562210032063320311189651720115538
0826151             143151351512996127251281913617149331614417058178791865519262
0826152             196702008520301203762033420076193651884818563172671556713936
0827151             127871209811656114541158212280134631474415703163941700417459
0827152             177691812018274182811827218185177091741617311161931464713195
0828151             121561149611112109241104211776129391418615152158661644416878
0828152             171471744517562175951769117556170541676816576156141430912985
0829151             119451128810840105761053010738110881196213134141201477315200
0829152             154911570415905161401641016517162501613916078152981422713096
0830151             122211160011210109921092111019112331198413162143541542416391
0830152             170561750317840181711855018767186121875818710175961611014697
0831151             136341298712564124001260313538149811640917562186371970120624
0831152             212982188722221224192256822484218982165521199196241760915766
0901151             145221368413115127961288513679150331625017251181731904019641
0901152             201262070221038213012145821245205522023119788182491637014655
0902151             135261277612326121111228113186146901591916851178511891519911
0902152             207272153322072225202276622595219062156721011193921739815599
0903151             143591355313062127851290813772152641648417503185411959620547
0903152             213512209722460227072275922350217132160821121196581775616014
0904151             148141401913522132251330113951151511610616728171741759517949
0904152             181431833318396183551834318090173811711516742156921431412956
0905151             119151124610809105281047610674109871174812815136511419314537
0905152             148151505115291155711585115974156901558715359145271341112262
0906151             113641079710441102331018610301104801116312243131661394714648
0906152             152281572116136165841697817102167191655616251153591423713071
0907151             121271150011102108831086811134114491217613389146791588416996
0907152             179631880019535201582069920921205702066420301188621700015383
0908151             142691360113194129991320914192159041732218527197662104522186
0908152             231672396324291243682433824032234442338022570208411872516886
0909151             155771475014237139741408114983165471778618830199182103121920
0909152             227062349223961241992427523917232672320222483209601890817067
0910151             157901502114508142401429115170167751780618335187681904819108
0910152             190671894718593183131819818131179701800317369161741483813504
0911151             124901187611490113631155512429140491509315632160121629416418
0911152             164441663316729167991686616764164241651916094150971384412606
0912151             116521105710676104981049010767112441207713099138781444614808
0912152             150561521815303153971539515342153641563815255144711346812396
0913151             115631102810667104841043710588109291153512523133641396714347
0913152             146171473914771149021519215486155911581015285142711304411879
0914151             110281048510188100931031311218127101376914382148661525115481
0914152             155571569215642156221567015757156991602715524143051286411628
0915151             107561027710035 99811022411210128191386714480150051547815873
0915152             161801660916956172541753617601173141752916955156241400212571
0916151             116521108210747106201082311777133431433615015156891639416955
0916152             174021796718365187061895018885184411861817905165441486613374
0917151             123301168911295110891127012198137271475515501162411704817728
0917152             183111896219433197511992619711191091919918500171061534713762
0918151             126501194711512113161145612293137671479415574163551716417858
0918152             183311882619139193661941319045183101819117428162721484713465
0919151             123961170711282110231096311264118131263013673144381502315546
0919152             159471619816416166111677416724164411659416088152591418613131
0920151             122921173411389112061118011365117271228313061136741405814330
0920152             145161459114618147131484815063150131530714678135261220011104
0921151             10329 9905 9681 9666 993610890124801342513852141771446614653
0921152             147191490014913149061498315068152161561014930137641234311162
0922151             10384 9959 9756 97171001010950126921372514111144541479014948
0922152             149841509015051150471508615129152191561114991138441243111185
0923151             10415 9986 9774 9706 995810867124271338913862141921453414762
0923152             148911510315225153521552615607155641587915220140261257411332
0924151             1050610076 9833 97431002710965126281361914108145031489115165
0924152             153161555015621156821576415715156631603215399142171278111493
0925151             1065810175 9884 97971001410907124961345813953142641454114668
0925152             146531472614701146131460814545145951481714237133691225111150
0926151             10319 9826 9567 9453 9501 9818104301120612076125711274612770
0926152             126781253412433124581263512899132561360213174124531152310577
0927151              9877 9434 9192 9086 9119 9355 97691042411259118081207812253
0927152             123921243712489126281303513511139871445613827128101164110672
0928151              9966 9583 9411 9392 969810712124871352914034144781490715233
0928152             154861579215891159381606016199164751678016030147901335912089
0929151             112271073810486104231072511795137271488215495160351655817012
0929152             173591767017758177591779117860181511821917473162661475713422
0930151             125141202011760116711196913031150351634916991174501787218044
0930152             180271792017589171141678516685166951666015895146371313311765
1001151             108351032110016 99301015411048128131380114154143461452514522
1001152             144811449014397143691447014779152601536714713136751229211098
1002151             10324 9874 9648 9590 982810759125381359914059142911444714452
1002152             144041436414231141861429314550149271484414256134241233211226
1003151             10430 9977 9695 9566 9657 9995107161161112569132291350913519
1003152             134091317812990129381306813418139621403213583129031198311022
1004151             10263 9811 9531 9400 9417 9662101261074611604121451235512442
1004152             124131228912194122951265813255140471444013835128331165710603
1005151              9937 9595 9436 9466 982510898127921380314063141441425314283
1005152             142611428014181141071425014584151911541614720135801219311039
1006151             10295 9894 9692 9680 997911005128821382513989140531414414190
1006152             141761425714203141991440214704152671542714740136121219810974
1007151             10200 9818 9624 9590 987910866127441376613969140911422114308
1007152             142971438914417144561463514868153431550914825136931228011050
1008151             10289 9855 9671 9613 988410856126871364313844139201402414031
1008152             140371410414055140391417814404149981519214585135811223311009
1009151             10223 9826 9633 9592 985810784125681369014206145771491615056
1009152             150651510115010149111501415237154781514614487136091248511320
1010151             10460 9921 9596 9445 9491 9843105401129812121125401264512534
1010152             123461213911995120311231812794134951361313192125471166710752
1011151             10052 9645 9403 9311 9351 9610101001069611494120131219212190
1011152             121181203112005121601255413015136781376813280123931145210525
1012151              9826 9464 9265 9230 947910175113741229613006134931378313908
1012152             139311397913989140721433514727153341531014545134181209910920
1013151             10158 9729 9514 9485 978210811126911382214258145961477614841
1013152             149041500314957148811499315246158551574114992138581249611266
1014151             10417 9945 9672 9609 986310848126421359513871140741429314405
1014152             144061441614320142401431114602152851527314578134461208610909
1015151             10151 9740 9513 9510 980310852127661376413924139121389813850
1015152             137611378713731137481399214380151521520414605135861224711052
1016151             10273 9845 9598 9571 985610870127301380214125142591429414180
1016152             140211394113820137181379514055146731457014041132771222711160
1017151             10366 9917 9684 9597 969410085108701173712543128971297312878
1017152             127241252712409124381274013304140911403513595129881213511212
1018151             1051210117 9888 9802 988910210108091149212326127451286712945
1018152             130121306113055131741360114328152841528514776138111276211775
1019151             110251061610486105231094012114141741528715404152601512914906
1019152             146351444614247141981452415242162271616815486143751294611701
1020151             108911047210263102221051511588135261451414626145941462214563
1020152             144201434914208141811439714856157101557914854137381235211147
1021151             10386 9976 9754 97141000411011129491405414331144771458614569
1021152             144381440614292142591442114847155801540014715136241229111102
1022151             10342 9914 9676 9645 993710990129251399014210143591452414598
1022152             145681459814555145091464015050156561540914737136751232311081
1023151             10289 9795 9536 9460 976310768126591374014002140891411214058
1023152             139391386513737136251381014263149761477814335136011258911518
1024151             107671034110104100561017810603114421228813182135981363213534
1024152             133681317613044130921335913934143991412613624129691206211109
1025151             10367 9911 9632 9507 9540 9782103041104211931127391316313383
1025152             134551323013003129051311113687145781439913756127681163110624
1026151              9997 9670 9508 9542 993311137132131434214412143031425114124
1026152             139541386413730137311403414787157921563815004140041265311496
1027151             107861042710280103081066311822138831492114956147221444614330
1027152             141081400213862138781418014916158681566315021139781262211482
1028151             107551035510149101401045611554135621461214722147971487814830
1028152             148171493114884149431532816023162471583615187141111279511587
1029151             108041035210135100751031211333132401452514795149331500814933
1029152             148801489814670144531439614767154941524414616135451227311151
1030151             10292 9816 9552 9508 977810783127261383413985140021407614028
1030152             138291370013503134751367514158148201453814049133271235311287
1031151             1056910140 9920 9838 998710445112671213312912132341319912993
1031152             127841261012484125151284113372137081337013051125401175510891
1101151             10220 9638 9371 9353 9472 9823104261124612175128261315013265
1101152             131911306012943130101381214979147601423013529124771136010477
1102151              9923 9589 9489 9543 996611185129961388814048140621414914120
1102152             140801403913995140751479715918157091515214371132961205110986
1103151             10334 9976 9814 98301021511364130761391113979140131409714130
1103152             141051420414225143081485315923157661520714407132791196310861
1104151             10202 9846 9663 96891004711172129351383013912139141399514025
1104152             139831404514041141511471815811156801516414419132971202110916
1105151             10229 9861 9676 96811002811121128921381014072142401441114528
1105152             145621460614595145971519016143159041539514693136011226611111
1106151             10399 9967 9754 97061001111012127711382714341147001493014973
1106152             148761499214864147891530015993156071499814334134371234411218
1107151             10328 9798 9514 9382 9438 9840104421124912114126341282912837
1107152             127461261212582127481357114344140071357613030123311151310673
1108151             10010 9605 9363 9304 9401 9709102001088511601120221217112262
1108152             123231228712337125951363214904147691435813753127831171410824
1109151             10251 9958 9824 98901033111551133981428314275141731414614051
1109152             139671396713973141151506016190160481553714805137071238111258
1110151             105571019610017100381041811553134381435414548145941463814604
1110152             145781464014598147601554716312160621551414813137491251411390
1111151             106351022310005 99841024911123125011360214298147131494915004
1111152             149251489414810148981570216417160791551514812137071239811302
1112151             1058810196 9972 99931031911411132781428914673148841503515152
1112152             151161510815040151481583416401161361560714915138191247111334
1113151             1052510078 9849 98371015511192129341380713979140551418114150
1113152             140181407814045141091486215652153781486914279134491241211367
1114151             1061210201 9971 98681000710474111941199612805132511351213528
1114152             133411309113059133131431715290150451460914156134561256111694
1115151             110161057510330102671034010671111651174512376127981292712987
1115152             129471281712852132201435015248150681443514030130281187110996
1116151             10252 9917 9800 98711032911506134141435614430143161424014218
1116152             141231413714100142611521016274161471570214996138661259011451
1117151             108051049210346104081083212057139731481114764145731442714240
1117152             141011409014103144091550516602165561622315637145391322012098
1118151             114121108610925109781140212592144681530315214150511484114629
1118152             144111437814399146451576716633164601606115382142771286411668
1119151             108961044810241102201055511659135671451914746148411491614926
1119152             148391481914791149691582016342161001563614939138361250411365
1120151             1060410184 9957 98981018011178129971394714147141931418114094
1120152             139221388613847139681475115562152651479914269134911251611529
1121151             108151041910217101531032810829115941240513169134531337813213
1121152             129871282912827130901417815111148961447414025133411248411562
1122151             107851038510080 99891005110361108821155412476131031339713647
1122152             138011386813891141801518515730155041502614412134611241811454
1123151             108191049110355104551089312086140951504915148150201497214872
1123152             147321477614853151771636517426173491698716437153941416213005
1124151             122041171411527115481199413155150441592715904156661549115270
1124152             150641500214981152211627617197171341684816262152701397212779
1125151             120221158611407114431184412897145631554815751156131541315170
1125152             148851481814772149221593316815165631611815550146531349712288
1126151             113981086710565104461055510983116541248613421139991427414380
1126152             139841326012598122211261612906127991269012538121071149310748
1127151             10150 9819 9620 9606 978310331110891167012296127241283412814
1127152             127461267512660128611394814669143741389913386126681177310818
1128151             10057 9600 9318 9222 9313 9672103201110112136129251342113641
1128152             136931361613484136681452014941146791429213866132411237611472
1129151             107221034510141100901021210554111531181312604130551316413188
1129152             131701314513243136601511916197161871582515292143381327912259
1130151             115001109510948110181147212684144991558715719156521558515514
1130152             154051546815456156931681817692175911717616525154031395512682
1201151             118721147711303113241169512838147661564215741157551578515730
1201152             156451563815572158121684817521173331684916151149941347812206
1202151             113801089610675106501097312076139751501515297154511556315608
1202152             154741545715378156151656317098167921631915597144961303311708
1203151             108771040710179101431048511598135311456814701148001488414869
1203152             147881477014730149891614717061169421654315964149311350312263
1204151             114091097210757107761115812321142321517015210150831492014759
1204152             146061465214676149601601816568162591579115275145091337312232
1205151             113721091210696106251077111265121101290913562137411366013401
1205152             131681297112949132791451015460153241495914559139451308012099
1206151             113131082510611105511063910990115681222612951132761327513148
1206152             130391297413021134581499916013159391554415098140841276111614
1207151             109251058710464105321096012165141701519215352152251497614696
1207152             144891447314476147781610817196171011669716058149241345012132
1208151             113241088710705107191109812230142131531515532155981563715523
1208152             153521532415286155451673517493173441695616332152041370512331
1209151             114821105610843108501123312355143151527715396153691533115154
1209152             149861504715007152491651017317171411673416089149371338411988
1210151             111071062710372103511066811747136511473314849148661482914708
1210152             145001441714367145421573416639164861611015540145091305111791
1211151             108941043510191101781051011527134281452514782148101476714663
1211152             144811435714306145311566216344160301554914990141791303011839
1212151             108851034110053 99311003310480112891207512916132931324313093
1212152             129191279812842131661444615188149261454014060133591241311351
1213151             10515 9982 9662 9520 9573 9836103921105211936126711300813163
1213152             132381322813259135821499015853157521536014801137601255911311
1214151             10400 9928 9748 97741013811251132331441014737149221503715069
1214152             150121498814953151781630617084169011642415741145691306411697
1215151             107721026810005 99581025111250131381422114350143051432314266
1215152             142381434714362145931580416745166361620015598145511317911775
1216151             108741042610209102151058311719137211476914849147141462914531
1216152             143721440414448147801613117131170641672316173151291360612205
1217151             112841080910564105261084711952138481499615256153781548515484
1217152             153911543715421156831662516961168761644515813147451327611873
1218151             109351038610127100921040211420133341446514779149491507615097
1218152             149791497114939151431610916803165901614815660149051383012598
1219151             116851116110890108091094311407122341316414005143211438114296
1219152             141481407914150145061580116724165611617415764151431419713154
1220151             122001166911352112251130311608121691286313625139751403914004
1220152             139651387713914142421574116874168651657116127152001390812659
1221151             118551142411186112091163212717145541564215764156951568715588
1221152             153891533015274154741666817337171471674016108150101350512070
1222151             110771052010243101971051011555133671457714951151261526415389
1222152             153231533915299154481635916889166841623715614146061321711810
1223151             108621033010071100501037211366130711423714660148331489114876
1223152             147051465514653148981605116603164351601315454145491327611906
1224151             1085410242 9859 9714 986210470115881264913511141061439914517
1224152             144151428114119141271497215349145581380913324128761222011332
1225151             10463 9813 9466 9306 9336 9648102571097211758122041235812442
1225152             124391220911988119611271713258131161296612751122791149210568
1226151              9859 9408 9193 9136 9263 9637102741096111754123711260612619
1226152             125921249612565129271408314865147191436013933132541227411261
1227151             10403 9926 9651 9541 9576 9842103421095811854126761321913479
1227152             135991345513380134461456615264150811465614135133481233911375
1228151             106991034010241102791070011655130741416614814151161520315180
1228152             151201515115271156311690917774176361718916610156421434613117
1229151             122781183011633116281193212705139511496315723163761683117055
1229152             170171684516647166231745018157178321729316603155631427313047
1230151             121951171411481114611175112605139441496815660161161639016455
1230152             163031622316144162451713117695174291690516280152821400912774
1231151             118641130911013108991112311865130321396114550147901475914675
1231152             145101443614396146811583816558160591526614580138431309312392
