0101161             117071116110759105691061010912113511173212300129961346113748
0101162             139341399914021142581523315962157381532714857141941329712359
0102161             116271121210977109161102211445121161274213478139111410414084
0102162             139911385113857141371522216237160921567715225145231359612628
0103161             118171131011036109381100311270117771231813009134501365713827
0103162             139591390613887141161534716533164311601015418143941323412194
0104161             115481122911121112311167612887148851605616323164871654516575
0104162             165531659216582168741796619155191691881218231171191576314589
0105161             138611350913399134621391615056170081794917930177271753417294
0105162             169881685116742169501795219188191861883118215170981565714418
0106161             136711329513182131531356214685165861758017559170711670916349
0106162             159641580715728159161694418235182311784317231161151471313512
0107161             127851242512280123461275613899158721688016732164041612815833
0107162             155321540615344155341649017775177851745016866158471451013317
0108161             126051221212032120551242613481153791638216375162851621916072
0108162             158651578615696158191660417219168991635915737148661374712626
0109161             118061132711042109201100711446121811301813883145231477714764
0109162             146071441114235143171513315902156601516214628139211302512135
0110161             112801078510475103431038610660111761188412803136831429114675
0110162             148291472314640146851533615899156241503714307133111222011253
0111161             106751040310359104691099512238143191545515548154791549615453
0111162             153951545615484157681676218107181221772017090160121463013485
0112161             127701240912255123001273313884158871688116787165161633216172
0112162             160571611716116162881718318172180821755716815156321429513114
0113161             124251210411998121321256313762157541676416837168201683416731
0113162             165751651516448166461758918896188511843917764166711524514016
0114161             132881289312736127611310114213161651726517348172681696216583
0114162             162941622316156163781722018406183641793317291162321486313662
0115161             128421240512180121811254113618154801649916649166291643816176
0115162             159591577815636156611633917091167821627915663148221374212636
0116161             118201131511051109491105511466122211311314094149201532615320
0116162             150661480114602145821517015883157061510614804140721319412273
0117161             115281108410859108031092411256118531245613220138561434114626
0117162             147851481814822150291587216660164991600115517146681371612740
0118161             120821169911556116101196612804141091515215952164391669616780
0118162             166731668016665168321766418969189011849817849167051537214228
0119161             135521321813093131571358414769167761775117751176731765917600
0119162             174831746317446175901822419414194211900918337171271566414439
0120161             136981328413123131541351214624165651752417454172001695216672
0120162             164021632116259164781732818588185751816417497163581494213765
0121161             130291268912541126031300814184161641716617048167641653816321
0121162             160551596415925161741703718391184671811817512164791517814035
0122161             133541302412916129921338714490163701732517255169881675216512
0122162             162561620416279164661714018041178571735116761159591489513816
0123161             130521259012362122891239912794135691445315427162211661316789
0123162             168121667416544165921715818001177821725016597157781476613782
0124161             130431256112349122931242912714133041391614648150991521815206
0124162             150781489914859149341561316839167131664516014150021379012762
0125161             121461183111789119241232313589155961659916539163181610615835
0125162             155541539915350155321629917708177871736316654155841423513092
0126161             123481202111849118821227413438153331622016176160401595815761
0126162             155061531315164153161609017201171331662715945148421344412226
0127161             115271115610975109541132612435143641543915537155361549415313
0127162             150321496914973151691584317114172451690516311153271402512906
0128161             122971196611858119541241413600156561655116365159951566015354
0128162             151251506014957151821592117187172911692216304152371394612766
0129161             119851159511393114041177312801146301574915833157811570815534
0129162             154381544815320153561583616741166501620415661148551382412789
0130161             120221165111441113891153211982127841355514220144691454714360
0130162             141391382713655138551448815669157171530914817141261322912295
0131161             115751107710848107281077511088116091217012924134171340313338
0131162             132581310613005131681384515257154921504114427135261241811400
0201161             106881038410255103191075611874138291476714798146491454014482
0201162             144091433414250143961507416273162971587115160141261284611714
0202161             110651066510610106791112112336143491526015116148381461114378
0202162             141691410714022141681484616207165071615315587145301323512096
0203161             114291106510876109071130312380143241535115555157241585315849
0203162             157631571015577155881607416768166201604915253141031272011517
0204161             107421033010079100501036211503134241435714594146861468714614
0204162             146421473614528145151472415493150781456814073132241212411468
0205161             111211074810605106441106012171138131497415669162821667216855
0205162             166731645916032157391595516911171171662416056152051417313166
0206161             124871207711903118461200012463132241398414703150341503014804
0206162             144671418914002140851459415824161061567715219145551371112812
0207161             121211166411443113621145211742123161305413599139471400513963
0207162             138461367313595138261455815943159881528414756141081330012259
0208161             115951122611101112021168912823144731560916267168091724317533
0208162             175831749417245171251748618614186511805017220160301470513554
0209161             128751251612361124071276113847156061652016848168701678116661
0209162             164541632116099160601651917713180171763016998159221461213447
0210161             127491240012243122881264613726155611646416587165591647816262
0210162             160371599015900159251630617396176681729116699156961438213237
0211161             125501216412017121011249713633155551651616663166911665316617
0211162             165551652416466166021719718455190151881118364173831608214949
0212161             142751392813784138191418615272171051797717982177691756117178
0212162             169371682516762168791731918266183981794717395165541544814438
0213161             137511332713106130361314913530142631501915842162981637616275
0213162             161301594515915161611685318247188541868918369177501697516132
0214161             155541522615078150731518415549161211674817543179811809518041
0214162             178461749417258173091784219025194991908918547176691672115817
0215161             151691484914730147701507315836169831781918265184811860618565
0215162             184761831518234182731867319524194911892018098169151556614361
0216161             135441304812756126121284813651149201571916179164001645016395
0216162             163521632916191161521649717155170741648615735146231341012307
0217161             116581135111224112611164312685143661533515504153961529215189
0217162             150761506314996151111563216708171491679916217152521401612902
0218161             122191187011746117981220513268149231583815923158051565915502
0218162             153051520615135153051589917139177221742816908160191485513749
0219161             130841274312595126601305214086156601647616424161591588815589
0219162             153341529215306153591575216659168861641715852150291400712913
0220161             121661168511392112601132911664123071304513882142191400813673
0220162             134581321512985129451330714259147281435313877132001237011474
0221161             107991037810142100481013110458109271145712107126311289113068
0221162             131121302312929129891354314721152981493814357133801234411383
0222161             107801048010391104821094212163140281488714820146241454014401
0222162             142151411614028141671475615988167091639315809148241358112516
0223161             118951157911450115141190713060148931577515887158291579715752
0223162             155901561515636157601624517187175411706416339152181385112706
0224161             119481155011354113221167712680144421543415836159561607816070
0224162             159731598715944159871630416990170171646915698145831316411960
0225161             111241063210352102491049211448131541406714244143031442714363
0225162             142521423014198144081492515731160251570715138141961302611971
0226161             112961095110821108691127112386141311506315172150291492214774
0226162             145981451614435145761509816121168281653016070153361434613362
0227161             126631229112082120361218712634132641390614403145801449314202
0227162             138451350913331134501397314996157071540214966142811339412448
0228161             117251125910988108641093311214116631224612895131441308613007
0228162             128491259712482126511319114280151861488114301133661229111372
0229161             107451040610278103321074711909136181441814373142491437114515
0229162             145311448214277141851446715325161221576615118140631277411655
0301161             109591056210446105141098612230140141482714734145831458714429
0301162             141801409913998140791454415573164321615015564144821319712004
0302161             112771086410665106321094411956137121478915079150971506714951
0302162             147921466714501145641512916214171561698216459154951424013151
0303161             125451222912095121361255613737154891620716062157751561715388
0303162             151551498714843149511549916501172901704616551155561429013181
0304161             124691208511920119491230013377151091603216308164091639216132
0304162             158591576515654156411579716620170491667416169153291425213231
0305161             124771206911849118161197212467130491375514280144531440214219
0305162             139741368413526137211420315007157121540714969143191345912544
0306161             118711148111265112081132411671121031263713093133401334413264
0306162             131511292912790129351353814628157301557215070141331306412104
0307161             115041124711167112621169012880145261528915389155361550115353
0307162             150561489014832149281525315978164871607315355142231293111786
0308161             111491081510667107161114712299139591464914507142911415414030
0308162             138131374313617136671408214886158281556114946138921259111476
0309161             107771045110303103091066511762134201423414157139291389913847
0309162             137981382813817138641410614626154501517514480134101209710962
0310161             10283 9886 9643 9632 991910953126411369114026142021437814456
0310162             144551449314370143921463915197155551514714480134101212410951
0311161             10224 9801 9573 9556 986410851125431357013828139091395213803
0311162             135361338513255132161346613955146961442513936131911222411262
0312161             105901021610014 99751015810610112011190812413125971258212420
0312162             121691194811872119481233213058139391367613239125531168510809
0313161             10192 9983 9773 9584 9553 9724101451056911191116361185311939
0313162             119061177111643116951202112596133031404013684128091169810677
0314161              9945 9588 9451 9486 984310826128491404714420146661489215000
0314162             150261500914876148921513015580159341612215497144181306711871
0315161             110861067710464104251069011711135451468414941150501511315064
0315162             148791479314604145361469115060153421563315144141221278811611
0316161             108231041410232102101052011530133871440714524144711439214212
0316162             139721383313626135571368113976145171510914696137541246211289
0317161             1051810116 9917 98741018211190130701412014295142101395413779
0317162             136841377113704136291381614056143401477614482135941238311290
0318161             105801020910028100211033911298131051409714161141191412414043
0318162             139701385813720136041365813844140991466314450137741282911830
0319161             111051069610531104871063611091118961265313247134911344613222
0319162             129151255912301122311239012855133691413114065135751280711943
0320161             112911090510739107021078211082116371220712778130841314613139
0320162             130781298312911129621322313820144181509014757138451272811731
0321161             110961080310729108171120712223138021491115602158061578015608
0321162             152531496814637143221435114764151581587015595146101329112159
0322161             114611110510977110281139312485143961530515211149661471014454
0322162             141481396213709136141381414259147011543215182142321288311682
0323161             109391053210312102671057311574134441450314705147511464814460
0323162             141581399213815136791387814312146371504414678136951240111281
0324161             105851021510036100611041611501133811441614540145121449014458
0324162             143601436014279142301440314743150811547815114142211297611858
0325161             110661063110410103381056911377127451378614458148841509315063
0325162             148421462814303139861397714189142681446414134133931244611471
0326161             107531032510128100761019210562112681206912978134881354313396
0326162             131121271512266120381215812584130481382313881133581253111602
0327161             108431038910145100341008210341108451160612562132271336913114
0327162             125601184911284111031123111651122761341113596129311191510979
0328161             1035810043 9897 99341029011362132661448914985152431548415549
0328162             154551532615060148831489615121152701559615187141311277711600
0329161             108731050610361103761072911804136481459714702146081450514272
0329162             140231388513654135461373114141145851534015282143331299711847
0330161             111401078710641106641105612188140611489914718144001413713876
0330162             135981345513263131811339613790141691496914859139171260011484
0331161             107501035010118101101043211476132331408914070139611396113945
0331162             137541367513533134681358813807140061462714408134771217111010
